# omegabh2 omegach2 theta tau nnu logA ns calPlanck acib217 xi asz143 aps100 aps143 aps143217 aps217 aksz kgal100 kgal143 kgal143217 kgal217 galfEE100 galfEE100143 galfEE100217 galfEE143 galfEE143217 galfEE217 galfTE100 galfTE100143 galfTE100217 galfTE143 galfTE143217 galfTE217 cal0 cal2
    0.3695563E-07    0.5796861E-07    0.9663002E-09    0.1417685E-05    0.1489549E-04    0.3041540E-05    0.9499026E-06    0.1048690E-07   -0.4259198E-04    0.6538544E-06    0.2146172E-04   -0.2397025E-03   -0.1240646E-03   -0.1054732E-04    0.1901089E-04   -0.2469380E-04    0.3379576E-05    0.9721182E-06   -0.1372495E-04   -0.2510633E-04    0.1227436E-06    0.4390261E-07   -0.1464243E-07    0.7340255E-07    0.2624532E-08    0.5784371E-07   -0.4059464E-06   -0.2079260E-06   -0.1738120E-06   -0.2248895E-06   -0.3409002E-06   -0.1530272E-05    0.3924861E-08   -0.1080939E-07
    0.5796861E-07    0.5487135E-05   -0.5043494E-06   -0.4204104E-05    0.2374858E-03    0.3746427E-05    0.3635997E-05   -0.1672413E-06    0.1573591E-02   -0.3709090E-04   -0.3575584E-03    0.6068168E-02    0.3042859E-02    0.3892318E-03   -0.6566299E-03    0.6266176E-03    0.4610668E-04    0.9408353E-04    0.1144881E-03   -0.2574766E-03   -0.7234412E-06   -0.2943747E-06   -0.2530046E-06   -0.2952434E-06   -0.1010907E-05   -0.1560750E-05    0.4511131E-05    0.1138138E-05   -0.8240302E-05   -0.6134515E-06    0.2036375E-05    0.1049753E-04   -0.4795263E-07    0.1468218E-06
    0.9663002E-09   -0.5043494E-06    0.1330686E-06    0.4719938E-06   -0.2328787E-04   -0.5777384E-07   -0.2971458E-06    0.2834635E-07   -0.1422240E-03    0.4117956E-05    0.3016554E-04   -0.6020319E-03   -0.2894429E-03   -0.3543113E-04    0.4490885E-04   -0.5782232E-04   -0.5918045E-05   -0.8653959E-05   -0.7377771E-05    0.2945870E-04    0.5910211E-07    0.5638963E-08    0.2111836E-07    0.9993874E-08    0.1024165E-06    0.5780263E-06   -0.5380092E-06   -0.9496976E-07    0.6620357E-06    0.1286526E-06   -0.5440752E-06   -0.1600029E-05    0.3023600E-08   -0.1012342E-07
    0.1417685E-05   -0.4204104E-05    0.4719938E-06    0.3290072E-03    0.5356755E-03    0.6432792E-03    0.6038839E-04   -0.1410941E-05   -0.1133903E-01    0.2518395E-03    0.2497884E-02   -0.4582573E-01   -0.1320661E-01    0.5367351E-02    0.1158146E-01   -0.5127350E-02   -0.9829654E-04   -0.6664501E-03   -0.2193296E-02   -0.9060352E-03    0.5509488E-05    0.2447471E-05    0.4782202E-06    0.4612543E-05    0.9061274E-06    0.2373451E-05   -0.3924841E-04   -0.8080430E-05   -0.1462658E-04   -0.1540018E-05   -0.2075066E-04   -0.8611091E-04   -0.2252462E-07   -0.1665949E-05
    0.1489549E-04    0.2374858E-03   -0.2328787E-04    0.5356755E-03    0.1774900E-01    0.1582949E-02    0.6884878E-03   -0.5333192E-05    0.8584422E-01   -0.1687141E-02   -0.1424641E-01    0.2664282E+00    0.1268629E+00    0.5409241E-02   -0.5799541E-01    0.3372906E-01    0.6835184E-02    0.8630495E-02    0.5160250E-02   -0.2895133E-01    0.3614440E-04    0.1559787E-04   -0.1455464E-04    0.3033389E-04   -0.5045368E-04   -0.8110321E-04    0.8675163E-04   -0.9175368E-05   -0.2658898E-03   -0.1152065E-03   -0.9410571E-05   -0.1006395E-03   -0.2797024E-05    0.4153093E-05
    0.3041540E-05    0.3746427E-05   -0.5777384E-07    0.6432792E-03    0.1582949E-02    0.1312992E-02    0.1254894E-03    0.9266206E-05   -0.1908106E-01    0.4562119E-03    0.4354300E-02   -0.7353924E-01   -0.1759730E-01    0.1491809E-01    0.2794478E-01   -0.9962392E-02   -0.4982605E-03   -0.1738998E-02   -0.4431765E-02   -0.7362136E-03    0.1147719E-04    0.4363601E-05    0.1535717E-06    0.8915709E-05    0.7477863E-06   -0.3506368E-05   -0.6828729E-04   -0.1500588E-04   -0.5098633E-04   -0.5288654E-05   -0.4234312E-04   -0.1481080E-03    0.1139323E-06   -0.3033578E-05
    0.9499026E-06    0.3635997E-05   -0.2971458E-06    0.6038839E-04    0.6884878E-03    0.1254894E-03    0.5051931E-04   -0.7533703E-07   -0.2489647E-02    0.7221764E-04    0.8950544E-03   -0.1847641E-01   -0.2801338E-02    0.3271610E-02    0.4217206E-02   -0.1597169E-02    0.6006153E-03    0.2544426E-03   -0.1069936E-03   -0.2033742E-03    0.6977614E-05    0.2748351E-05   -0.4994680E-06    0.3806710E-05   -0.1627467E-05    0.1237894E-05   -0.5648370E-05   -0.3189596E-05    0.7823826E-06   -0.4722107E-05   -0.2372785E-05   -0.2720320E-04   -0.2585113E-06   -0.4276972E-06
    0.1048690E-07   -0.1672413E-06    0.2834635E-07   -0.1410941E-05   -0.5333192E-05    0.9266206E-05   -0.7533703E-07    0.6138453E-05    0.8771219E-03   -0.2205702E-05    0.4391826E-04    0.3237939E-02    0.6246070E-03    0.4802270E-03    0.1247727E-02   -0.1134211E-03   -0.7582930E-04   -0.3310360E-04    0.5475647E-04    0.7520969E-03    0.1511239E-05    0.2896428E-06   -0.5937987E-08    0.4563109E-06    0.4571892E-06   -0.1944034E-05    0.4646212E-07   -0.3503572E-06   -0.2076544E-05    0.1032761E-06   -0.1917013E-05    0.1370048E-05    0.5608097E-08    0.2268441E-07
   -0.4259198E-04    0.1573591E-02   -0.1422240E-03   -0.1133903E-01    0.8584422E-01   -0.1908106E-01   -0.2489647E-02    0.8771219E-03    0.4944696E+02   -0.4711866E+00   -0.1527543E+01    0.4615563E+02    0.1269740E+01   -0.2075119E+02   -0.6647568E+02    0.4033328E+00   -0.1455330E+00    0.3770979E+00   -0.3399288E+01   -0.2611171E+02   -0.7076745E-03   -0.3053137E-03   -0.1163078E-02   -0.1912486E-03    0.5359699E-03   -0.2351103E-02   -0.3605390E-03    0.1970922E-03   -0.1217292E-02    0.9527467E-03   -0.7192533E-02   -0.1089901E-01   -0.1388135E-03    0.4372467E-02
    0.6538544E-06   -0.3709090E-04    0.4117956E-05    0.2518395E-03   -0.1687141E-02    0.4562119E-03    0.7221764E-04   -0.2205702E-05   -0.4711866E+00    0.8140455E-01   -0.7952492E-01   -0.4424375E+00    0.9183304E+00    0.1686686E+01    0.6739572E+00    0.8347774E-01   -0.1362947E-02    0.6502753E-02    0.9789120E-01    0.1162311E+00    0.2089532E-04    0.7218908E-05    0.5132433E-04    0.1379641E-05   -0.4012085E-04   -0.1613371E-03   -0.2527510E-04   -0.4444760E-04   -0.5716403E-04   -0.1298700E-03    0.1789718E-03    0.9334102E-05    0.6163656E-05   -0.1404761E-04
    0.2146172E-04   -0.3575584E-03    0.3016554E-04    0.2497884E-02   -0.1424641E-01    0.4354300E-02    0.8950544E-03    0.4391826E-04   -0.1527543E+01   -0.7952492E-01    0.3871829E+01   -0.2967671E+02   -0.3655343E+01    0.8124617E+01    0.7095946E+01   -0.2980995E+01   -0.2161269E+00    0.5207367E-01    0.2442285E+01    0.2006599E+01    0.2504515E-03   -0.6882758E-05   -0.7445965E-04    0.2136868E-03    0.1765116E-03    0.7477617E-03    0.1298831E-02    0.7853274E-03    0.7519712E-02   -0.7751364E-03    0.7077943E-03    0.2955546E-02    0.2092241E-03   -0.3790700E-03
   -0.2397025E-03    0.6068168E-02   -0.6020319E-03   -0.4582573E-01    0.2664282E+00   -0.7353924E-01   -0.1847641E-01    0.3237939E-02    0.4615563E+02   -0.4424375E+00   -0.2967671E+02    0.7222400E+03    0.6974084E+02   -0.6063191E+02   -0.7674093E+02    0.1487396E+02   -0.1784770E+00   -0.1188681E+00   -0.1423906E+02   -0.2348690E+02   -0.6282653E-02   -0.1024020E-02   -0.1207273E-02   -0.2483707E-02    0.4696555E-02   -0.1192380E-01    0.3502730E-01   -0.7075846E-02   -0.3532190E-01    0.1048890E-01   -0.2618239E-01   -0.3548210E-01    0.4325754E-02    0.4318271E-02
   -0.1240646E-03    0.3042859E-02   -0.2894429E-03   -0.1320661E-01    0.1268629E+00   -0.1759730E-01   -0.2801338E-02    0.6246070E-03    0.1269740E+01    0.9183304E+00   -0.3655343E+01    0.6974084E+02    0.5835870E+02    0.4078453E+02    0.1678588E+02   -0.4639967E+01   -0.2487040E+00   -0.8207324E+00    0.4136482E+01    0.3761816E+01   -0.1436022E-02   -0.4116189E-03    0.1122722E-02   -0.5530161E-03    0.7822373E-03   -0.3730164E-02    0.2683476E-02    0.2181506E-02   -0.1078103E-01    0.1142068E-02    0.4588797E-03    0.1224627E-01    0.1715790E-03    0.2350943E-03
   -0.1054732E-04    0.3892318E-03   -0.3543113E-04    0.5367351E-02    0.5409241E-02    0.1491809E-01    0.3271610E-02    0.4802270E-03   -0.2075119E+02    0.1686686E+01    0.8124617E+01   -0.6063191E+02    0.4078453E+02    0.9216624E+02    0.6628686E+02   -0.1290827E+02   -0.5387582E+00   -0.3282527E+00    0.5286668E+01    0.6785834E+01    0.3899294E-03   -0.4936742E-04    0.1497091E-02    0.1700180E-03    0.4502191E-03   -0.3411465E-02    0.4110874E-02    0.2248861E-02    0.2609248E-01   -0.2772619E-02    0.7486523E-02    0.2749874E-01    0.7962445E-03   -0.2440250E-02
    0.1901089E-04   -0.6566299E-03    0.4490885E-04    0.1158146E-01   -0.5799541E-01    0.2794478E-01    0.4217206E-02    0.1247727E-02   -0.6647568E+02    0.6739572E+00    0.7095946E+01   -0.7674093E+02    0.1678588E+02    0.6628686E+02    0.1268309E+03   -0.1132493E+02   -0.2366439E+00   -0.6647914E+00    0.1739026E+01    0.2384301E+02    0.6681127E-03    0.1486441E-03    0.1544723E-02    0.1392330E-03    0.2790531E-03    0.3234553E-02    0.5245528E-02    0.2168469E-02    0.1185591E-01   -0.1110021E-02    0.1200465E-01    0.3416886E-01    0.6070180E-03   -0.7564518E-02
   -0.2469380E-04    0.6266176E-03   -0.5782232E-04   -0.5127350E-02    0.3372906E-01   -0.9962392E-02   -0.1597169E-02   -0.1134211E-03    0.4033328E+00    0.8347774E-01   -0.2980995E+01    0.1487396E+02   -0.4639967E+01   -0.1290827E+02   -0.1132493E+02    0.6678304E+01    0.1526572E+00   -0.5420044E-01   -0.2130305E+01   -0.1630130E+01   -0.5535585E-03   -0.1378569E-03   -0.5231790E-04   -0.1790904E-03   -0.5997553E-03   -0.1259170E-02   -0.4006374E-03   -0.4522913E-03   -0.6868054E-02   -0.5112201E-03   -0.4128785E-05   -0.2553671E-02   -0.1595748E-03    0.2124008E-03
    0.3379576E-05    0.4610668E-04   -0.5918045E-05   -0.9829654E-04    0.6835184E-02   -0.4982605E-03    0.6006153E-03   -0.7582930E-04   -0.1455330E+00   -0.1362947E-02   -0.2161269E+00   -0.1784770E+00   -0.2487040E+00   -0.5387582E+00   -0.2366439E+00    0.1526572E+00    0.3158676E+01    0.7739479E+00    0.2573991E+00    0.4317277E+00   -0.1621357E-03    0.3185298E-04    0.3231940E-03    0.8123374E-04    0.1914731E-04    0.8732912E-03   -0.3162229E-02    0.2834684E-03    0.9464098E-03   -0.1492608E-03    0.1166039E-02   -0.2017128E-02    0.4319775E-03   -0.1951774E-05
    0.9721182E-06    0.9408353E-04   -0.8653959E-05   -0.6664501E-03    0.8630495E-02   -0.1738998E-02    0.2544426E-03   -0.3310360E-04    0.3770979E+00    0.6502753E-02    0.5207367E-01   -0.1188681E+00   -0.8207324E+00   -0.3282527E+00   -0.6647914E+00   -0.5420044E-01    0.7739479E+00    0.3073167E+01    0.2375466E+01    0.1356863E+01   -0.1076532E-04   -0.1918966E-04    0.4094024E-04    0.2440480E-04   -0.8264210E-04   -0.3235916E-03    0.2904890E-02    0.1480547E-03    0.1590989E-02    0.3914103E-03    0.5857046E-03   -0.3135609E-02   -0.4287658E-03   -0.1949712E-03
   -0.1372495E-04    0.1144881E-03   -0.7377771E-05   -0.2193296E-02    0.5160250E-02   -0.4431765E-02   -0.1069936E-03    0.5475647E-04   -0.3399288E+01    0.9789120E-01    0.2442285E+01   -0.1423906E+02    0.4136482E+01    0.5286668E+01    0.1739026E+01   -0.2130305E+01    0.2573991E+00    0.2375466E+01    0.1766012E+02    0.2704734E+02   -0.6984832E-04   -0.3086272E-04    0.2872646E-03    0.9931373E-04    0.1164382E-03    0.4442110E-03    0.4912180E-02    0.2228052E-02   -0.1388223E-02    0.1392877E-03   -0.1565692E-03   -0.2800370E-02   -0.1080393E-03    0.2377764E-02
   -0.2510633E-04   -0.2574766E-03    0.2945870E-04   -0.9060352E-03   -0.2895133E-01   -0.7362136E-03   -0.2033742E-03    0.7520969E-03   -0.2611171E+02    0.1162311E+00    0.2006599E+01   -0.2348690E+02    0.3761816E+01    0.6785834E+01    0.2384301E+02   -0.1630130E+01    0.4317277E+00    0.1356863E+01    0.2704734E+02    0.6216687E+02    0.5998993E-03    0.2640730E-03    0.6597017E-03    0.5362341E-04   -0.9175105E-04   -0.1991384E-02    0.3585553E-02    0.2031614E-02   -0.1955891E-02    0.1396146E-02    0.4520746E-03   -0.3372258E-02   -0.1157553E-03    0.4256319E-02
    0.1227436E-06   -0.7234412E-06    0.5910211E-07    0.5509488E-05    0.3614440E-04    0.1147719E-04    0.6977614E-05    0.1511239E-05   -0.7076745E-03    0.2089532E-04    0.2504515E-03   -0.6282653E-02   -0.1436022E-02    0.3899294E-03    0.6681127E-03   -0.5535585E-03   -0.1621357E-03   -0.1076532E-04   -0.6984832E-04    0.5998993E-03    0.1247701E-03    0.1061150E-04    0.8542661E-07    0.2930866E-05   -0.2061477E-05   -0.2196688E-05   -0.1596868E-04   -0.5915141E-05   -0.7861669E-05   -0.4606009E-06   -0.2984598E-05    0.2850442E-04   -0.1674586E-06   -0.4839042E-07
    0.4390261E-07   -0.2943747E-06    0.5638963E-08    0.2447471E-05    0.1559787E-04    0.4363601E-05    0.2748351E-05    0.2896428E-06   -0.3053137E-03    0.7218908E-05   -0.6882758E-05   -0.1024020E-02   -0.4116189E-03   -0.4936742E-04    0.1486441E-03   -0.1378569E-03    0.3185298E-04   -0.1918966E-04   -0.3086272E-04    0.2640730E-03    0.1061150E-04    0.1386733E-04   -0.1493786E-06    0.6345798E-05   -0.7776759E-06    0.2108900E-05   -0.1249562E-05   -0.1006106E-05   -0.1647764E-05   -0.1342609E-05   -0.1673579E-05    0.1317356E-05   -0.3761629E-07    0.9283601E-08
   -0.1464243E-07   -0.2530046E-06    0.2111836E-07    0.4782202E-06   -0.1455464E-04    0.1535717E-06   -0.4994680E-06   -0.5937987E-08   -0.1163078E-02    0.5132433E-04   -0.7445965E-04   -0.1207273E-02    0.1122722E-02    0.1497091E-02    0.1544723E-02   -0.5231790E-04    0.3231940E-03    0.4094024E-04    0.2872646E-03    0.6597017E-03    0.8542661E-07   -0.1493786E-06    0.2217459E-03    0.5909755E-06   -0.2651467E-05   -0.3800927E-05   -0.3352136E-05   -0.1977595E-05    0.2144199E-04   -0.1940700E-05    0.3094288E-05    0.9709904E-05    0.5553473E-07   -0.1425400E-06
    0.7340255E-07   -0.2952434E-06    0.9993874E-08    0.4612543E-05    0.3033389E-04    0.8915709E-05    0.3806710E-05    0.4563109E-06   -0.1912486E-03    0.1379641E-05    0.2136868E-03   -0.2483707E-02   -0.5530161E-03    0.1700180E-03    0.1392330E-03   -0.1790904E-03    0.8123374E-04    0.2440480E-04    0.9931373E-04    0.5362341E-04    0.2930866E-05    0.6345798E-05    0.5909755E-06    0.2983684E-04   -0.1238421E-05    0.5107725E-07   -0.1576816E-05   -0.2037720E-05   -0.2824465E-05   -0.1714077E-05   -0.4158978E-05   -0.6275043E-05   -0.1016545E-07   -0.4709038E-07
    0.2624532E-08   -0.1010907E-05    0.1024165E-06    0.9061274E-06   -0.5045368E-04    0.7477863E-06   -0.1627467E-05    0.4571892E-06    0.5359699E-03   -0.4012085E-04    0.1765116E-03    0.4696555E-02    0.7822373E-03    0.4502191E-03    0.2790531E-03   -0.5997553E-03    0.1914731E-04   -0.8264210E-04    0.1164382E-03   -0.9175105E-04   -0.2061477E-05   -0.7776759E-06   -0.2651467E-05   -0.1238421E-05    0.3907150E-03   -0.3229262E-05    0.6748986E-05    0.2888924E-05   -0.3233419E-04   -0.5703517E-05   -0.2655336E-04   -0.4934263E-04    0.4381751E-08    0.3335207E-07
    0.5784371E-07   -0.1560750E-05    0.5780263E-06    0.2373451E-05   -0.8110321E-04   -0.3506368E-05    0.1237894E-05   -0.1944034E-05   -0.2351103E-02   -0.1613371E-03    0.7477617E-03   -0.1192380E-01   -0.3730164E-02   -0.3411465E-02    0.3234553E-02   -0.1259170E-02    0.8732912E-03   -0.3235916E-03    0.4442110E-03   -0.1991384E-02   -0.2196688E-05    0.2108900E-05   -0.3800927E-05    0.5107725E-07   -0.3229262E-05    0.3530078E-02   -0.3296948E-04   -0.3802690E-05   -0.5452139E-06   -0.9093843E-05    0.1021494E-04   -0.2081550E-04   -0.2933735E-08   -0.1032558E-05
   -0.4059464E-06    0.4511131E-05   -0.5380092E-06   -0.3924841E-04    0.8675163E-04   -0.6828729E-04   -0.5648370E-05    0.4646212E-07   -0.3605390E-03   -0.2527510E-04    0.1298831E-02    0.3502730E-01    0.2683476E-02    0.4110874E-02    0.5245528E-02   -0.4006374E-03   -0.3162229E-02    0.2904890E-02    0.4912180E-02    0.3585553E-02   -0.1596868E-04   -0.1249562E-05   -0.3352136E-05   -0.1576816E-05    0.6748986E-05   -0.3296948E-04    0.5771588E-02    0.1795458E-02    0.1611363E-02   -0.7230834E-03   -0.1451383E-03    0.3790395E-04    0.2110940E-05   -0.1364110E-06
   -0.2079260E-06    0.1138138E-05   -0.9496976E-07   -0.8080430E-05   -0.9175368E-05   -0.1500588E-04   -0.3189596E-05   -0.3503572E-06    0.1970922E-03   -0.4444760E-04    0.7853274E-03   -0.7075846E-02    0.2181506E-02    0.2248861E-02    0.2168469E-02   -0.4522913E-03    0.2834684E-03    0.1480547E-03    0.2228052E-02    0.2031614E-02   -0.5915141E-05   -0.1006106E-05   -0.1977595E-05   -0.2037720E-05    0.2888924E-05   -0.3802690E-05    0.1795458E-02    0.1200756E-02    0.7932256E-03    0.1812343E-03    0.1163872E-04   -0.1558922E-03   -0.2054613E-06    0.1790481E-06
   -0.1738120E-06   -0.8240302E-05    0.6620357E-06   -0.1462658E-04   -0.2658898E-03   -0.5098633E-04    0.7823826E-06   -0.2076544E-05   -0.1217292E-02   -0.5716403E-04    0.7519712E-02   -0.3532190E-01   -0.1078103E-01    0.2609248E-01    0.1185591E-01   -0.6868054E-02    0.9464098E-03    0.1590989E-02   -0.1388223E-02   -0.1955891E-02   -0.7861669E-05   -0.1647764E-05    0.2144199E-04   -0.2824465E-05   -0.3233419E-04   -0.5452139E-06    0.1611363E-02    0.7932256E-03    0.3226960E-01   -0.5543009E-03    0.1361978E-02    0.1083116E-01   -0.1260399E-05   -0.3273521E-06
   -0.2248895E-06   -0.6134515E-06    0.1286526E-06   -0.1540018E-05   -0.1152065E-03   -0.5288654E-05   -0.4722107E-05    0.1032761E-06    0.9527467E-03   -0.1298700E-03   -0.7751364E-03    0.1048890E-01    0.1142068E-02   -0.2772619E-02   -0.1110021E-02   -0.5112201E-03   -0.1492608E-03    0.3914103E-03    0.1392877E-03    0.1396146E-02   -0.4606009E-06   -0.1342609E-05   -0.1940700E-05   -0.1714077E-05   -0.5703517E-05   -0.9093843E-05   -0.7230834E-03    0.1812343E-03   -0.5543009E-03    0.1380759E-02    0.1957670E-03   -0.3488051E-03   -0.3069294E-06    0.6353830E-06
   -0.3409002E-06    0.2036375E-05   -0.5440752E-06   -0.2075066E-04   -0.9410571E-05   -0.4234312E-04   -0.2372785E-05   -0.1917013E-05   -0.7192533E-02    0.1789718E-03    0.7077943E-03   -0.2618239E-01    0.4588797E-03    0.7486523E-02    0.1200465E-01   -0.4128785E-05    0.1166039E-02    0.5857046E-03   -0.1565692E-03    0.4520746E-03   -0.2984598E-05   -0.1673579E-05    0.3094288E-05   -0.4158978E-05   -0.2655336E-04    0.1021494E-04   -0.1451383E-03    0.1163872E-04    0.1361978E-02    0.1957670E-03    0.5017470E-02    0.3907738E-02   -0.3022180E-06   -0.1271450E-05
   -0.1530272E-05    0.1049753E-04   -0.1600029E-05   -0.8611091E-04   -0.1006395E-03   -0.1481080E-03   -0.2720320E-04    0.1370048E-05   -0.1089901E-01    0.9334102E-05    0.2955546E-02   -0.3548210E-01    0.1224627E-01    0.2749874E-01    0.3416886E-01   -0.2553671E-02   -0.2017128E-02   -0.3135609E-02   -0.2800370E-02   -0.3372258E-02    0.2850442E-04    0.1317356E-05    0.9709904E-05   -0.6275043E-05   -0.4934263E-04   -0.2081550E-04    0.3790395E-04   -0.1558922E-03    0.1083116E-01   -0.3488051E-03    0.3907738E-02    0.3576751E-01   -0.1127098E-05   -0.3973093E-05
    0.3924861E-08   -0.4795263E-07    0.3023600E-08   -0.2252462E-07   -0.2797024E-05    0.1139323E-06   -0.2585113E-06    0.5608097E-08   -0.1388135E-03    0.6163656E-05    0.2092241E-03    0.4325754E-02    0.1715790E-03    0.7962445E-03    0.6070180E-03   -0.1595748E-03    0.4319775E-03   -0.4287658E-03   -0.1080393E-03   -0.1157553E-03   -0.1674586E-06   -0.3761629E-07    0.5553473E-07   -0.1016545E-07    0.4381751E-08   -0.2933735E-08    0.2110940E-05   -0.2054613E-06   -0.1260399E-05   -0.3069294E-06   -0.3022180E-06   -0.1127098E-05    0.5374403E-06    0.9318713E-08
   -0.1080939E-07    0.1468218E-06   -0.1012342E-07   -0.1665949E-05    0.4153093E-05   -0.3033578E-05   -0.4276972E-06    0.2268441E-07    0.4372467E-02   -0.1404761E-04   -0.3790700E-03    0.4318271E-02    0.2350943E-03   -0.2440250E-02   -0.7564518E-02    0.2124008E-03   -0.1951774E-05   -0.1949712E-03    0.2377764E-02    0.4256319E-02   -0.4839042E-07    0.9283601E-08   -0.1425400E-06   -0.4709038E-07    0.3335207E-07   -0.1032558E-05   -0.1364110E-06    0.1790481E-06   -0.3273521E-06    0.6353830E-06   -0.1271450E-05   -0.3973093E-05    0.9318713E-08    0.2053505E-05
