# omegabh2 omegach2 theta tau ns nrun logA r aps100 aps143 aps217 acib143 acib217 asz143 psr cibr ncib cal0 cal2 xi aksz bm_1_1 bm_1_2 bm_1_3 bm_1_4 bm_1_5 bm_2_1 bm_2_2 bm_2_3 bm_2_4 bm_2_5 bm_3_1 bm_3_2 bm_3_3 bm_3_4 bm_3_5 bm_4_1 bm_4_2 bm_4_3 bm_4_4 bm_4_5
    0.26936E-06   -0.11322E-05    0.23221E-06    0.24194E-04    0.46730E-05   -0.70019E-05    0.46978E-04    0.35584E-05   -0.17632E-02   -0.83284E-03   -0.40897E-03   -0.15979E-03   -0.24457E-03    0.26013E-04   -0.64033E-06   -0.52186E-05   -0.24978E-05    0.37167E-08   -0.63055E-08    0.48688E-05   -0.36278E-04   -0.94762E-05   -0.19162E-04   -0.37792E-05   -0.23592E-05    0.65655E-05    0.11850E-04   -0.31443E-05    0.47572E-05   -0.66717E-05    0.74859E-05   -0.80938E-05    0.54224E-05   -0.20350E-05    0.89463E-05   -0.12747E-04    0.40179E-05    0.17808E-05   -0.46408E-06   -0.10737E-04    0.14579E-05
   -0.11322E-05    0.92883E-05   -0.12682E-05   -0.11843E-03   -0.30829E-04    0.25778E-04   -0.21804E-03   -0.12966E-04    0.91712E-02    0.51533E-02    0.20664E-02    0.52896E-03    0.11714E-02   -0.82248E-04    0.24029E-05    0.23351E-04    0.10674E-04   -0.22483E-07    0.10017E-06   -0.10762E-04    0.24024E-03    0.18625E-03    0.24629E-04   -0.27956E-05   -0.29266E-04   -0.22306E-04   -0.12576E-04   -0.36128E-06   -0.24485E-04    0.32464E-04   -0.53687E-05    0.35639E-04    0.11386E-04   -0.10456E-04   -0.37824E-04    0.23843E-04    0.17057E-04   -0.11783E-04    0.47720E-05    0.41895E-04    0.34119E-04
    0.23221E-06   -0.12682E-05    0.51171E-06    0.21809E-04    0.50690E-05   -0.55011E-05    0.41726E-04    0.18534E-05   -0.10847E-02   -0.73879E-03   -0.36307E-03   -0.70817E-04   -0.14821E-03    0.26415E-04   -0.17760E-06   -0.24529E-05   -0.23914E-05    0.53125E-08   -0.19399E-07    0.20988E-05   -0.23035E-04   -0.20789E-04   -0.90183E-05   -0.18708E-05    0.82347E-05    0.94127E-05    0.75254E-06   -0.11633E-04    0.10435E-04   -0.11124E-04    0.10739E-04    0.21630E-05    0.28810E-05    0.99925E-06    0.13798E-04   -0.91298E-05    0.30758E-05   -0.22239E-05   -0.23025E-06   -0.20901E-04    0.21624E-05
    0.24194E-04   -0.11843E-03    0.21809E-04    0.31955E-02    0.52153E-03   -0.77486E-03    0.62171E-02   -0.13418E-03   -0.21609E+00   -0.68536E-01   -0.15945E-01   -0.18304E-01   -0.28725E-01   -0.25998E-02    0.10415E-03   -0.10693E-02   -0.20278E-04    0.17502E-06   -0.24321E-05    0.46209E-03   -0.62198E-02   -0.11458E-02   -0.92825E-03   -0.74212E-03   -0.22314E-03    0.11227E-02    0.15970E-02    0.60379E-03    0.15074E-03   -0.37185E-03    0.87406E-03   -0.77592E-03    0.48980E-03   -0.52598E-03    0.72987E-03   -0.52528E-03    0.71383E-03    0.23105E-03    0.32275E-03   -0.57846E-03    0.13595E-03
    0.46730E-05   -0.30829E-04    0.50690E-05    0.52153E-03    0.13757E-03   -0.10385E-03    0.98238E-03    0.39000E-04   -0.11894E+00   -0.16902E-01    0.11677E-01   -0.12795E-01   -0.16676E-01   -0.21323E-03    0.67510E-04   -0.49663E-03   -0.38051E-04    0.25287E-07   -0.79568E-06    0.17941E-03   -0.42799E-02   -0.40798E-03   -0.16053E-03   -0.65824E-04    0.23847E-04    0.17026E-03    0.51338E-03    0.14220E-03    0.13716E-03   -0.19800E-04    0.11647E-03   -0.26807E-03   -0.34780E-04   -0.43282E-04    0.22866E-03   -0.20520E-03    0.18091E-03    0.15815E-03    0.10849E-03   -0.20044E-03    0.48428E-04
   -0.70019E-05    0.25778E-04   -0.55011E-05   -0.77486E-03   -0.10385E-03    0.30038E-03   -0.15375E-02   -0.29815E-03   -0.36649E-01    0.20863E-02    0.17713E-01   -0.59761E-02   -0.72794E-02    0.70261E-03    0.49546E-04   -0.15376E-03   -0.22464E-04   -0.30464E-07   -0.26647E-06   -0.50607E-04   -0.35913E-02   -0.32078E-03    0.17256E-03   -0.11178E-03    0.14300E-03   -0.34526E-03   -0.12904E-03   -0.19000E-03   -0.15674E-03    0.26847E-03   -0.74231E-04   -0.15152E-03   -0.31968E-03   -0.34910E-04   -0.60937E-04    0.15478E-03   -0.13598E-03   -0.26702E-03   -0.12438E-03    0.62929E-04    0.18882E-03
    0.46978E-04   -0.21804E-03    0.41726E-04    0.62171E-02    0.98238E-03   -0.15375E-02    0.12140E-01   -0.25669E-03   -0.42021E+00   -0.11559E+00   -0.21182E-01   -0.38702E-01   -0.56421E-01   -0.67077E-02    0.23716E-03   -0.22334E-02    0.34490E-04    0.40094E-06   -0.42868E-05    0.93029E-03   -0.12669E-01   -0.10137E-02   -0.16377E-02   -0.14701E-02   -0.49441E-03    0.22465E-02    0.35253E-02    0.13378E-02    0.19412E-03   -0.74868E-03    0.16872E-02   -0.14419E-02    0.11576E-02   -0.10973E-02    0.13253E-02   -0.11414E-02    0.17431E-02    0.56607E-03    0.77115E-03   -0.10016E-02    0.34929E-03
    0.35584E-05   -0.12966E-04    0.18534E-05   -0.13418E-03    0.39000E-04   -0.29815E-03   -0.25669E-03    0.48323E-02    0.11095E+00    0.96698E-02   -0.35256E-01    0.24869E-01    0.29005E-01    0.19019E-02   -0.21003E-03    0.80781E-03   -0.41204E-04   -0.25160E-06    0.12380E-05   -0.30007E-03    0.89783E-02    0.26765E-03   -0.21747E-03    0.13635E-02   -0.66994E-04   -0.15200E-02    0.28886E-03    0.11850E-02    0.13119E-02   -0.14677E-02   -0.61711E-04    0.81685E-03    0.14706E-04   -0.15328E-03   -0.10880E-02   -0.63827E-03    0.39429E-03    0.12905E-02    0.10144E-02   -0.92726E-03   -0.16852E-02
   -0.17632E-02    0.91712E-02   -0.10847E-02   -0.21609E+00   -0.11894E+00   -0.36649E-01   -0.42021E+00    0.11095E+00    0.27566E+04    0.61265E+02   -0.15445E+03    0.12340E+03    0.11364E+03   -0.72021E+02   -0.11841E+01    0.56973E+00    0.11775E+01    0.59282E-03    0.24576E-03   -0.40284E+00   -0.14911E+02    0.10632E+02   -0.96557E+01   -0.56985E+00    0.80803E+00   -0.85719E+00   -0.92488E+00   -0.50425E+01   -0.62359E-01   -0.76838E+00   -0.16885E+01    0.14471E+01    0.36563E+00    0.19126E+00   -0.86407E+00   -0.42079E+01    0.66967E+00   -0.85821E+00   -0.29070E+01   -0.78891E+00    0.20507E+01
   -0.83284E-03    0.51533E-02   -0.73879E-03   -0.68536E-01   -0.16902E-01    0.20863E-02   -0.11559E+00    0.96698E-02    0.61265E+02    0.19237E+03    0.62925E+02   -0.34102E+02   -0.11084E+02   -0.89643E+01   -0.27390E+00   -0.20357E+00   -0.13140E+00    0.20326E-03    0.29489E-02    0.11366E+01   -0.12751E+02    0.12778E+01    0.76985E+00    0.16630E+00    0.11803E+00   -0.21801E+00   -0.18642E+01   -0.57777E+00   -0.12480E-01   -0.40770E+00   -0.49614E+00    0.11699E+01    0.11460E+00    0.62423E+00    0.36685E-02   -0.10365E+00   -0.61799E+00   -0.30054E+00   -0.67448E-01    0.35346E+00   -0.27563E+00
   -0.40897E-03    0.20664E-02   -0.36307E-03   -0.15945E-01    0.11677E-01    0.17713E-01   -0.21182E-01   -0.35256E-01   -0.15445E+03    0.62925E+02    0.21152E+03   -0.34988E+02   -0.74328E+02    0.31206E+01   -0.21510E-01   -0.10336E+01   -0.98184E+00    0.24666E-03   -0.43520E-02    0.40747E+00   -0.11112E+02    0.13708E+01    0.10740E+01   -0.23162E+00   -0.11748E+00    0.11327E+00    0.11440E+01    0.42347E+00   -0.46573E+00   -0.21365E+00    0.20538E+00   -0.13710E+01    0.83763E+00   -0.46030E+00    0.69488E+00    0.34682E+00   -0.28261E-01    0.16652E+00    0.22942E+00    0.46536E+00   -0.21500E+00
   -0.15979E-03    0.52896E-03   -0.70817E-04   -0.18304E-01   -0.12795E-01   -0.59761E-02   -0.38702E-01    0.24869E-01    0.12340E+03   -0.34102E+02   -0.34988E+02    0.26987E+02    0.19090E+02   -0.21951E+01    0.10402E-01    0.27035E+00    0.20173E+00   -0.14025E-03   -0.86762E-03    0.19066E-01   -0.64731E+00   -0.93120E+00   -0.61617E+00   -0.17505E-01   -0.40754E-01    0.23659E-01    0.76641E+00    0.11740E+00    0.51995E-01    0.57702E-01    0.91221E-01   -0.27271E+00   -0.11090E+00   -0.15442E+00   -0.42114E-01    0.32339E-02    0.37949E+00    0.18211E+00   -0.58903E-01   -0.18032E+00    0.12985E+00
   -0.24457E-03    0.11714E-02   -0.14821E-03   -0.28725E-01   -0.16676E-01   -0.72794E-02   -0.56421E-01    0.29005E-01    0.11364E+03   -0.11084E+02   -0.74328E+02    0.19090E+02    0.36251E+02   -0.19561E+01    0.55023E-01    0.46254E+00    0.50905E+00   -0.10628E-03    0.19003E-02   -0.23733E+00   -0.83979E+00   -0.50101E+00   -0.49130E+00    0.14198E+00    0.23523E-01   -0.34661E-01   -0.43919E+00   -0.15829E+00    0.14740E+00    0.14479E+00   -0.16453E+00    0.52766E+00   -0.47746E+00    0.15867E+00   -0.38091E+00   -0.23695E+00    0.83487E-02   -0.75087E-01   -0.10271E+00   -0.14127E+00    0.19913E+00
    0.26013E-04   -0.82248E-04    0.26415E-04   -0.25998E-02   -0.21323E-03    0.70261E-03   -0.67077E-02    0.19019E-02   -0.72021E+02   -0.89643E+01    0.31206E+01   -0.21951E+01   -0.19561E+01    0.77942E+01    0.50708E-01    0.26434E+00   -0.13345E+00    0.33242E-04    0.31747E-04   -0.32020E-01    0.33972E-01    0.19366E+00    0.74068E-01    0.36076E-01   -0.30498E-01    0.32409E-01    0.88915E-02    0.19536E-01   -0.52606E-01    0.15649E-01    0.15996E-01   -0.82146E-01    0.44647E-01   -0.68573E-01   -0.54178E-02    0.18897E-01   -0.33692E-01   -0.37362E-01   -0.79616E-02    0.15850E-01    0.24017E-01
   -0.64033E-06    0.24029E-05   -0.17760E-06    0.10415E-03    0.67510E-04    0.49546E-04    0.23716E-03   -0.21003E-03   -0.11841E+01   -0.27390E+00   -0.21510E-01    0.10402E-01    0.55023E-01    0.50708E-01    0.85625E-02   -0.70203E-02    0.77929E-02   -0.89106E-07   -0.27292E-04    0.37460E-02   -0.15188E-01    0.10318E-01    0.34165E-02    0.32551E-02   -0.25458E-02   -0.31509E-04    0.78196E-02    0.96693E-04   -0.30016E-03   -0.20414E-02   -0.11970E-04   -0.12588E-01   -0.10371E-02   -0.19910E-02   -0.26009E-02   -0.12842E-02   -0.20292E-02   -0.60243E-03   -0.35721E-02   -0.55589E-02   -0.78462E-03
   -0.52186E-05    0.23351E-04   -0.24529E-05   -0.10693E-02   -0.49663E-03   -0.15376E-03   -0.22334E-02    0.80781E-03    0.56973E+00   -0.20357E+00   -0.10336E+01    0.27035E+00    0.46254E+00    0.26434E+00   -0.70203E-02    0.46928E-01   -0.12086E-01    0.35113E-06    0.89142E-04    0.37512E-03    0.23881E-02   -0.20560E-01   -0.68767E-02    0.48491E-03    0.39634E-02   -0.26588E-02   -0.27788E-01   -0.67465E-02    0.39972E-02    0.11774E-03   -0.44641E-02    0.32781E-01   -0.20523E-02    0.66283E-02    0.28634E-02    0.67859E-02   -0.36701E-03    0.54523E-03    0.64728E-03    0.51730E-02   -0.34922E-02
   -0.24978E-05    0.10674E-04   -0.23914E-05   -0.20278E-04   -0.38051E-04   -0.22464E-04    0.34490E-04   -0.41204E-04    0.11775E+01   -0.13140E+00   -0.98184E+00    0.20173E+00    0.50905E+00   -0.13345E+00    0.77929E-02   -0.12086E-01    0.20923E-01   -0.17038E-05   -0.19194E-04   -0.25644E-02   -0.12217E-01    0.95624E-02   -0.84441E-02    0.27136E-02   -0.35205E-02   -0.92681E-03    0.32472E-02    0.45042E-02   -0.16926E-02    0.60835E-02   -0.90406E-02   -0.13706E-01   -0.18652E-01    0.18948E-02   -0.15406E-01   -0.10474E-01   -0.73088E-02   -0.16730E-02    0.20183E-04    0.70440E-04    0.11037E-01
    0.37167E-08   -0.22483E-07    0.53125E-08    0.17502E-06    0.25287E-07   -0.30464E-07    0.40094E-06   -0.25160E-06    0.59282E-03    0.20326E-03    0.24666E-03   -0.14025E-03   -0.10628E-03    0.33242E-04   -0.89106E-07    0.35113E-06   -0.17038E-05    0.15342E-06    0.14795E-07    0.11661E-05    0.80317E-05   -0.20265E-04   -0.10784E-04   -0.31862E-05    0.94773E-05   -0.30466E-05    0.10821E-04    0.21938E-05    0.34393E-05    0.63946E-05   -0.19489E-05    0.41947E-05    0.83797E-05   -0.21001E-05    0.92882E-05   -0.11593E-05    0.89627E-05    0.85155E-05    0.21759E-05    0.26862E-06    0.10139E-04
   -0.63055E-08    0.10017E-06   -0.19399E-07   -0.24321E-05   -0.79568E-06   -0.26647E-06   -0.42868E-05    0.12380E-05    0.24576E-03    0.29489E-02   -0.43520E-02   -0.86762E-03    0.19003E-02    0.31747E-04   -0.27292E-04    0.89142E-04   -0.19194E-04    0.14795E-07    0.16301E-05   -0.16874E-04   -0.23276E-04    0.10549E-03    0.45832E-04   -0.33852E-04    0.33604E-05    0.70170E-05    0.23256E-03    0.15419E-05    0.26227E-05    0.39197E-04    0.35512E-04   -0.18385E-03    0.21782E-04   -0.51315E-04    0.12651E-04   -0.30038E-04    0.53793E-04    0.30569E-04   -0.14403E-04   -0.43688E-04    0.41815E-04
    0.48688E-05   -0.10762E-04    0.20988E-05    0.46209E-03    0.17941E-03   -0.50607E-04    0.93029E-03   -0.30007E-03   -0.40284E+00    0.11366E+01    0.40747E+00    0.19066E-01   -0.23733E+00   -0.32020E-01    0.37460E-02    0.37512E-03   -0.25644E-02    0.11661E-05   -0.16874E-04    0.82798E-01    0.18888E-01    0.10574E-02   -0.19921E-02    0.78013E-03   -0.13089E-02   -0.39748E-02    0.13760E-02    0.11459E-02    0.41492E-02   -0.23886E-02   -0.73712E-03    0.49891E-05    0.29378E-03    0.16962E-02    0.66075E-02    0.54507E-02   -0.15783E-03    0.29688E-02    0.23649E-02   -0.25115E-02   -0.78838E-03
   -0.36278E-04    0.24024E-03   -0.23035E-04   -0.62198E-02   -0.42799E-02   -0.35913E-02   -0.12669E-01    0.89783E-02   -0.14911E+02   -0.12751E+02   -0.11112E+02   -0.64731E+00   -0.83979E+00    0.33972E-01   -0.15188E-01    0.23881E-02   -0.12217E-01    0.80317E-05   -0.23276E-04    0.18888E-01    0.83413E+01    0.75278E-02    0.24221E-01   -0.26554E-01   -0.47112E-02   -0.19779E-01   -0.92194E-01    0.11288E-01    0.26466E-01   -0.21525E-01   -0.43293E-01   -0.37740E-02   -0.17225E-01    0.28631E-01   -0.20666E-01    0.84813E-01   -0.88381E-01    0.26069E-01   -0.15345E-01    0.12124E-01   -0.72131E-01
   -0.94762E-05    0.18625E-03   -0.20789E-04   -0.11458E-02   -0.40798E-03   -0.32078E-03   -0.10137E-02    0.26765E-03    0.10632E+02    0.12778E+01    0.13708E+01   -0.93120E+00   -0.50101E+00    0.19366E+00    0.10318E-01   -0.20560E-01    0.95624E-02   -0.20265E-04    0.10549E-03    0.10574E-02    0.75278E-02    0.72807E+00   -0.11874E+00   -0.15189E-01    0.47496E-02    0.11988E-01    0.19527E+00   -0.50172E-01   -0.44381E-01   -0.67143E-02   -0.76462E-01    0.15046E-01    0.54467E-01   -0.37453E-01   -0.52125E-01   -0.13373E+00    0.16080E+00    0.42739E-01   -0.22540E-01    0.36879E-01    0.79427E-01
   -0.19162E-04    0.24629E-04   -0.90183E-05   -0.92825E-03   -0.16053E-03    0.17256E-03   -0.16377E-02   -0.21747E-03   -0.96557E+01    0.76985E+00    0.10740E+01   -0.61617E+00   -0.49130E+00    0.74068E-01    0.34165E-02   -0.68767E-02   -0.84441E-02   -0.10784E-04    0.45832E-04   -0.19921E-02    0.24221E-01   -0.11874E+00    0.92562E+00   -0.23120E-01   -0.72285E-02    0.47133E-02   -0.15434E+00    0.20108E+00    0.55088E-01    0.59358E-03    0.50033E-01   -0.12852E+00    0.28216E-01    0.99332E-02    0.37592E-01    0.15327E+00   -0.23354E+00    0.41573E-01    0.11659E+00    0.27225E-01   -0.19991E+00
   -0.37792E-05   -0.27956E-05   -0.18708E-05   -0.74212E-03   -0.65824E-04   -0.11178E-03   -0.14701E-02    0.13635E-02   -0.56985E+00    0.16630E+00   -0.23162E+00   -0.17505E-01    0.14198E+00    0.36076E-01    0.32551E-02    0.48491E-03    0.27136E-02   -0.31862E-05   -0.33852E-04    0.78013E-03   -0.26554E-01   -0.15189E-01   -0.23120E-01    0.10281E+01   -0.81717E-02    0.21072E-01   -0.53330E-01   -0.29162E-01    0.16825E+00   -0.16765E-01    0.73994E-01    0.18170E-01    0.35299E-01   -0.14749E-01   -0.14686E-01    0.11378E+00   -0.46273E-01    0.33971E-01    0.86665E-02   -0.17361E+00    0.89094E-01
   -0.23592E-05   -0.29266E-04    0.82347E-05   -0.22314E-03    0.23847E-04    0.14300E-03   -0.49441E-03   -0.66994E-04    0.80803E+00    0.11803E+00   -0.11748E+00   -0.40754E-01    0.23523E-01   -0.30498E-01   -0.25458E-02    0.39634E-02   -0.35205E-02    0.94773E-05    0.33604E-05   -0.13089E-02   -0.47112E-02    0.47496E-02   -0.72285E-02   -0.81717E-02    0.98170E+00   -0.13116E-01    0.43648E-01   -0.86339E-01    0.94793E-01   -0.87264E-01    0.42698E-01    0.56635E-01    0.10033E+00    0.66835E-01    0.14400E+00   -0.10734E+00    0.60826E-01    0.56507E-01   -0.31047E-02   -0.11945E+00    0.62491E-01
    0.65655E-05   -0.22306E-04    0.94127E-05    0.11227E-02    0.17026E-03   -0.34526E-03    0.22465E-02   -0.15200E-02   -0.85719E+00   -0.21801E+00    0.11327E+00    0.23659E-01   -0.34661E-01    0.32409E-01   -0.31509E-04   -0.26588E-02   -0.92681E-03   -0.30466E-05    0.70170E-05   -0.39748E-02   -0.19779E-01    0.11988E-01    0.47133E-02    0.21072E-01   -0.13116E-01    0.98182E+00    0.48572E-01    0.37620E-01   -0.56677E-01    0.47358E-01    0.81275E-01    0.67835E-01   -0.81242E-01   -0.78413E-01    0.60990E-01    0.51051E-01    0.10867E+00   -0.79071E-01    0.81570E-01   -0.15209E-01   -0.59351E-02
    0.11850E-04   -0.12576E-04    0.75254E-06    0.15970E-02    0.51338E-03   -0.12904E-03    0.35253E-02    0.28886E-03   -0.92488E+00   -0.18642E+01    0.11440E+01    0.76641E+00   -0.43919E+00    0.88915E-02    0.78196E-02   -0.27788E-01    0.32472E-02    0.10821E-04    0.23256E-03    0.13760E-02   -0.92194E-01    0.19527E+00   -0.15434E+00   -0.53330E-01    0.43648E-01    0.48572E-01    0.88533E+00   -0.17913E-01   -0.13877E-01   -0.22232E-01    0.13918E-02    0.18717E-01    0.14226E+00   -0.11053E+00    0.10523E-01   -0.79483E-01    0.67093E+00    0.23955E+00   -0.55628E-01   -0.54551E-01    0.81687E-01
   -0.31443E-05   -0.36128E-06   -0.11633E-04    0.60379E-03    0.14220E-03   -0.19000E-03    0.13378E-02    0.11850E-02   -0.50425E+01   -0.57777E+00    0.42347E+00    0.11740E+00   -0.15829E+00    0.19536E-01    0.96693E-04   -0.67465E-02    0.45042E-02    0.21938E-05    0.15419E-05    0.11459E-02    0.11288E-01   -0.50172E-01    0.20108E+00   -0.29162E-01   -0.86339E-01    0.37620E-01   -0.17913E-01    0.99283E+00    0.60335E-02    0.51293E-02    0.12268E-01    0.42130E-01    0.20288E-01   -0.62195E-01   -0.13056E-01    0.14563E+00   -0.87506E-01    0.25628E+00    0.77359E+00    0.29675E+00   -0.18530E+00
    0.47572E-05   -0.24485E-04    0.10435E-04    0.15074E-03    0.13716E-03   -0.15674E-03    0.19412E-03    0.13119E-02   -0.62359E-01   -0.12480E-01   -0.46573E+00    0.51995E-01    0.14740E+00   -0.52606E-01   -0.30016E-03    0.39972E-02   -0.16926E-02    0.34393E-05    0.26227E-05    0.41492E-02    0.26466E-01   -0.44381E-01    0.55088E-01    0.16825E+00    0.94793E-01   -0.56677E-01   -0.13877E-01    0.60335E-02    0.99290E+00   -0.20857E-01   -0.61324E-02    0.79951E-01   -0.22202E-01    0.12917E+00    0.14306E+00   -0.12901E+00   -0.20327E+00    0.63662E+00    0.14246E+00   -0.60952E+00    0.17975E+00
   -0.66717E-05    0.32464E-04   -0.11124E-04   -0.37185E-03   -0.19800E-04    0.26847E-03   -0.74868E-03   -0.14677E-02   -0.76838E+00   -0.40770E+00   -0.21365E+00    0.57702E-01    0.14479E+00    0.15649E-01   -0.20414E-02    0.11774E-03    0.60835E-02    0.63946E-05    0.39197E-04   -0.23886E-02   -0.21525E-01   -0.67143E-02    0.59358E-03   -0.16765E-01   -0.87264E-01    0.47358E-01   -0.22232E-01    0.51293E-02   -0.20857E-01    0.97336E+00   -0.22054E-02   -0.89284E-02   -0.61148E-01   -0.16328E+00   -0.15006E-01   -0.10235E+00   -0.68084E-01    0.64136E-01   -0.48062E-01    0.30657E+00    0.65121E+00
    0.74859E-05   -0.53687E-05    0.10739E-04    0.87406E-03    0.11647E-03   -0.74231E-04    0.16872E-02   -0.61711E-04   -0.16885E+01   -0.49614E+00    0.20538E+00    0.91221E-01   -0.16453E+00    0.15996E-01   -0.11970E-04   -0.44641E-02   -0.90406E-02   -0.19489E-05    0.35512E-04   -0.73712E-03   -0.43293E-01   -0.76462E-01    0.50033E-01    0.73994E-01    0.42698E-01    0.81275E-01    0.13918E-02    0.12268E-01   -0.61324E-02   -0.22054E-02    0.99610E+00   -0.69421E-01    0.93462E-01    0.33124E-01    0.15443E+00    0.16352E-01    0.11998E+00   -0.55437E+00    0.39821E+00   -0.34167E+00    0.20570E+00
   -0.80938E-05    0.35639E-04    0.21630E-05   -0.77592E-03   -0.26807E-03   -0.15152E-03   -0.14419E-02    0.81685E-03    0.14471E+01    0.11699E+01   -0.13710E+01   -0.27271E+00    0.52766E+00   -0.82146E-01   -0.12588E-01    0.32781E-01   -0.13706E-01    0.41947E-05   -0.18385E-03    0.49891E-05   -0.37740E-02    0.15046E-01   -0.12852E+00    0.18170E-01    0.56635E-01    0.67835E-01    0.18717E-01    0.42130E-01    0.79951E-01   -0.89284E-02   -0.69421E-01    0.90644E+00   -0.19792E-01   -0.64083E-02    0.10246E-02   -0.12133E-01    0.58515E+00    0.17078E+00    0.11910E+00    0.61212E-01   -0.78439E-01
    0.54224E-05    0.11386E-04    0.28810E-05    0.48980E-03   -0.34780E-04   -0.31968E-03    0.11576E-02    0.14706E-04    0.36563E+00    0.11460E+00    0.83763E+00   -0.11090E+00   -0.47746E+00    0.44647E-01   -0.10371E-02   -0.20523E-02   -0.18652E-01    0.83797E-05    0.21782E-04    0.29378E-03   -0.17225E-01    0.54467E-01    0.28216E-01    0.35299E-01    0.10033E+00   -0.81242E-01    0.14226E+00    0.20288E-01   -0.22202E-01   -0.61148E-01    0.93462E-01   -0.19792E-01    0.98897E+00   -0.22000E-01    0.15145E-02   -0.35977E-01    0.92166E-01    0.17892E+00    0.15198E-01    0.12535E+00    0.17334E+00
   -0.20350E-05   -0.10456E-04    0.99925E-06   -0.52598E-03   -0.43282E-04   -0.34910E-04   -0.10973E-02   -0.15328E-03    0.19126E+00    0.62423E+00   -0.46030E+00   -0.15442E+00    0.15867E+00   -0.68573E-01   -0.19910E-02    0.66283E-02    0.18948E-02   -0.21001E-05   -0.51315E-04    0.16962E-02    0.28631E-01   -0.37453E-01    0.99332E-02   -0.14749E-01    0.66835E-01   -0.78413E-01   -0.11053E+00   -0.62195E-01    0.12917E+00   -0.16328E+00    0.33124E-01   -0.64083E-02   -0.22000E-01    0.98332E+00    0.17774E-01    0.27260E-01   -0.12072E+00    0.28111E-01    0.16874E+00    0.22562E-01   -0.73699E-01
    0.89463E-05   -0.37824E-04    0.13798E-04    0.72987E-03    0.22866E-03   -0.60937E-04    0.13253E-02   -0.10880E-02   -0.86407E+00    0.36685E-02    0.69488E+00   -0.42114E-01   -0.38091E+00   -0.54178E-02   -0.26009E-02    0.28634E-02   -0.15406E-01    0.92882E-05    0.12651E-04    0.66075E-02   -0.20666E-01   -0.52125E-01    0.37592E-01   -0.14686E-01    0.14400E+00    0.60990E-01    0.10523E-01   -0.13056E-01    0.14306E+00   -0.15006E-01    0.15443E+00    0.10246E-02    0.15145E-02    0.17774E-01    0.97572E+00    0.56946E-02   -0.99024E-02    0.34151E-01    0.12548E+00   -0.24419E+00    0.11094E+00
   -0.12747E-04    0.23843E-04   -0.91298E-05   -0.52528E-03   -0.20520E-03    0.15478E-03   -0.11414E-02   -0.63827E-03   -0.42079E+01   -0.10365E+00    0.34682E+00    0.32339E-02   -0.23695E+00    0.18897E-01   -0.12842E-02    0.67859E-02   -0.10474E-01   -0.11593E-05   -0.30038E-04    0.54507E-02    0.84813E-01   -0.13373E+00    0.15327E+00    0.11378E+00   -0.10734E+00    0.51051E-01   -0.79483E-01    0.14563E+00   -0.12901E+00   -0.10235E+00    0.16352E-01   -0.12133E-01   -0.35977E-01    0.27260E-01    0.56946E-02    0.10013E+01   -0.57742E-01   -0.63410E-01    0.46735E-01    0.17146E+00   -0.92807E-01
    0.40179E-05    0.17057E-04    0.30758E-05    0.71383E-03    0.18091E-03   -0.13598E-03    0.17431E-02    0.39429E-03    0.66967E+00   -0.61799E+00   -0.28261E-01    0.37949E+00    0.83487E-02   -0.33692E-01   -0.20292E-02   -0.36701E-03   -0.73088E-02    0.89627E-05    0.53793E-04   -0.15783E-03   -0.88381E-01    0.16080E+00   -0.23354E+00   -0.46273E-01    0.60826E-01    0.10867E+00    0.67093E+00   -0.87506E-01   -0.20327E+00   -0.68084E-01    0.11998E+00    0.58515E+00    0.92166E-01   -0.12072E+00   -0.99024E-02   -0.57742E-01    0.97874E+00   -0.18251E-01    0.18774E-02    0.93209E-02   -0.13570E-01
    0.17808E-05   -0.11783E-04   -0.22239E-05    0.23105E-03    0.15815E-03   -0.26702E-03    0.56607E-03    0.12905E-02   -0.85821E+00   -0.30054E+00    0.16652E+00    0.18211E+00   -0.75087E-01   -0.37362E-01   -0.60243E-03    0.54523E-03   -0.16730E-02    0.85155E-05    0.30569E-04    0.29688E-02    0.26069E-01    0.42739E-01    0.41573E-01    0.33971E-01    0.56507E-01   -0.79071E-01    0.23955E+00    0.25628E+00    0.63662E+00    0.64136E-01   -0.55437E+00    0.17078E+00    0.17892E+00    0.28111E-01    0.34151E-01   -0.63410E-01   -0.18251E-01    0.98876E+00    0.61812E-02    0.77680E-04    0.54445E-02
   -0.46408E-06    0.47720E-05   -0.23025E-06    0.32275E-03    0.10849E-03   -0.12438E-03    0.77115E-03    0.10144E-02   -0.29070E+01   -0.67448E-01    0.22942E+00   -0.58903E-01   -0.10271E+00   -0.79616E-02   -0.35721E-02    0.64728E-03    0.20183E-04    0.21759E-05   -0.14403E-04    0.23649E-02   -0.15345E-01   -0.22540E-01    0.11659E+00    0.86665E-02   -0.31047E-02    0.81570E-01   -0.55628E-01    0.77359E+00    0.14246E+00   -0.48062E-01    0.39821E+00    0.11910E+00    0.15198E-01    0.16874E+00    0.12548E+00    0.46735E-01    0.18774E-02    0.61812E-02    0.99672E+00   -0.14353E-02   -0.17944E-02
   -0.10737E-04    0.41895E-04   -0.20901E-04   -0.57846E-03   -0.20044E-03    0.62929E-04   -0.10016E-02   -0.92726E-03   -0.78891E+00    0.35346E+00    0.46536E+00   -0.18032E+00   -0.14127E+00    0.15850E-01   -0.55589E-02    0.51730E-02    0.70440E-04    0.26862E-06   -0.43688E-04   -0.25115E-02    0.12124E-01    0.36879E-01    0.27225E-01   -0.17361E+00   -0.11945E+00   -0.15209E-01   -0.54551E-01    0.29675E+00   -0.60952E+00    0.30657E+00   -0.34167E+00    0.61212E-01    0.12535E+00    0.22562E-01   -0.24419E+00    0.17146E+00    0.93209E-02    0.77680E-04   -0.14353E-02    0.96681E+00   -0.58446E-02
    0.14579E-05    0.34119E-04    0.21624E-05    0.13595E-03    0.48428E-04    0.18882E-03    0.34929E-03   -0.16852E-02    0.20507E+01   -0.27563E+00   -0.21500E+00    0.12985E+00    0.19913E+00    0.24017E-01   -0.78462E-03   -0.34922E-02    0.11037E-01    0.10139E-04    0.41815E-04   -0.78838E-03   -0.72131E-01    0.79427E-01   -0.19991E+00    0.89094E-01    0.62491E-01   -0.59351E-02    0.81687E-01   -0.18530E+00    0.17975E+00    0.65121E+00    0.20570E+00   -0.78439E-01    0.17334E+00   -0.73699E-01    0.11094E+00   -0.92807E-01   -0.13570E-01    0.54445E-02   -0.17944E-02   -0.58446E-02    0.96052E+00
