# omegabh2 omegach2 theta tau mnu logA ns calPlanck acib217 xi asz143 aps100 aps143 aps143217 aps217 aksz kgal100 kgal143 kgal143217 kgal217 cal0 cal2
    0.6983022E-07   -0.3791917E-06    0.7935041E-07    0.1494193E-05   -0.2832006E-04    0.2367812E-05    0.1176081E-05    0.7747926E-08   -0.3485381E-03    0.5550861E-05    0.8008113E-04   -0.1299957E-02   -0.7662888E-03   -0.2042612E-03    0.6731069E-04   -0.1151697E-03   -0.2766934E-05   -0.1471901E-05   -0.2705406E-04    0.6625565E-04    0.1045918E-07   -0.3288205E-07
   -0.3791917E-06    0.5500253E-05   -0.6514441E-06   -0.1572047E-04    0.1742831E-03   -0.1948275E-04   -0.1356964E-04   -0.9562044E-07    0.1401972E-02   -0.2448414E-04   -0.3359076E-03    0.6606356E-02    0.3919634E-02    0.1513118E-02    0.3369901E-03    0.3934628E-03    0.1324416E-04    0.2377390E-04    0.2129215E-03    0.7371474E-04   -0.5084399E-07    0.1853943E-06
    0.7935041E-07   -0.6514441E-06    0.2764201E-06    0.1705795E-05   -0.5194085E-04    0.2393766E-05    0.2028242E-05    0.2032660E-07   -0.3081361E-03    0.5177036E-05    0.6515911E-04   -0.1155215E-02   -0.7066664E-03   -0.2339849E-03    0.1207065E-04   -0.9334336E-04   -0.7917637E-05   -0.1535068E-04   -0.3790647E-04    0.4546867E-04    0.1165784E-07   -0.3068314E-07
    0.1494193E-05   -0.1572047E-04    0.1705795E-05    0.3654029E-03    0.7686671E-03    0.6883977E-03    0.4844258E-04   -0.5184173E-06   -0.1456026E-01    0.2620430E-03    0.3364570E-02   -0.5698092E-01   -0.2243822E-01   -0.1717808E-03    0.9904841E-02   -0.5458178E-02   -0.1848195E-03   -0.7900559E-03   -0.1433367E-02    0.1377326E-02    0.2755722E-06   -0.1854122E-05
   -0.2832006E-04    0.1742831E-03   -0.5194085E-04    0.7686671E-03    0.5180576E-01    0.1695740E-02   -0.6462207E-03    0.1293012E-04    0.1635034E+00   -0.2532536E-02   -0.3436820E-01    0.6235468E+00    0.3585306E+00    0.1159302E+00   -0.8728272E-02    0.5467851E-01    0.6252227E-02    0.4049657E-02    0.7483427E-02   -0.4303751E-01   -0.3933848E-05    0.1460192E-04
    0.2367812E-05   -0.1948275E-04    0.2393766E-05    0.6883977E-03    0.1695740E-02    0.1348463E-02    0.6690799E-04    0.1125341E-04   -0.2731074E-01    0.5457212E-03    0.6238383E-02   -0.9929820E-01   -0.3577200E-01    0.6519753E-02    0.2771403E-01   -0.1142767E-01   -0.6216750E-03   -0.2235203E-02   -0.3096261E-02    0.4565442E-02    0.7173464E-06   -0.3477490E-05
    0.1176081E-05   -0.1356964E-04    0.2028242E-05    0.4844258E-04   -0.6462207E-03    0.6690799E-04    0.4663319E-04    0.4046268E-06   -0.9703565E-02    0.1965539E-03    0.2141133E-02   -0.4450366E-01   -0.1655157E-01   -0.4496621E-03    0.6607607E-02   -0.3970085E-02    0.1556723E-03   -0.2034173E-03   -0.7683423E-03    0.1439709E-02   -0.9100656E-07   -0.9623505E-06
    0.7747926E-08   -0.9562044E-07    0.2032660E-07   -0.5184173E-06    0.1293012E-04    0.1125341E-04    0.4046268E-06    0.6245421E-05    0.6253391E-03    0.9337800E-05    0.1110702E-04    0.2207231E-02    0.6455793E-03    0.6864456E-03    0.1612302E-02   -0.7089757E-04   -0.1402565E-04   -0.3580286E-04   -0.8354733E-04    0.5912793E-03   -0.2696615E-07   -0.3156428E-07
   -0.3485381E-03    0.1401972E-02   -0.3081361E-03   -0.1456026E-01    0.1635034E+00   -0.2731074E-01   -0.9703565E-02    0.6253391E-03    0.5009672E+02   -0.4530068E+00   -0.1713768E+01    0.4873575E+02    0.4326855E+01   -0.1873003E+02   -0.6595642E+02    0.4129416E+00   -0.9926211E-01    0.3654930E+00   -0.2735103E+01   -0.2534476E+02   -0.1139946E-03    0.4616004E-02
    0.5550861E-05   -0.2448414E-04    0.5177036E-05    0.2620430E-03   -0.2532536E-02    0.5457212E-03    0.1965539E-03    0.9337800E-05   -0.4530068E+00    0.8170071E-01   -0.6518367E-01   -0.5152252E+00    0.8646341E+00    0.1660759E+01    0.6508837E+00    0.6736175E-01   -0.2817883E-02    0.9092977E-02    0.9672226E-01    0.1057482E+00    0.6466842E-05   -0.1068736E-04
    0.8008113E-04   -0.3359076E-03    0.6515911E-04    0.3364570E-02   -0.3436820E-01    0.6238383E-02    0.2141133E-02    0.1110702E-04   -0.1713768E+01   -0.6518367E-01    0.3890665E+01   -0.3033038E+02   -0.4068806E+01    0.8022709E+01    0.6928225E+01   -0.2959314E+01   -0.2274302E+00    0.8404840E-01    0.2471843E+01    0.2005646E+01    0.1981811E-03   -0.4054084E-03
   -0.1299957E-02    0.6606356E-02   -0.1155215E-02   -0.5698092E-01    0.6235468E+00   -0.9929820E-01   -0.4450366E-01    0.2207231E-02    0.4873575E+02   -0.5152252E+00   -0.3033038E+02    0.7476820E+03    0.7834519E+02   -0.5689910E+02   -0.7548765E+02    0.1542522E+02   -0.6813046E+00   -0.9208069E-01   -0.1257520E+02   -0.2084035E+02    0.4706793E-02    0.5212065E-02
   -0.7662888E-03    0.3919634E-02   -0.7066664E-03   -0.2243822E-01    0.3585306E+00   -0.3577200E-01   -0.1655157E-01    0.6455793E-03    0.4326855E+01    0.8646341E+00   -0.4068806E+01    0.7834519E+02    0.6227771E+02    0.4126156E+02    0.1512660E+02   -0.4077874E+01   -0.5208956E+00   -0.1158093E+01    0.3937539E+01    0.3004694E+01    0.1237553E-03    0.6266697E-03
   -0.2042612E-03    0.1513118E-02   -0.2339849E-03   -0.1717808E-03    0.1159302E+00    0.6519753E-02   -0.4496621E-03    0.6864456E-03   -0.1873003E+02    0.1660759E+01    0.8022709E+01   -0.5689910E+02    0.4126156E+02    0.9098677E+02    0.6406875E+02   -0.1254033E+02   -0.8958260E+00   -0.4742500E+00    0.4774838E+01    0.5549117E+01    0.7240877E-03   -0.2304305E-02
    0.6731069E-04    0.3369901E-03    0.1207065E-04    0.9904841E-02   -0.8728272E-02    0.2771403E-01    0.6607607E-02    0.1612302E-02   -0.6595642E+02    0.6508837E+00    0.6928225E+01   -0.7548765E+02    0.1512660E+02    0.6406875E+02    0.1251914E+03   -0.1065447E+02   -0.5049167E+00   -0.8047867E+00    0.5764631E+00    0.2221402E+02    0.4906612E-03   -0.7786595E-02
   -0.1151697E-03    0.3934628E-03   -0.9334336E-04   -0.5458178E-02    0.5467851E-01   -0.1142767E-01   -0.3970085E-02   -0.7089757E-04    0.4129416E+00    0.6736175E-01   -0.2959314E+01    0.1542522E+02   -0.4077874E+01   -0.1254033E+02   -0.1065447E+02    0.6631762E+01    0.1952560E+00    0.2039369E-01   -0.2129222E+01   -0.1662229E+01   -0.1605741E-03    0.1650419E-03
   -0.2766934E-05    0.1324416E-04   -0.7917637E-05   -0.1848195E-03    0.6252227E-02   -0.6216750E-03    0.1556723E-03   -0.1402565E-04   -0.9926211E-01   -0.2817883E-02   -0.2274302E+00   -0.6813046E+00   -0.5208956E+00   -0.8958260E+00   -0.5049167E+00    0.1952560E+00    0.3244675E+01    0.7396568E+00    0.2977351E+00    0.5068666E+00    0.4284174E-03    0.2858073E-04
   -0.1471901E-05    0.2377390E-04   -0.1535068E-04   -0.7900559E-03    0.4049657E-02   -0.2235203E-02   -0.2034173E-03   -0.3580286E-04    0.3654930E+00    0.9092977E-02    0.8404840E-01   -0.9208069E-01   -0.1158093E+01   -0.4742500E+00   -0.8047867E+00    0.2039369E-01    0.7396568E+00    0.3125877E+01    0.2420157E+01    0.1326986E+01   -0.4069438E-03   -0.1842567E-03
   -0.2705406E-04    0.2129215E-03   -0.3790647E-04   -0.1433367E-02    0.7483427E-02   -0.3096261E-02   -0.7683423E-03   -0.8354733E-04   -0.2735103E+01    0.9672226E-01    0.2471843E+01   -0.1257520E+02    0.3937539E+01    0.4774838E+01    0.5764631E+00   -0.2129222E+01    0.2977351E+00    0.2420157E+01    0.1799097E+02    0.2702133E+02   -0.6356201E-04    0.2485689E-02
    0.6625565E-04    0.7371474E-04    0.4546867E-04    0.1377326E-02   -0.4303751E-01    0.4565442E-02    0.1439709E-02    0.5912793E-03   -0.2534476E+02    0.1057482E+00    0.2005646E+01   -0.2084035E+02    0.3004694E+01    0.5549117E+01    0.2221402E+02   -0.1662229E+01    0.5068666E+00    0.1326986E+01    0.2702133E+02    0.6152368E+02   -0.6220281E-04    0.4320198E-02
    0.1045918E-07   -0.5084399E-07    0.1165784E-07    0.2755722E-06   -0.3933848E-05    0.7173464E-06   -0.9100656E-07   -0.2696615E-07   -0.1139946E-03    0.6466842E-05    0.1981811E-03    0.4706793E-02    0.1237553E-03    0.7240877E-03    0.4906612E-03   -0.1605741E-03    0.4284174E-03   -0.4069438E-03   -0.6356201E-04   -0.6220281E-04    0.5584664E-06    0.1365983E-07
   -0.3288205E-07    0.1853943E-06   -0.3068314E-07   -0.1854122E-05    0.1460192E-04   -0.3477490E-05   -0.9623505E-06   -0.3156428E-07    0.4616004E-02   -0.1068736E-04   -0.4054084E-03    0.5212065E-02    0.6266697E-03   -0.2304305E-02   -0.7786595E-02    0.1650419E-03    0.2858073E-04   -0.1842567E-03    0.2485689E-02    0.4320198E-02    0.1365983E-07    0.2115570E-05
