# omegabh2 omegach2 theta tau nnu ns logA aps100 aps143 aps217 acib143 acib217 asz143 psr cibr cal0 cal2 xi aksz bm_1_1
9.802300E-08 6.658600E-07 -4.107900E-08 4.754100E-06 5.604500E-05 2.686400E-06 1.119200E-05 -4.147400E-04 -1.860800E-04 -2.213100E-05 -9.059000E-06 -6.203600E-06 1.949622E-05 -2.626600E-07 1.546300E-06 1.854300E-09 9.039300E-09 -5.056300E-06 -2.420231E-05 -8.579400E-06
6.658600E-07 2.667800E-05 -2.445000E-06 1.123500E-05 1.475500E-03 4.122600E-05 8.515900E-05 7.303400E-03 3.636200E-03 8.835700E-04 5.379900E-03 7.511200E-03 1.647186E-03 -3.328100E-06 1.967700E-04 -3.560300E-10 7.691800E-08 -7.982900E-05 1.172144E-03 3.577400E-04
-4.107900E-08 -2.445000E-06 5.110700E-07 -9.400400E-07 -1.467200E-04 -4.036400E-06 -7.443200E-06 -1.556000E-03 -5.499900E-04 -1.720800E-04 -4.747900E-04 -6.940900E-04 -1.171711E-04 -5.316600E-07 -2.156300E-05 2.223300E-09 -2.871200E-08 4.810500E-06 -1.573006E-04 -4.430800E-05
4.754100E-06 1.123500E-05 -9.400400E-07 1.144000E-03 2.262000E-03 1.927900E-04 2.309900E-03 -7.703200E-04 1.354700E-02 5.833400E-02 -1.425000E-02 -4.983700E-02 -1.737255E-02 1.480600E-05 -1.280100E-03 -2.366400E-08 -1.158300E-06 3.995500E-04 -7.940110E-03 -1.914300E-03
5.604500E-05 1.475500E-03 -1.467200E-04 2.262000E-03 9.542200E-02 3.249800E-03 7.973900E-03 5.121500E-01 1.546700E-01 4.475900E-02 3.075400E-01 4.166500E-01 9.302322E-02 -1.016700E-04 1.151100E-02 5.268900E-07 7.641800E-06 -5.269800E-03 7.824920E-02 1.740500E-02
2.686400E-06 4.122600E-05 -4.036400E-06 1.927900E-04 3.249800E-03 1.555100E-04 4.788300E-04 1.401900E-02 1.280800E-02 1.846700E-02 2.416500E-03 -8.360000E-04 -1.927225E-03 4.358500E-06 1.301500E-05 -8.130300E-08 3.658200E-07 -8.585400E-05 -1.066560E-03 -1.647500E-04
1.119200E-05 8.515900E-05 -7.443200E-06 2.309900E-03 7.973900E-03 4.788300E-04 4.818300E-03 3.189500E-02 4.731100E-02 1.300500E-01 -1.800900E-02 -8.645900E-02 -3.392642E-02 2.554700E-05 -2.272700E-03 2.146700E-08 -1.958300E-06 6.392900E-04 -1.482931E-02 -2.709400E-03
-4.147400E-04 7.303400E-03 -1.556000E-03 -7.703200E-04 5.121500E-01 1.401900E-02 3.189500E-02 2.385400E+03 2.645900E+02 1.362200E+02 6.542300E+01 -4.918900E+01 -1.256312E+02 4.406500E-02 -5.045100E+00 3.614700E-04 4.197800E-04 3.042300E+00 -1.563873E+01 1.042700E+01
-1.860800E-04 3.636200E-03 -5.499900E-04 1.354700E-02 1.546700E-01 1.280800E-02 4.731100E-02 2.645900E+02 1.977500E+02 1.345400E+02 -3.701300E+01 -5.090400E+01 -3.199651E+01 5.379500E-02 -1.820800E+00 -4.073600E-04 9.400000E-04 9.087400E-01 -1.311010E+01 1.900200E-01
-2.213100E-05 8.835700E-04 -1.720800E-04 5.833400E-02 4.475900E-02 1.846700E-02 1.300500E-01 1.362200E+02 1.345400E+02 2.122100E+02 -3.431500E+01 -8.714000E+01 -2.377713E+01 6.239600E-02 -2.234100E+00 -2.648300E-04 -3.893100E-03 5.470900E-01 -1.162743E+01 4.543600E-02
-9.059000E-06 5.379900E-03 -4.747900E-04 -1.425000E-02 3.075400E-01 2.416500E-03 -1.800900E-02 6.542300E+01 -3.701300E+01 -3.431500E+01 2.892800E+01 1.994400E+01 -1.155644E+00 -1.638300E-02 2.539100E-01 9.669500E-05 -3.597700E-04 6.926100E-02 2.175451E-01 -4.724500E-01
-6.203600E-06 7.511200E-03 -6.940900E-04 -4.983700E-02 4.166500E-01 -8.360000E-04 -8.645900E-02 -4.918900E+01 -5.090400E+01 -8.714000E+01 1.994400E+01 4.900500E+01 1.435635E+01 -3.075200E-02 1.274900E+00 1.965000E-04 2.273500E-03 -3.282400E-01 -5.593107E-01 2.741300E-01
1.949622E-05 1.647186E-03 -1.171711E-04 -1.737255E-02 9.302322E-02 -1.927225E-03 -3.392642E-02 -1.256312E+02 -3.199651E+01 -2.377713E+01 -1.155644E+00 1.435635E+01 1.696852E+01 -1.117852E-02 7.993973E-01 1.425563E-04 -3.666542E-04 -3.705438E-01 -3.933168E-01 5.418041E-01
-2.626600E-07 -3.328100E-06 -5.316600E-07 1.480600E-05 -1.016700E-04 4.358500E-06 2.554700E-05 4.406500E-02 5.379500E-02 6.239600E-02 -1.638300E-02 -3.075200E-02 -1.117852E-02 1.865500E-04 -7.858900E-04 -3.300200E-08 -8.476300E-07 3.471900E-04 -8.756110E-04 -2.560300E-04
1.546300E-06 1.967700E-04 -2.156300E-05 -1.280100E-03 1.151100E-02 1.301500E-05 -2.272700E-03 -5.045100E+00 -1.820800E+00 -2.234100E+00 2.539100E-01 1.274900E+00 7.993973E-01 -7.858900E-04 5.446800E-02 9.421400E-06 3.292800E-05 -1.652400E-02 -1.594419E-02 2.513100E-02
1.854300E-09 -3.560300E-10 2.223300E-09 -2.366400E-08 5.268900E-07 -8.130300E-08 2.146700E-08 3.614700E-04 -4.073600E-04 -2.648300E-04 9.669500E-05 1.965000E-04 1.425563E-04 -3.300200E-08 9.421400E-06 1.589300E-07 -3.177700E-09 -8.573600E-06 -4.834085E-05 -3.014800E-05
9.039300E-09 7.691800E-08 -2.871200E-08 -1.158300E-06 7.641800E-06 3.658200E-07 -1.958300E-06 4.197800E-04 9.400000E-04 -3.893100E-03 -3.597700E-04 2.273500E-03 -3.666542E-04 -8.476300E-07 3.292800E-05 -3.177700E-09 8.717400E-07 4.686500E-06 -7.784603E-05 1.458200E-05
-5.056300E-06 -7.982900E-05 4.810500E-06 3.995500E-04 -5.269800E-03 -8.585400E-05 6.392900E-04 3.042300E+00 9.087400E-01 5.470900E-01 6.926100E-02 -3.282400E-01 -3.705438E-01 3.471900E-04 -1.652400E-02 -8.573600E-06 4.686500E-06 3.061300E-02 -5.849611E-04 -1.846700E-02
-2.420231E-05 1.172144E-03 -1.573006E-04 -7.940110E-03 7.824920E-02 -1.066560E-03 -1.482931E-02 -1.563873E+01 -1.311010E+01 -1.162743E+01 2.175451E-01 -5.593107E-01 -3.933168E-01 -8.756110E-04 -1.594419E-02 -4.834085E-05 -7.784603E-05 -5.849611E-04 8.434326E+00 -7.673115E-02
-8.579400E-06 3.577400E-04 -4.430800E-05 -1.914300E-03 1.740500E-02 -1.647500E-04 -2.709400E-03 1.042700E+01 1.900200E-01 4.543600E-02 -4.724500E-01 2.741300E-01 5.418041E-01 -2.560300E-04 2.513100E-02 -3.014800E-05 1.458200E-05 -1.846700E-02 -7.673115E-02 5.721400E-01
