# omegabh2 omegach2 theta tau nnu yhe ns logA aps100 aps143 aps217 acib143 acib217 asz143 psr cibr ncib cal0 cal2 xi aksz bm_1_1 bm_1_2 bm_1_3 bm_1_4 bm_1_5 bm_2_1 bm_2_2 bm_2_3 bm_2_4 bm_2_5 bm_3_1 bm_3_2 bm_3_3 bm_3_4 bm_3_5 bm_4_1 bm_4_2 bm_4_3 bm_4_4 bm_4_5 a_ps_act_148 a_ps_act_217 a_ps_spt_95 a_ps_spt_150 a_ps_spt_220 r_ps_spt_95x150 r_ps_spt_95x220 r_ps_150x220 act_dust_s act_dust_e cal_acts_148 cal_acts_217 cal_acte_148 cal_acte_217 cal_spt_95 cal_spt_150 cal_spt_220
    0.17166E-06    0.91934E-06   -0.69187E-07    0.28945E-05    0.11763E-03    0.10135E-05    0.59952E-05    0.82561E-05    0.10885E-02    0.34330E-03    0.24339E-03    0.13698E-05   -0.35918E-04   -0.10882E-05    0.45290E-06    0.43261E-06   -0.75813E-06    0.59810E-08    0.68611E-08    0.30081E-05    0.34811E-04    0.14596E-04   -0.11882E-05   -0.78248E-05   -0.56505E-05   -0.89700E-05    0.90193E-05   -0.59196E-05   -0.40073E-05   -0.11705E-04   -0.58010E-05    0.80469E-06   -0.95116E-06    0.21149E-05   -0.70906E-05    0.90685E-06    0.84826E-05   -0.24812E-06   -0.86641E-05    0.22179E-05   -0.65669E-05   -0.50077E-05   -0.35782E-04   -0.16363E-04   -0.67961E-05   -0.19182E-04    0.21820E-06    0.11881E-05    0.18776E-06   -0.11767E-05   -0.36446E-07   -0.79129E-07   -0.17877E-06   -0.17012E-06   -0.19612E-06   -0.31765E-06   -0.25349E-06   -0.18814E-06
    0.91934E-06    0.95787E-04   -0.21447E-04    0.13189E-04    0.65352E-02   -0.29073E-03    0.76250E-04    0.16654E-03    0.30483E-01   -0.39812E-02   -0.32533E-02   -0.21795E-03    0.12345E-03   -0.10645E-03   -0.14855E-04   -0.28791E-05    0.11534E-04    0.37470E-07    0.26967E-07   -0.62526E-04   -0.99887E-03    0.92648E-03    0.41715E-04   -0.20303E-03   -0.11623E-03   -0.23556E-03    0.26067E-03   -0.32286E-03   -0.69762E-04   -0.11959E-03   -0.17285E-03    0.12824E-04   -0.10366E-03   -0.52092E-04   -0.18428E-03   -0.24343E-03    0.23494E-03   -0.11714E-04   -0.27516E-03    0.12701E-04   -0.21011E-04    0.23722E-03    0.85051E-03    0.57961E-03    0.39497E-03    0.18115E-02   -0.15606E-04   -0.27555E-04   -0.65599E-05   -0.60941E-05    0.11000E-04    0.20623E-05    0.48722E-05    0.33432E-05    0.35607E-05    0.71718E-05    0.81813E-05    0.41763E-05
   -0.69187E-07   -0.21447E-04    0.56352E-05   -0.55340E-06   -0.14884E-02    0.79649E-04   -0.12252E-04   -0.28650E-04   -0.45023E-02    0.38141E-02    0.34260E-02    0.62716E-04   -0.22838E-03   -0.14585E-05    0.78337E-05    0.35622E-05   -0.74917E-05   -0.75734E-08    0.49041E-08    0.30561E-04    0.40890E-03   -0.15390E-03    0.19268E-04    0.62031E-04    0.14935E-04    0.55466E-04   -0.54518E-04    0.74443E-04    0.17896E-05    0.24316E-04    0.36567E-04    0.22724E-05    0.42077E-04    0.17905E-04    0.32896E-04    0.65728E-04   -0.45577E-04    0.45015E-05    0.65143E-04    0.19915E-04   -0.57567E-05   -0.82272E-04   -0.52720E-03   -0.25380E-03   -0.17171E-03   -0.70522E-03    0.71250E-05    0.12977E-04    0.17561E-05    0.26329E-05   -0.27915E-05   -0.17403E-05   -0.30219E-05   -0.23350E-05   -0.25176E-05   -0.44163E-05   -0.46983E-05   -0.28937E-05
    0.28945E-05    0.13189E-04   -0.55340E-06    0.22333E-03    0.22330E-02    0.24024E-04    0.12977E-03    0.48017E-03   -0.33196E-02    0.38095E-02    0.43680E-02   -0.33267E-04   -0.48765E-03    0.21058E-03    0.28564E-05    0.93214E-05   -0.11488E-04    0.10522E-06    0.27095E-06   -0.39961E-04   -0.25769E-03   -0.40814E-04    0.13855E-03    0.11851E-03   -0.34626E-03   -0.29937E-03    0.14590E-03   -0.36739E-03    0.16608E-03    0.86407E-04   -0.16405E-03   -0.14359E-03   -0.22719E-03   -0.94614E-04    0.58468E-04    0.24988E-03   -0.30052E-04    0.12753E-03   -0.46733E-03   -0.10276E-03    0.49222E-04   -0.12046E-03   -0.91432E-04    0.59102E-04   -0.75327E-04   -0.10854E-03   -0.14648E-04   -0.56044E-05    0.17294E-05   -0.16304E-04    0.26009E-04   -0.18648E-05   -0.18178E-05   -0.26635E-05   -0.16230E-05   -0.21255E-05   -0.27203E-05    0.37052E-06
    0.11763E-03    0.65352E-02   -0.14884E-02    0.22330E-02    0.48754E+00   -0.20057E-01    0.77297E-02    0.13933E-01    0.24671E+01   -0.20499E+00   -0.22821E+00   -0.13926E-01   -0.61958E-02   -0.12828E-01   -0.10466E-02   -0.86162E-04    0.45708E-03    0.52110E-05    0.14747E-05   -0.19652E-02   -0.42210E-01    0.61909E-01    0.51178E-02   -0.16237E-01   -0.11605E-01   -0.19776E-01    0.17751E-01   -0.25635E-01   -0.52272E-02   -0.12324E-01   -0.13998E-01   -0.75347E-03   -0.64066E-02   -0.39459E-02   -0.14964E-01   -0.16619E-01    0.15335E-01   -0.12677E-02   -0.23996E-01    0.15286E-04   -0.48012E-02    0.15743E-01    0.67835E-01    0.38790E-01    0.26173E-01    0.12903E+00   -0.10218E-02   -0.15534E-02   -0.40701E-03   -0.11096E-02    0.79679E-03    0.14341E-03    0.35765E-03    0.21753E-03    0.26722E-03    0.44386E-03    0.52984E-03    0.26875E-03
    0.10135E-05   -0.29073E-03    0.79649E-04    0.24024E-04   -0.20057E-01    0.13200E-02   -0.60114E-04   -0.25971E-03   -0.25446E-01    0.10475E+00    0.91558E-01    0.87026E-03   -0.68510E-02   -0.61778E-03    0.18717E-03    0.10888E-03   -0.18341E-03   -0.67922E-07   -0.31889E-07    0.73164E-03    0.92898E-02   -0.13081E-02    0.85135E-03    0.95468E-03    0.47088E-03    0.53878E-03   -0.70377E-03    0.10987E-02   -0.10793E-03    0.42325E-03    0.37521E-03    0.41966E-03    0.86645E-03    0.35073E-03    0.46931E-03    0.10729E-02   -0.33301E-03    0.17905E-03    0.10243E-02    0.45087E-03   -0.23891E-03   -0.18242E-02   -0.12756E-01   -0.60855E-02   -0.39383E-02   -0.15933E-01    0.15933E-03    0.29587E-03    0.32359E-04    0.28080E-04   -0.84806E-05   -0.48519E-04   -0.73102E-04   -0.61329E-04   -0.65378E-04   -0.11362E-03   -0.11526E-03   -0.74881E-04
    0.59952E-05    0.76250E-04   -0.12252E-04    0.12977E-03    0.77297E-02   -0.60114E-04    0.30945E-03    0.41480E-03    0.52739E-01    0.27920E-01    0.23929E-01   -0.12445E-03   -0.30233E-02   -0.51908E-03    0.24845E-04    0.32649E-04   -0.53873E-04    0.12283E-06    0.27535E-06    0.20267E-03    0.25642E-02    0.11504E-02    0.36624E-03   -0.19903E-03   -0.32030E-03   -0.45392E-03    0.55357E-03   -0.28695E-03   -0.22109E-03   -0.30035E-03   -0.33245E-03    0.21818E-03    0.73338E-04   -0.10855E-03   -0.24678E-03   -0.11003E-03    0.60079E-03    0.11959E-03   -0.33361E-03    0.15600E-03   -0.31562E-03   -0.24750E-03   -0.22442E-02   -0.10267E-02   -0.72105E-03   -0.19752E-02    0.17357E-04    0.57755E-04    0.24973E-05   -0.43083E-04    0.23654E-04   -0.11253E-04   -0.15505E-04   -0.15204E-04   -0.15004E-04   -0.28068E-04   -0.26737E-04   -0.20733E-04
    0.82561E-05    0.16654E-03   -0.28650E-04    0.48017E-03    0.13933E-01   -0.25971E-03    0.41480E-03    0.12756E-02    0.46147E-01    0.23974E-01    0.25376E-01   -0.44329E-03   -0.25494E-02    0.14320E-03    0.15278E-04    0.38921E-04   -0.37535E-04    0.35725E-06    0.84088E-06   -0.89636E-04   -0.68827E-03    0.22193E-02    0.70504E-03   -0.83389E-04   -0.69760E-03   -0.96958E-03    0.10715E-02   -0.10079E-02    0.14899E-03   -0.80789E-04   -0.66089E-03   -0.13974E-03   -0.42799E-03   -0.25889E-03   -0.26085E-03    0.12598E-03    0.65754E-03    0.40293E-03   -0.11270E-02   -0.62807E-04   -0.60487E-04   -0.22493E-03   -0.19807E-02   -0.20380E-03   -0.32894E-03   -0.66455E-03   -0.33219E-04   -0.11413E-04   -0.28770E-05   -0.36835E-04    0.83896E-04   -0.11349E-04   -0.13457E-04   -0.13898E-04   -0.13960E-04   -0.18104E-04   -0.17606E-04   -0.10661E-04
    0.10885E-02    0.30483E-01   -0.45023E-02   -0.33196E-02    0.24671E+01   -0.25446E-01    0.52739E-01    0.46147E-01    0.16285E+04    0.88845E+02    0.34937E+02    0.28092E+00   -0.78175E+01   -0.10827E+02   -0.61510E-01   -0.63930E-01   -0.18215E+00    0.18335E-02   -0.25176E-02    0.15279E+01    0.10176E+02    0.16809E+02   -0.64273E+01   -0.21934E+00    0.55747E-01   -0.90270E+00   -0.21069E+01   -0.54064E+01   -0.11916E+01   -0.85721E+00   -0.13225E+01    0.39443E+00    0.11394E+01    0.64114E+00   -0.14093E+01   -0.38757E+01   -0.50888E+00   -0.24052E+01   -0.31708E+01   -0.22407E+00    0.19891E+01    0.81765E+00    0.14184E+01    0.35926E+01   -0.40464E+00    0.63146E+01    0.12745E-01   -0.23305E+00   -0.60140E-01    0.35730E-01   -0.83115E-02   -0.25828E-01    0.39708E-02   -0.26718E-01   -0.43452E-03   -0.68393E-01   -0.35000E-01    0.33258E-04
    0.34330E-03   -0.39812E-02    0.38141E-02    0.38095E-02   -0.20499E+00    0.10475E+00    0.27920E-01    0.23974E-01    0.88845E+02    0.81177E+02    0.33469E+02    0.30383E+00   -0.14961E+01   -0.19139E+01    0.57124E-01    0.53589E-01   -0.68028E-01    0.71672E-04   -0.94053E-03    0.35011E+00    0.19733E+01    0.10737E+00    0.30070E+00    0.12340E+00    0.91301E-01   -0.16337E+00    0.18379E+00   -0.18236E+00   -0.63072E-01   -0.74304E-01   -0.11826E+00   -0.35690E-01    0.34315E+00   -0.78590E-02   -0.18278E+00    0.16274E+00    0.12411E+00    0.86634E-01   -0.29766E+00   -0.19249E-01   -0.73034E-01    0.10260E+00   -0.31877E+01   -0.27670E+00   -0.77857E+00   -0.27475E+01    0.47671E-01    0.22372E-01   -0.28471E-01    0.11185E-01   -0.32824E-02   -0.20788E-01   -0.18070E-01   -0.22111E-01   -0.16684E-01   -0.44615E-01   -0.37185E-01   -0.18731E-01
    0.24339E-03   -0.32533E-02    0.34260E-02    0.43680E-02   -0.22821E+00    0.91558E-01    0.23929E-01    0.25376E-01    0.34937E+02    0.33469E+02    0.11049E+03   -0.10745E+01   -0.35061E+02    0.16513E+00   -0.32126E+00   -0.19094E-01   -0.47315E+00    0.74572E-04   -0.56788E-04    0.17404E+00    0.23285E+01    0.29025E+00    0.46462E+00    0.99647E-01    0.11582E+00   -0.83046E-01   -0.11918E+00    0.13473E+00   -0.32921E+00   -0.10262E+00    0.12290E+00    0.15599E+00    0.46495E+00    0.25233E-01    0.18181E+00    0.33018E+00    0.78287E-01   -0.10545E+00    0.15659E+00    0.37518E+00   -0.29732E+00   -0.45119E-01    0.15468E+02   -0.17436E+01    0.47177E-01    0.67199E+01   -0.20811E-01   -0.43161E-01    0.19881E-02    0.17248E-01    0.47531E-01   -0.14870E-01   -0.38878E-01   -0.15027E-01   -0.39332E-01   -0.22269E-01   -0.26686E-01   -0.66277E-01
    0.13698E-05   -0.21795E-03    0.62716E-04   -0.33267E-04   -0.13926E-01    0.87026E-03   -0.12445E-03   -0.44329E-03    0.28092E+00    0.30383E+00   -0.10745E+01    0.63167E+00    0.11248E+01    0.51887E+00    0.35799E-02   -0.20777E-02   -0.33481E-02   -0.24677E-05    0.65858E-04    0.85309E-02   -0.83039E+00   -0.49102E-02   -0.13868E-01   -0.96785E-03   -0.90731E-02    0.70919E-02   -0.22032E-01    0.65307E-02    0.78293E-02    0.16149E-01   -0.11628E-01    0.40137E-01   -0.34921E-01    0.13678E-01   -0.13814E-01    0.94580E-02    0.56116E-02    0.52482E-02    0.12235E-01    0.93122E-02    0.95015E-02    0.72242E-01   -0.16823E+00   -0.21874E+00   -0.43772E-02   -0.34988E-01    0.48058E-01    0.47156E-01   -0.40086E-02   -0.22262E-02   -0.27789E-02    0.96939E-04    0.20148E-03    0.10624E-03    0.31473E-03   -0.77700E-03    0.53068E-03    0.19150E-02
   -0.35918E-04    0.12345E-03   -0.22838E-03   -0.48765E-03   -0.61958E-02   -0.68510E-02   -0.30233E-02   -0.25494E-02   -0.78175E+01   -0.14961E+01   -0.35061E+02    0.11248E+01    0.20481E+02    0.16943E+01    0.19771E+00    0.25468E-01    0.27185E+00   -0.28125E-04    0.35859E-04   -0.37433E+00   -0.40283E+01    0.45928E-01   -0.16747E+00   -0.43349E-01   -0.26767E-01   -0.21263E-01    0.34542E-01   -0.33771E-01    0.94008E-01    0.20664E+00   -0.16261E+00   -0.11667E+00   -0.46246E+00   -0.46883E-01   -0.24301E+00   -0.24395E+00   -0.89767E-01    0.26827E-01   -0.62555E-01   -0.87145E-01    0.24737E+00   -0.30835E+00   -0.10936E+02    0.13053E+00   -0.65019E+00   -0.71211E+01    0.47603E-01    0.55660E-01   -0.87928E-02   -0.45947E-02   -0.16252E-01    0.10116E-03    0.76029E-02   -0.27102E-03    0.91376E-02   -0.19527E-03   -0.64114E-03    0.21165E-01
   -0.10882E-05   -0.10645E-03   -0.14585E-05    0.21058E-03   -0.12828E-01   -0.61778E-03   -0.51908E-03    0.14320E-03   -0.10827E+02   -0.19139E+01    0.16513E+00    0.51887E+00    0.16943E+01    0.17614E+01    0.15883E-01    0.20367E-01    0.12042E-01   -0.24896E-05   -0.10436E-03   -0.17987E+00   -0.21192E+01    0.44077E-01   -0.24181E-02    0.23609E-02   -0.65156E-02    0.61435E-02    0.30620E-01   -0.42133E-02    0.46356E-02   -0.25399E-01   -0.79925E-02   -0.39340E-01   -0.32716E-01   -0.55630E-02   -0.31374E-01   -0.13067E-01   -0.39555E-02    0.23084E-02   -0.19887E-01   -0.19199E-01   -0.11863E-01   -0.55898E-01   -0.66790E+00   -0.70692E+00   -0.74412E-01   -0.10120E+01    0.41547E-01    0.66218E-01   -0.12096E-02   -0.45579E-02   -0.20751E-02    0.45949E-03   -0.24994E-02    0.58022E-03   -0.22936E-02    0.34225E-02    0.79984E-03   -0.14932E-02
    0.45290E-06   -0.14855E-04    0.78337E-05    0.28564E-05   -0.10466E-02    0.18717E-03    0.24845E-04    0.15278E-04   -0.61510E-01    0.57124E-01   -0.32126E+00    0.35799E-02    0.19771E+00    0.15883E-01    0.40025E-02   -0.74926E-05    0.27537E-02   -0.11679E-06   -0.31928E-05   -0.97430E-03   -0.15080E-01    0.15566E-03    0.19299E-02   -0.98584E-04    0.65344E-03   -0.56769E-03    0.12184E-02   -0.46884E-02    0.27440E-02   -0.19678E-02    0.40638E-03   -0.22614E-03    0.98835E-03   -0.12561E-02    0.95008E-05   -0.82649E-03    0.73805E-03    0.83318E-03   -0.43709E-02   -0.50867E-02   -0.22372E-02   -0.11739E-02   -0.13785E+00   -0.86508E-02   -0.42566E-02   -0.96310E-01    0.49273E-03    0.16276E-02    0.34798E-03   -0.27172E-04    0.33909E-04   -0.36535E-04   -0.11777E-04   -0.43243E-04    0.11883E-04   -0.30932E-04   -0.75559E-04    0.14482E-03
    0.43261E-06   -0.28791E-05    0.35622E-05    0.93214E-05   -0.86162E-04    0.10888E-03    0.32649E-04    0.38921E-04   -0.63930E-01    0.53589E-01   -0.19094E-01   -0.20777E-02    0.25468E-01    0.20367E-01   -0.74926E-05    0.29393E-02   -0.30547E-03    0.92142E-07    0.45347E-05   -0.45685E-03   -0.11126E-01    0.12374E-02   -0.74769E-03    0.56156E-03    0.43046E-03   -0.27279E-03   -0.24756E-02   -0.34214E-03    0.12044E-02    0.97098E-03   -0.82360E-03    0.93664E-03   -0.84966E-03    0.15949E-02   -0.32383E-03   -0.59515E-03   -0.17658E-02    0.76340E-03    0.15833E-03    0.51846E-03    0.74907E-03    0.57757E-02   -0.49283E-03   -0.12179E-01    0.25088E-02    0.52909E-02    0.16155E-03    0.15823E-02   -0.40830E-03   -0.14934E-03   -0.18521E-03   -0.80055E-05    0.17541E-04   -0.93785E-05    0.21723E-04    0.40874E-04   -0.14402E-04    0.58641E-04
   -0.75813E-06    0.11534E-04   -0.74917E-05   -0.11488E-04    0.45708E-03   -0.18341E-03   -0.53873E-04   -0.37535E-04   -0.18215E+00   -0.68028E-01   -0.47315E+00   -0.33481E-02    0.27185E+00    0.12042E-01    0.27537E-02   -0.30547E-03    0.50080E-02   -0.41810E-06   -0.79395E-05   -0.57717E-02   -0.31825E-01    0.31091E-02   -0.56375E-02   -0.21471E-02   -0.14151E-02   -0.10347E-03    0.28862E-02    0.27421E-02   -0.20359E-02    0.71374E-02   -0.48218E-02   -0.70404E-02   -0.11553E-01   -0.13821E-02   -0.63039E-02   -0.64214E-02   -0.30037E-02   -0.75015E-03    0.24818E-02    0.37002E-02    0.92360E-02   -0.84780E-02   -0.17749E+00    0.64771E-02   -0.96246E-02   -0.12796E+00   -0.70974E-03   -0.39821E-03    0.27659E-03   -0.59619E-04   -0.72611E-04    0.86515E-05    0.63744E-04    0.82021E-05    0.89365E-04    0.66337E-04   -0.85386E-05    0.21004E-03
    0.59810E-08    0.37470E-07   -0.75734E-08    0.10522E-06    0.52110E-05   -0.67922E-07    0.12283E-06    0.35725E-06    0.18335E-02    0.71672E-04    0.74572E-04   -0.24677E-05   -0.28125E-04   -0.24896E-05   -0.11679E-06    0.92142E-07   -0.41810E-06    0.15773E-06   -0.30770E-08    0.70087E-06    0.72160E-05   -0.24268E-04   -0.18336E-04    0.19829E-05    0.27508E-05    0.96937E-05    0.80427E-05   -0.31861E-05    0.37813E-05    0.20628E-06    0.41052E-05    0.88374E-05    0.64967E-05    0.56885E-05   -0.67763E-07   -0.39221E-05    0.11439E-04    0.37726E-05   -0.14677E-05   -0.20191E-05    0.46195E-05    0.14381E-06    0.31045E-05    0.99557E-05    0.20355E-05    0.89024E-05   -0.77071E-06   -0.76021E-06    0.29425E-07    0.90234E-06   -0.61960E-06   -0.40961E-07   -0.58380E-07   -0.28956E-07   -0.90661E-08   -0.25001E-07   -0.74647E-09   -0.19571E-07
    0.68611E-08    0.26967E-07    0.49041E-08    0.27095E-06    0.14747E-05   -0.31889E-07    0.27535E-06    0.84088E-06   -0.25176E-02   -0.94053E-03   -0.56788E-04    0.65858E-04    0.35859E-04   -0.10436E-03   -0.31928E-05    0.45347E-05   -0.79395E-05   -0.30770E-08    0.11075E-05    0.20390E-04    0.40980E-04    0.82930E-04    0.43491E-04   -0.16146E-06   -0.25849E-04   -0.18993E-04    0.39466E-03    0.37526E-04    0.18610E-04   -0.14883E-05    0.39956E-04   -0.35893E-03    0.17940E-04   -0.59063E-04    0.35470E-04    0.19372E-05    0.49582E-04    0.81471E-04   -0.45813E-04   -0.91461E-04    0.12784E-04    0.42210E-04    0.30715E-03    0.70287E-04    0.27644E-04    0.41635E-03    0.35235E-05   -0.30294E-06   -0.28547E-05    0.21634E-06    0.34212E-05    0.25966E-06    0.10880E-05    0.31493E-06    0.11178E-05   -0.91341E-07    0.59423E-06    0.13440E-05
    0.30081E-05   -0.62526E-04    0.30561E-04   -0.39961E-04   -0.19652E-02    0.73164E-03    0.20267E-03   -0.89636E-04    0.15279E+01    0.35011E+00    0.17404E+00    0.85309E-02   -0.37433E+00   -0.17987E+00   -0.97430E-03   -0.45685E-03   -0.57717E-02    0.70087E-06    0.20390E-04    0.70255E-01    0.37499E+00   -0.27575E-02   -0.39715E-02   -0.50607E-03   -0.46437E-02   -0.17645E-02   -0.91224E-02   -0.59039E-03    0.51308E-03    0.79621E-02   -0.39769E-02    0.12389E-01    0.11718E-02    0.55539E-02    0.22672E-02    0.55145E-02    0.29131E-03    0.17371E-02    0.53686E-02    0.81900E-02    0.46316E-02    0.63804E-01    0.14030E+00   -0.62434E-02    0.56592E-01    0.19711E+00    0.53874E-02    0.10059E-01    0.11252E-02   -0.52888E-04    0.27828E-03   -0.29554E-04    0.16652E-03   -0.32519E-04    0.16698E-03   -0.39519E-03    0.96467E-04    0.44423E-03
    0.34811E-04   -0.99887E-03    0.40890E-03   -0.25769E-03   -0.42210E-01    0.92898E-02    0.25642E-02   -0.68827E-03    0.10176E+02    0.19733E+01    0.23285E+01   -0.83039E+00   -0.40283E+01   -0.21192E+01   -0.15080E-01   -0.11126E-01   -0.31825E-01    0.72160E-05    0.40980E-04    0.37499E+00    0.43183E+01   -0.23682E-01   -0.17758E-03   -0.57228E-02   -0.19400E-01   -0.16943E-02   -0.35242E-01    0.18570E-01   -0.26948E-01    0.37400E-01   -0.98311E-03    0.26822E-01    0.63075E-01    0.36091E-01    0.44717E-01    0.33628E-01   -0.61176E-02   -0.63211E-02    0.46111E-01    0.57208E-01    0.19432E-01    0.59421E-01    0.10199E+01    0.17106E+00    0.18168E+00    0.14392E+01   -0.39059E-01   -0.17143E-01    0.16455E-01   -0.33182E-02   -0.37033E-02   -0.67722E-04    0.17609E-02   -0.18687E-03    0.14360E-02   -0.14046E-02   -0.17782E-03    0.99794E-03
    0.14596E-04    0.92648E-03   -0.15390E-03   -0.40814E-04    0.61909E-01   -0.13081E-02    0.11504E-02    0.22193E-02    0.16809E+02    0.10737E+00    0.29025E+00   -0.49102E-02    0.45928E-01    0.44077E-01    0.15566E-03    0.12374E-02    0.31091E-02   -0.24268E-04    0.82930E-04   -0.27575E-02   -0.23682E-01    0.66888E+00   -0.14079E+00   -0.12774E-01    0.23789E-01    0.64507E-02    0.20312E+00   -0.67461E-01   -0.37026E-01   -0.18686E-01   -0.62081E-01    0.29810E-01    0.39784E-01   -0.32787E-01   -0.45162E-01   -0.13211E+00    0.18091E+00    0.33243E-01   -0.29583E-01    0.17073E-01    0.69126E-01    0.47738E-04   -0.15138E+00   -0.53688E-01   -0.15207E-01   -0.15162E+00    0.78365E-03    0.30878E-02    0.37772E-03   -0.34274E-02   -0.89335E-03   -0.27879E-04   -0.34622E-03   -0.37224E-04   -0.36043E-03    0.11337E-03   -0.22457E-03   -0.48239E-03
   -0.11882E-05    0.41715E-04    0.19268E-04    0.13855E-03    0.51178E-02    0.85135E-03    0.36624E-03    0.70504E-03   -0.64273E+01    0.30070E+00    0.46462E+00   -0.13868E-01   -0.16747E+00   -0.24181E-02    0.19299E-02   -0.74769E-03   -0.56375E-02   -0.18336E-04    0.43491E-04   -0.39715E-02   -0.17758E-03   -0.14079E+00    0.90568E+00    0.35731E-02   -0.42675E-02   -0.45807E-02   -0.15211E+00    0.17710E+00    0.69048E-01   -0.27156E-01    0.11478E-01   -0.14061E+00    0.25065E-01    0.30710E-01   -0.28647E-02    0.16006E+00   -0.24412E+00    0.58310E-01    0.84639E-01    0.12793E-01   -0.22375E+00   -0.14599E-01    0.90342E-01    0.37866E-02   -0.13675E-01    0.40998E-01   -0.23278E-02   -0.32463E-02   -0.86947E-05    0.37894E-02    0.29044E-02   -0.15532E-03   -0.29241E-03   -0.28679E-03   -0.22527E-03   -0.47247E-03   -0.49024E-03   -0.36830E-03
   -0.78248E-05   -0.20303E-03    0.62031E-04    0.11851E-03   -0.16237E-01    0.95468E-03   -0.19903E-03   -0.83389E-04   -0.21934E+00    0.12340E+00    0.99647E-01   -0.96785E-03   -0.43349E-01    0.23609E-02   -0.98584E-04    0.56156E-03   -0.21471E-02    0.19829E-05   -0.16146E-06   -0.50607E-03   -0.57228E-02   -0.12774E-01    0.35731E-02    0.99593E+00    0.14596E-01    0.14689E-01   -0.32772E-01   -0.36629E-01    0.18878E+00   -0.11876E-01    0.83108E-01   -0.27589E-02    0.32165E-01   -0.66208E-02   -0.28529E-01    0.96174E-01   -0.47074E-01    0.38146E-01    0.14153E-01   -0.19321E+00    0.99396E-01    0.83871E-04    0.49819E-01   -0.13073E-01   -0.58347E-02   -0.18841E-01    0.14036E-03   -0.79114E-03   -0.37592E-03   -0.68916E-03   -0.20204E-02   -0.99348E-04   -0.50484E-04   -0.18305E-03   -0.26666E-03   -0.36312E-03   -0.23021E-03   -0.30213E-03
   -0.56505E-05   -0.11623E-03    0.14935E-04   -0.34626E-03   -0.11605E-01    0.47088E-03   -0.32030E-03   -0.69760E-03    0.55747E-01    0.91301E-01    0.11582E+00   -0.90731E-02   -0.26767E-01   -0.65156E-02    0.65344E-03    0.43046E-03   -0.14151E-02    0.27508E-05   -0.25849E-04   -0.46437E-02   -0.19400E-01    0.23789E-01   -0.42675E-02    0.14596E-01    0.10016E+01   -0.48030E-02    0.68229E-01   -0.77250E-01    0.73375E-01   -0.10878E+00    0.48752E-01    0.82163E-01    0.12879E+00    0.43961E-01    0.15398E+00   -0.94925E-01    0.10384E+00    0.46519E-01    0.64974E-02   -0.11008E+00    0.45087E-01    0.19452E-02    0.34168E-01   -0.10858E-01    0.63058E-02    0.68757E-01   -0.47624E-03   -0.29181E-02   -0.40982E-03    0.20230E-02    0.46472E-02    0.18232E-04    0.18474E-03    0.41247E-04   -0.22398E-04   -0.20689E-03   -0.14745E-03   -0.13174E-03
   -0.89700E-05   -0.23556E-03    0.55466E-04   -0.29937E-03   -0.19776E-01    0.53878E-03   -0.45392E-03   -0.96958E-03   -0.90270E+00   -0.16337E+00   -0.83046E-01    0.70919E-02   -0.21263E-01    0.61435E-02   -0.56769E-03   -0.27279E-03   -0.10347E-03    0.96937E-05   -0.18993E-04   -0.17645E-02   -0.16943E-02    0.64507E-02   -0.45807E-02    0.14689E-01   -0.48030E-02    0.99520E+00    0.30798E-01    0.46941E-01   -0.25691E-01    0.55830E-01    0.71179E-01    0.66797E-01   -0.73168E-01   -0.73121E-01    0.53057E-01    0.47741E-01    0.84556E-01   -0.54430E-01    0.92859E-01   -0.22228E-01    0.82972E-02    0.37259E-02    0.10398E-01    0.41268E-02   -0.33756E-03    0.47698E-01    0.14567E-03    0.23109E-03   -0.34673E-03   -0.24491E-02   -0.93926E-03    0.15027E-03   -0.12369E-03    0.57264E-04    0.26588E-04    0.20087E-03    0.40858E-04    0.36060E-03
    0.90193E-05    0.26067E-03   -0.54518E-04    0.14590E-03    0.17751E-01   -0.70377E-03    0.55357E-03    0.10715E-02   -0.21069E+01    0.18379E+00   -0.11918E+00   -0.22032E-01    0.34542E-01    0.30620E-01    0.12184E-02   -0.24756E-02    0.28862E-02    0.80427E-05    0.39466E-03   -0.91224E-02   -0.35242E-01    0.20312E+00   -0.15211E+00   -0.32772E-01    0.68229E-01    0.30798E-01    0.79058E+00   -0.31318E-01    0.72552E-02   -0.27767E-01   -0.21990E-01    0.10098E+00    0.10568E+00   -0.89948E-01    0.53158E-02   -0.67469E-01    0.64897E+00    0.23482E+00   -0.48911E-01   -0.44533E-01    0.80870E-01   -0.89021E-02    0.94458E-03   -0.22383E-02    0.11149E-03   -0.22140E-01   -0.18484E-02   -0.18884E-02    0.99591E-03   -0.12699E-02    0.92820E-04    0.38031E-03    0.16513E-03    0.30218E-03    0.85405E-04    0.60864E-03    0.32542E-03    0.90565E-04
   -0.59196E-05   -0.32286E-03    0.74443E-04   -0.36739E-03   -0.25635E-01    0.10987E-02   -0.28695E-03   -0.10079E-02   -0.54064E+01   -0.18236E+00    0.13473E+00    0.65307E-02   -0.33771E-01   -0.42133E-02   -0.46884E-02   -0.34214E-03    0.27421E-02   -0.31861E-05    0.37526E-04   -0.59039E-03    0.18570E-01   -0.67461E-01    0.17710E+00   -0.36629E-01   -0.77250E-01    0.46941E-01   -0.31318E-01    0.98239E+00    0.79483E-02   -0.44655E-02   -0.14857E-02    0.61170E-01   -0.86034E-02   -0.48899E-01   -0.35692E-01    0.16827E+00   -0.84814E-01    0.25077E+00    0.76895E+00    0.29762E+00   -0.19050E+00    0.27868E-02   -0.20913E-01   -0.62851E-02   -0.93546E-03   -0.31702E-02    0.12451E-03    0.11207E-02   -0.27653E-05    0.16305E-02   -0.13253E-02   -0.57029E-04   -0.11990E-03    0.18351E-03   -0.46973E-04    0.25644E-03    0.14016E-03    0.17231E-03
   -0.40073E-05   -0.69762E-04    0.17896E-05    0.16608E-03   -0.52272E-02   -0.10793E-03   -0.22109E-03    0.14899E-03   -0.11916E+01   -0.63072E-01   -0.32921E+00    0.78293E-02    0.94008E-01    0.46356E-02    0.27440E-02    0.12044E-02   -0.20359E-02    0.37813E-05    0.18610E-04    0.51308E-03   -0.26948E-01   -0.37026E-01    0.69048E-01    0.18878E+00    0.73375E-01   -0.25691E-01    0.72552E-02    0.79483E-02    0.10103E+01   -0.15343E-01   -0.75139E-02    0.77587E-01   -0.39788E-01    0.13800E+00    0.14595E+00   -0.13709E+00   -0.19361E+00    0.64932E+00    0.13823E+00   -0.62862E+00    0.17438E+00    0.38877E-02    0.10158E-01   -0.26092E-03    0.55504E-02    0.49852E-01    0.49089E-03    0.78821E-03   -0.33413E-03   -0.10455E-02    0.57162E-04   -0.38938E-04   -0.21922E-04   -0.12630E-03    0.80492E-04   -0.26200E-03    0.14027E-03   -0.30789E-04
   -0.11705E-04   -0.11959E-03    0.24316E-04    0.86407E-04   -0.12324E-01    0.42325E-03   -0.30035E-03   -0.80789E-04   -0.85721E+00   -0.74304E-01   -0.10262E+00    0.16149E-01    0.20664E+00   -0.25399E-01   -0.19678E-02    0.97098E-03    0.71374E-02    0.20628E-06   -0.14883E-05    0.79621E-02    0.37400E-01   -0.18686E-01   -0.27156E-01   -0.11876E-01   -0.10878E+00    0.55830E-01   -0.27767E-01   -0.44655E-02   -0.15343E-01    0.97715E+00   -0.49375E-02   -0.28877E-01   -0.98472E-01   -0.17032E+00   -0.25850E-01   -0.86231E-01   -0.86671E-01    0.60128E-01   -0.52245E-01    0.30071E+00    0.65544E+00    0.98046E-02   -0.17622E+00   -0.13600E-01   -0.73978E-02   -0.12660E+00    0.36098E-02    0.39599E-02   -0.27228E-03   -0.15938E-02    0.12817E-02   -0.33686E-04   -0.71100E-04   -0.40590E-04    0.16980E-03   -0.20806E-03    0.78707E-04    0.51165E-03
   -0.58010E-05   -0.17285E-03    0.36567E-04   -0.16405E-03   -0.13998E-01    0.37521E-03   -0.33245E-03   -0.66089E-03   -0.13225E+01   -0.11826E+00    0.12290E+00   -0.11628E-01   -0.16261E+00   -0.79925E-02    0.40638E-03   -0.82360E-03   -0.48218E-02    0.41052E-05    0.39956E-04   -0.39769E-02   -0.98311E-03   -0.62081E-01    0.11478E-01    0.83108E-01    0.48752E-01    0.71179E-01   -0.21990E-01   -0.14857E-02   -0.75139E-02   -0.49375E-02    0.98581E+00   -0.46575E-01    0.77051E-01    0.21555E-01    0.14815E+00    0.70708E-02    0.11904E+00   -0.56486E+00    0.38265E+00   -0.33533E+00    0.22529E+00    0.17917E-03    0.12796E+00   -0.16579E-01    0.66562E-03    0.66338E-01   -0.13316E-03   -0.52898E-03   -0.91701E-04    0.30688E-03    0.37398E-03    0.73953E-04   -0.46371E-04   -0.60511E-04    0.11432E-03    0.45668E-04    0.24148E-04   -0.26779E-03
    0.80469E-06    0.12824E-04    0.22724E-05   -0.14359E-03   -0.75347E-03    0.41966E-03    0.21818E-03   -0.13974E-03    0.39443E+00   -0.35690E-01    0.15599E+00    0.40137E-01   -0.11667E+00   -0.39340E-01   -0.22614E-03    0.93664E-03   -0.70404E-02    0.88374E-05   -0.35893E-03    0.12389E-01    0.26822E-01    0.29810E-01   -0.14061E+00   -0.27589E-02    0.82163E-01    0.66797E-01    0.10098E+00    0.61170E-01    0.77587E-01   -0.28877E-01   -0.46575E-01    0.88567E+00    0.41048E-02   -0.37886E-01    0.17655E-01   -0.47632E-02    0.63582E+00    0.18392E+00    0.12904E+00    0.33661E-01   -0.89579E-01    0.24988E-01    0.20371E+00   -0.14225E-01    0.15459E-01    0.18896E+00    0.41911E-02    0.31281E-02   -0.13153E-02   -0.26489E-02   -0.35772E-02    0.14500E-03    0.37926E-03    0.26750E-04    0.22573E-03   -0.27910E-03    0.10139E-03    0.47986E-03
   -0.95116E-06   -0.10366E-03    0.42077E-04   -0.22719E-03   -0.64066E-02    0.86645E-03    0.73338E-04   -0.42799E-03    0.11394E+01    0.34315E+00    0.46495E+00   -0.34921E-01   -0.46246E+00   -0.32716E-01    0.98835E-03   -0.84966E-03   -0.11553E-01    0.64967E-05    0.17940E-04    0.11718E-02    0.63075E-01    0.39784E-01    0.25065E-01    0.32165E-01    0.12879E+00   -0.73168E-01    0.10568E+00   -0.86034E-02   -0.39788E-01   -0.98472E-01    0.77051E-01    0.41048E-02    0.95331E+00   -0.53227E-02   -0.22576E-01   -0.60361E-02    0.86236E-01    0.15444E+00   -0.10009E-01    0.13516E+00    0.13809E+00   -0.27905E-03    0.31534E+00    0.39992E-02    0.10723E-01    0.22128E+00   -0.27766E-02   -0.34270E-02    0.34628E-03    0.40888E-02    0.40595E-02   -0.12218E-03    0.49787E-04   -0.13895E-03   -0.84886E-04   -0.10021E-03   -0.19465E-03   -0.89267E-03
    0.21149E-05   -0.52092E-04    0.17905E-04   -0.94614E-04   -0.39459E-02    0.35073E-03   -0.10855E-03   -0.25889E-03    0.64114E+00   -0.78590E-02    0.25233E-01    0.13678E-01   -0.46883E-01   -0.55630E-02   -0.12561E-02    0.15949E-02   -0.13821E-02    0.56885E-05   -0.59063E-04    0.55539E-02    0.36091E-01   -0.32787E-01    0.30710E-01   -0.66208E-02    0.43961E-01   -0.73121E-01   -0.89948E-01   -0.48899E-01    0.13800E+00   -0.17032E+00    0.21555E-01   -0.37886E-01   -0.53227E-02    0.10058E+01    0.21046E-01    0.15801E-01   -0.13089E+00    0.44526E-01    0.16771E+00    0.20838E-01   -0.83584E-01    0.81372E-02    0.12503E-01   -0.71968E-02    0.11045E-01    0.38155E-01    0.86916E-03    0.17905E-02   -0.31149E-03    0.29173E-02    0.47958E-03   -0.21041E-04   -0.10068E-03   -0.28246E-04    0.31873E-04   -0.84001E-04   -0.54391E-04   -0.17616E-03
   -0.70906E-05   -0.18428E-03    0.32896E-04    0.58468E-04   -0.14964E-01    0.46931E-03   -0.24678E-03   -0.26085E-03   -0.14093E+01   -0.18278E+00    0.18181E+00   -0.13814E-01   -0.24301E+00   -0.31374E-01    0.95008E-05   -0.32383E-03   -0.63039E-02   -0.67763E-07    0.35470E-04    0.22672E-02    0.44717E-01   -0.45162E-01   -0.28647E-02   -0.28529E-01    0.15398E+00    0.53057E-01    0.53158E-02   -0.35692E-01    0.14595E+00   -0.25850E-01    0.14815E+00    0.17655E-01   -0.22576E-01    0.21046E-01    0.97724E+00   -0.14265E-02   -0.30354E-03    0.23338E-01    0.11345E+00   -0.24839E+00    0.12841E+00   -0.51519E-02    0.16348E+00   -0.51021E-02    0.58560E-02    0.11893E+00   -0.60707E-03   -0.22978E-02   -0.20535E-04   -0.36415E-02    0.53279E-04   -0.13934E-05   -0.17639E-03   -0.22448E-04   -0.11162E-03   -0.20587E-04    0.91098E-05   -0.13814E-03
    0.90685E-06   -0.24343E-03    0.65728E-04    0.24988E-03   -0.16619E-01    0.10729E-02   -0.11003E-03    0.12598E-03   -0.38757E+01    0.16274E+00    0.33018E+00    0.94580E-02   -0.24395E+00   -0.13067E-01   -0.82649E-03   -0.59515E-03   -0.64214E-02   -0.39221E-05    0.19372E-05    0.55145E-02    0.33628E-01   -0.13211E+00    0.16006E+00    0.96174E-01   -0.94925E-01    0.47741E-01   -0.67469E-01    0.16827E+00   -0.13709E+00   -0.86231E-01    0.70708E-02   -0.47632E-02   -0.60361E-02    0.15801E-01   -0.14265E-02    0.96728E+00   -0.47116E-01   -0.42241E-01    0.47927E-01    0.18575E+00   -0.96931E-01    0.12908E-01    0.14621E+00   -0.14396E-01    0.10459E-01    0.11544E+00    0.84390E-03    0.75085E-03   -0.39800E-04    0.13985E-02   -0.22232E-02   -0.90759E-04   -0.21284E-03   -0.52314E-04   -0.21603E-03   -0.50144E-03   -0.19753E-04   -0.27200E-03
    0.84826E-05    0.23494E-03   -0.45577E-04   -0.30052E-04    0.15335E-01   -0.33301E-03    0.60079E-03    0.65754E-03   -0.50888E+00    0.12411E+00    0.78287E-01    0.56116E-02   -0.89767E-01   -0.39555E-02    0.73805E-03   -0.17658E-02   -0.30037E-02    0.11439E-04    0.49582E-04    0.29131E-03   -0.61176E-02    0.18091E+00   -0.24412E+00   -0.47074E-01    0.10384E+00    0.84556E-01    0.64897E+00   -0.84814E-01   -0.19361E+00   -0.86671E-01    0.11904E+00    0.63582E+00    0.86236E-01   -0.13089E+00   -0.30354E-03   -0.47116E-01    0.99529E+00   -0.17909E-01    0.15342E-01    0.24642E-02   -0.16263E-01    0.74793E-02    0.15022E+00   -0.11561E-01    0.88335E-02    0.10548E+00    0.11011E-02    0.15031E-03   -0.17214E-04   -0.23638E-02   -0.23593E-02    0.41652E-03    0.39376E-03    0.24964E-03    0.21813E-03    0.33114E-03    0.24949E-03    0.35813E-03
   -0.24812E-06   -0.11714E-04    0.45015E-05    0.12753E-03   -0.12677E-02    0.17905E-03    0.11959E-03    0.40293E-03   -0.24052E+01    0.86634E-01   -0.10545E+00    0.52482E-02    0.26827E-01    0.23084E-02    0.83318E-03    0.76340E-03   -0.75015E-03    0.37726E-05    0.81471E-04    0.17371E-02   -0.63211E-02    0.33243E-01    0.58310E-01    0.38146E-01    0.46519E-01   -0.54430E-01    0.23482E+00    0.25077E+00    0.64932E+00    0.60128E-01   -0.56486E+00    0.18392E+00    0.15444E+00    0.44526E-01    0.23338E-01   -0.42241E-01   -0.17909E-01    0.99940E+00    0.79960E-03   -0.71196E-02   -0.18244E-01    0.55513E-02    0.36056E-01    0.23282E-02    0.64991E-02    0.67610E-01    0.26568E-03    0.27334E-03   -0.16164E-03   -0.49693E-03    0.38110E-03   -0.18998E-04    0.40687E-04    0.29865E-04   -0.38980E-05   -0.39150E-04    0.19661E-03    0.14054E-04
   -0.86641E-05   -0.27516E-03    0.65143E-04   -0.46733E-03   -0.23996E-01    0.10243E-02   -0.33361E-03   -0.11270E-02   -0.31708E+01   -0.29766E+00    0.15659E+00    0.12235E-01   -0.62555E-01   -0.19887E-01   -0.43709E-02    0.15833E-03    0.24818E-02   -0.14677E-05   -0.45813E-04    0.53686E-02    0.46111E-01   -0.29583E-01    0.84639E-01    0.14153E-01    0.64974E-02    0.92859E-01   -0.48911E-01    0.76895E+00    0.13823E+00   -0.52245E-01    0.38265E+00    0.12904E+00   -0.10009E-01    0.16771E+00    0.11345E+00    0.47927E-01    0.15342E-01    0.79960E-03    0.98957E+00   -0.21403E-02    0.27680E-02    0.82376E-02   -0.21377E-01   -0.16556E-01    0.19748E-02   -0.24982E-02    0.12724E-02    0.29169E-02   -0.14170E-03    0.35524E-04   -0.16435E-02    0.19939E-04   -0.14429E-03    0.10147E-03    0.25028E-04    0.17836E-04    0.11013E-03   -0.33860E-04
    0.22179E-05    0.12701E-04    0.19915E-04   -0.10276E-03    0.15286E-04    0.45087E-03    0.15600E-03   -0.62807E-04   -0.22407E+00   -0.19249E-01    0.37518E+00    0.93122E-02   -0.87145E-01   -0.19199E-01   -0.50867E-02    0.51846E-03    0.37002E-02   -0.20191E-05   -0.91461E-04    0.81900E-02    0.57208E-01    0.17073E-01    0.12793E-01   -0.19321E+00   -0.11008E+00   -0.22228E-01   -0.44533E-01    0.29762E+00   -0.62862E+00    0.30071E+00   -0.33533E+00    0.33661E-01    0.13516E+00    0.20838E-01   -0.24839E+00    0.18575E+00    0.24642E-02   -0.71196E-02   -0.21403E-02    0.98193E+00   -0.14978E-01    0.10750E-01   -0.17458E-01   -0.39713E-02    0.15424E-02   -0.35262E-01    0.14576E-02    0.23428E-02   -0.12006E-03   -0.30938E-03    0.11590E-02   -0.63845E-04   -0.18214E-04    0.10946E-03   -0.47289E-04    0.12014E-03   -0.71381E-05    0.29489E-04
   -0.65669E-05   -0.21011E-04   -0.57567E-05    0.49222E-04   -0.48012E-02   -0.23891E-03   -0.31562E-03   -0.60487E-04    0.19891E+01   -0.73034E-01   -0.29732E+00    0.95015E-02    0.24737E+00   -0.11863E-01   -0.22372E-02    0.74907E-03    0.92360E-02    0.46195E-05    0.12784E-04    0.46316E-02    0.19432E-01    0.69126E-01   -0.22375E+00    0.99396E-01    0.45087E-01    0.82972E-02    0.80870E-01   -0.19050E+00    0.17438E+00    0.65544E+00    0.22529E+00   -0.89579E-01    0.13809E+00   -0.83584E-01    0.12841E+00   -0.96931E-01   -0.16263E-01   -0.18244E-01    0.27680E-02   -0.14978E-01    0.97282E+00    0.29260E-02   -0.24888E+00    0.46456E-03   -0.53828E-02   -0.18118E+00    0.19656E-02    0.32104E-02    0.31929E-03   -0.32475E-02    0.13584E-02    0.49398E-04   -0.46168E-04    0.26036E-05    0.12591E-03   -0.65413E-04    0.14682E-03    0.85820E-04
   -0.50077E-05    0.23722E-03   -0.82272E-04   -0.12046E-03    0.15743E-01   -0.18242E-02   -0.24750E-03   -0.22493E-03    0.81765E+00    0.10260E+00   -0.45119E-01    0.72242E-01   -0.30835E+00   -0.55898E-01   -0.11739E-02    0.57757E-02   -0.84780E-02    0.14381E-06    0.42210E-04    0.63804E-01    0.59421E-01    0.47738E-04   -0.14599E-01    0.83871E-04    0.19452E-02    0.37259E-02   -0.89021E-02    0.27868E-02    0.38877E-02    0.98046E-02    0.17917E-03    0.24988E-01   -0.27905E-03    0.81372E-02   -0.51519E-02    0.12908E-01    0.74793E-02    0.55513E-02    0.82376E-02    0.10750E-01    0.29260E-02    0.34565E+00    0.21245E+00    0.14628E-01    0.15896E+00    0.56053E+00    0.14071E-01    0.17909E-01   -0.46309E-02   -0.22187E-02   -0.30325E-03    0.69886E-03    0.13133E-03    0.84615E-03    0.19106E-03   -0.29052E-03    0.37831E-03    0.17670E-02
   -0.35782E-04    0.85051E-03   -0.52720E-03   -0.91432E-04    0.67835E-01   -0.12756E-01   -0.22442E-02   -0.19807E-02    0.14184E+01   -0.31877E+01    0.15468E+02   -0.16823E+00   -0.10936E+02   -0.66790E+00   -0.13785E+00   -0.49283E-03   -0.17749E+00    0.31045E-05    0.30715E-03    0.14030E+00    0.10199E+01   -0.15138E+00    0.90342E-01    0.49819E-01    0.34168E-01    0.10398E-01    0.94458E-03   -0.20913E-01    0.10158E-01   -0.17622E+00    0.12796E+00    0.20371E+00    0.31534E+00    0.12503E-01    0.16348E+00    0.14621E+00    0.15022E+00    0.36056E-01   -0.21377E-01   -0.17458E-01   -0.24888E+00    0.21245E+00    0.15621E+02    0.27614E+00    0.44528E+00    0.57456E+01   -0.11551E-01   -0.45042E-01   -0.12749E-01    0.13144E-01    0.18544E-01    0.24801E-02    0.21812E-01    0.28064E-02    0.14629E-01    0.29783E-02    0.51192E-02   -0.50879E-02
   -0.16363E-04    0.57961E-03   -0.25380E-03    0.59102E-04    0.38790E-01   -0.60855E-02   -0.10267E-02   -0.20380E-03    0.35926E+01   -0.27670E+00   -0.17436E+01   -0.21874E+00    0.13053E+00   -0.70692E+00   -0.86508E-02   -0.12179E-01    0.64771E-02    0.99557E-05    0.70287E-04   -0.62434E-02    0.17106E+00   -0.53688E-01    0.37866E-02   -0.13073E-01   -0.10858E-01    0.41268E-02   -0.22383E-02   -0.62851E-02   -0.26092E-03   -0.13600E-01   -0.16579E-01   -0.14225E-01    0.39992E-02   -0.71968E-02   -0.51021E-02   -0.14396E-01   -0.11561E-01    0.23282E-02   -0.16556E-01   -0.39713E-02    0.46456E-03    0.14628E-01    0.27614E+00    0.22279E+01    0.68572E-02    0.34302E+00   -0.94674E-01   -0.11207E+00   -0.45925E-02    0.86911E-02    0.45847E-02    0.13736E-03    0.22460E-02    0.27454E-04    0.20387E-02    0.18256E-02    0.91688E-03    0.17181E-02
   -0.67961E-05    0.39497E-03   -0.17171E-03   -0.75327E-04    0.26173E-01   -0.39383E-02   -0.72105E-03   -0.32894E-03   -0.40464E+00   -0.77857E+00    0.47177E-01   -0.43772E-02   -0.65019E+00   -0.74412E-01   -0.42566E-02    0.25088E-02   -0.96246E-02    0.20355E-05    0.27644E-04    0.56592E-01    0.18168E+00   -0.15207E-01   -0.13675E-01   -0.58347E-02    0.63058E-02   -0.33756E-03    0.11149E-03   -0.93546E-03    0.55504E-02   -0.73978E-02    0.66562E-03    0.15459E-01    0.10723E-01    0.11045E-01    0.58560E-02    0.10459E-01    0.88335E-02    0.64991E-02    0.19748E-02    0.15424E-02   -0.53828E-02    0.15896E+00    0.44528E+00    0.68572E-02    0.25560E+00    0.43597E+00    0.78520E-02    0.15305E-01   -0.13515E-03    0.83769E-03    0.26301E-02    0.43283E-03    0.27403E-03    0.51202E-03    0.22208E-03    0.95108E-03    0.94235E-03    0.52465E-03
