# omegabh2 omegach2 theta tau mnu ns logA aps100 aps143 aps217 acib143 acib217 asz143 psr cibr ncib cal0 cal2 xi aksz bm_1_1 bm_1_2 bm_1_3 bm_1_4 bm_1_5 bm_2_1 bm_2_2 bm_2_3 bm_2_4 bm_2_5 bm_3_1 bm_3_2 bm_3_3 bm_3_4 bm_3_5 bm_4_1 bm_4_2 bm_4_3 bm_4_4 bm_4_5
    0.13023E-06   -0.82031E-06    0.16711E-06    0.97757E-06   -0.72862E-04    0.25487E-05    0.54264E-06   -0.23919E-02   -0.10701E-02   -0.24414E-03   -0.26472E-03   -0.38383E-03    0.64507E-04    0.21492E-06   -0.65086E-05   -0.34414E-05    0.19771E-08   -0.24933E-07    0.21316E-05   -0.83973E-04   -0.14423E-04   -0.10279E-04   -0.18810E-05   -0.10275E-05    0.97557E-06    0.56915E-06   -0.11106E-06    0.27203E-05   -0.15845E-05    0.68889E-06   -0.79618E-05   -0.83629E-05    0.11436E-05    0.29279E-05    0.13680E-05   -0.47722E-05   -0.17527E-05   -0.69133E-06   -0.82497E-05   -0.34287E-05
   -0.82031E-06    0.95448E-05   -0.13903E-05   -0.12720E-04    0.64432E-03   -0.25559E-04   -0.60630E-05    0.12271E-01    0.64181E-02    0.29243E-02    0.12271E-02    0.17289E-02   -0.24182E-03   -0.10332E-06    0.22454E-04    0.14528E-04   -0.58107E-08    0.13716E-06   -0.17358E-04    0.51591E-03    0.15647E-03   -0.11300E-04   -0.45324E-04    0.15631E-04   -0.92137E-05    0.36712E-04    0.73376E-05   -0.24706E-04   -0.13899E-04    0.28823E-04    0.46773E-04    0.51998E-04   -0.31577E-04    0.17398E-04   -0.38460E-04    0.62846E-04    0.14016E-05    0.22966E-04    0.40844E-04    0.37606E-04
    0.16711E-06   -0.13903E-05    0.54177E-06    0.16081E-05   -0.12341E-03    0.43582E-05    0.87112E-06   -0.17191E-02   -0.10980E-02   -0.50225E-03   -0.21669E-03   -0.30760E-03    0.35425E-04   -0.28281E-06   -0.30589E-05   -0.31416E-05    0.22159E-08   -0.15826E-07    0.27630E-05   -0.92611E-04   -0.17122E-04    0.39113E-05    0.53788E-05    0.33236E-05    0.15659E-05   -0.40868E-05    0.90312E-05    0.69422E-05   -0.60915E-05   -0.30432E-05   -0.84483E-05   -0.30116E-06    0.24925E-06    0.26560E-05    0.63283E-05   -0.10490E-04    0.27549E-05    0.99360E-05   -0.92410E-05   -0.50386E-05
    0.97757E-06   -0.12720E-04    0.16081E-05    0.16783E-03    0.31626E-03    0.38337E-04    0.30247E-03   -0.29441E-01   -0.10880E-01    0.75366E-03   -0.30507E-02   -0.45178E-02    0.39318E-03    0.22128E-04   -0.15695E-03   -0.87221E-05   -0.12978E-07   -0.48286E-06   -0.90256E-05   -0.17780E-02   -0.25455E-03    0.12085E-04   -0.24495E-03    0.35709E-04    0.15013E-04    0.21789E-03    0.20234E-04    0.73302E-05    0.20258E-04    0.53361E-04   -0.11368E-04    0.25400E-04    0.42340E-04    0.11844E-03   -0.17181E-04    0.15719E-03    0.29985E-04    0.20413E-04    0.35285E-04    0.80794E-04
   -0.72862E-04    0.64432E-03   -0.12341E-03    0.31626E-03    0.95583E-01   -0.19907E-02    0.17062E-02    0.97362E+00    0.66052E+00    0.32830E+00    0.91689E-01    0.14751E+00   -0.29325E-01    0.17244E-03    0.15828E-02    0.15229E-02   -0.66804E-06    0.15648E-04   -0.14282E-02    0.36452E-01    0.15238E-01    0.37062E-02   -0.35671E-02    0.48639E-02    0.78421E-03    0.61238E-02   -0.10036E-02   -0.95814E-03   -0.18359E-02    0.27771E-02    0.46119E-02    0.46906E-02    0.13861E-02   -0.13659E-03   -0.47058E-02    0.82031E-02    0.13265E-03    0.19477E-02    0.18548E-02    0.37261E-02
    0.25487E-05   -0.25559E-04    0.43582E-05    0.38337E-04   -0.19907E-02    0.91312E-04    0.25630E-04   -0.91256E-01   -0.15013E-01    0.63591E-02   -0.11690E-01   -0.13489E-01    0.19809E-03    0.55847E-04   -0.32597E-03   -0.40175E-04   -0.39659E-07   -0.50910E-06    0.11472E-03   -0.41237E-02   -0.18063E-03   -0.31878E-05   -0.34025E-04    0.24728E-04    0.20227E-04    0.19319E-03    0.24454E-04    0.10102E-03   -0.41412E-04   -0.13482E-03   -0.13998E-03   -0.14524E-03    0.41640E-04    0.41677E-04    0.76984E-04    0.26105E-04    0.11442E-03   -0.45917E-04   -0.18510E-03   -0.14833E-03
    0.54264E-06   -0.60630E-05    0.87112E-06    0.30247E-03    0.17062E-02    0.25630E-04    0.58677E-03   -0.59153E-01   -0.16954E-02    0.17944E-01   -0.85632E-02   -0.10021E-01   -0.71946E-03    0.74592E-04   -0.45065E-03    0.38366E-04    0.59127E-07   -0.52267E-06   -0.28754E-04   -0.40938E-02    0.43356E-03    0.19099E-03   -0.60845E-03    0.93861E-04   -0.16538E-04    0.81054E-03    0.16197E-03   -0.56856E-04   -0.11819E-04    0.95118E-04    0.24309E-04    0.17379E-03   -0.15317E-04    0.28374E-03   -0.13759E-03    0.61749E-03    0.17246E-03    0.16860E-03    0.18819E-03    0.24694E-03
   -0.23919E-02    0.12271E-01   -0.17191E-02   -0.29441E-01    0.97362E+00   -0.91256E-01   -0.59153E-01    0.26780E+04    0.51251E+02   -0.14937E+03    0.11986E+03    0.10794E+03   -0.72680E+02   -0.99608E+00    0.15139E+00    0.12909E+01    0.66812E-03   -0.20398E-03   -0.16389E+00   -0.18123E+02    0.97749E+01   -0.10175E+02    0.12203E+01   -0.51571E+00    0.63343E+00   -0.40274E+00   -0.44541E+01   -0.36151E+00    0.36127E+00   -0.33918E+00    0.10295E+01    0.12012E+00   -0.38995E+00   -0.12319E+01   -0.34292E+01    0.99662E+00   -0.16847E+01   -0.18287E+01   -0.66242E+00    0.31027E+01
   -0.10701E-02    0.64181E-02   -0.10980E-02   -0.10880E-01    0.66052E+00   -0.15013E-01   -0.16954E-02    0.51251E+02    0.19777E+03    0.65118E+02   -0.35601E+02   -0.11882E+02   -0.81772E+01   -0.23090E+00   -0.74628E-01   -0.19467E+00    0.90438E-04    0.37382E-02    0.12190E+01   -0.13568E+02    0.14995E+01    0.46084E+00    0.30377E+00    0.17860E+00   -0.96453E-01   -0.17494E+01   -0.87320E+00   -0.12260E+00   -0.24708E+00   -0.35461E+00    0.13021E+01    0.36980E+00    0.58187E+00   -0.79479E-01   -0.20545E+00   -0.34881E+00   -0.46866E+00   -0.27462E+00    0.40709E+00    0.18467E-01
   -0.24414E-03    0.29243E-02   -0.50225E-03    0.75366E-03    0.32830E+00    0.63591E-02    0.17944E-01   -0.14937E+03    0.65118E+02    0.21355E+03   -0.34430E+02   -0.73619E+02    0.35134E+01   -0.50348E-01   -0.90418E+00   -0.10175E+01    0.10096E-03   -0.40796E-02    0.26481E+00   -0.11240E+02    0.17168E+01    0.10083E+01   -0.19952E+00    0.30494E+00    0.61375E-01    0.13338E+01    0.20943E+00   -0.25166E+00   -0.20777E+00    0.30632E+00   -0.11873E+01    0.83584E+00   -0.40383E+00    0.70328E+00    0.28327E+00    0.24426E+00    0.22379E+00    0.15842E+00    0.13705E+00   -0.14496E+00
   -0.26472E-03    0.12271E-02   -0.21669E-03   -0.30507E-02    0.91689E-01   -0.11690E-01   -0.85632E-02    0.11986E+03   -0.35601E+02   -0.34430E+02    0.26537E+02    0.18319E+02   -0.25274E+01    0.10027E-01    0.18076E+00    0.21843E+00   -0.97788E-04   -0.10202E-02    0.32721E-01   -0.64181E+00   -0.10178E+01   -0.53253E+00   -0.19207E-01   -0.61886E-01    0.84244E-01    0.77043E+00    0.25723E+00    0.43255E-01    0.17844E+00    0.17746E+00   -0.36594E+00   -0.13415E+00   -0.16741E+00   -0.16519E-01    0.34398E-01    0.31343E+00    0.15699E+00    0.96137E-01   -0.14859E+00    0.22110E+00
   -0.38383E-03    0.17289E-02   -0.30760E-03   -0.45178E-02    0.14751E+00   -0.13489E-01   -0.10021E-01    0.10794E+03   -0.11882E+02   -0.73619E+02    0.18319E+02    0.35272E+02   -0.22298E+01    0.69530E-01    0.37837E+00    0.52412E+00   -0.38967E-04    0.17679E-02   -0.15260E+00   -0.10860E+01   -0.63953E+00   -0.49732E+00    0.10006E+00   -0.14606E+00   -0.61576E-02   -0.46252E+00   -0.37963E-01    0.66270E-01    0.25384E+00   -0.15909E+00    0.48818E+00   -0.49418E+00    0.99497E-01   -0.38749E+00   -0.19585E+00   -0.34482E-01   -0.10743E+00   -0.12750E-01   -0.42941E-02    0.24828E+00
    0.64507E-04   -0.24182E-03    0.35425E-04    0.39318E-03   -0.29325E-01    0.19809E-03   -0.71946E-03   -0.72680E+02   -0.81772E+01    0.35134E+01   -0.25274E+01   -0.22298E+01    0.79470E+01    0.47692E-01    0.27274E+00   -0.13670E+00    0.25312E-04   -0.13913E-03   -0.18823E-01   -0.14108E+00    0.19849E+00    0.11161E+00    0.24105E-01    0.92394E-02   -0.46488E-01   -0.10864E+00    0.46588E-01   -0.48388E-01   -0.17733E-01   -0.83903E-02   -0.34361E-01   -0.53308E-03    0.18087E-02   -0.40996E-01   -0.30348E-02   -0.98467E-01   -0.42208E-01    0.24706E-01    0.44913E-01   -0.13808E-01
    0.21492E-06   -0.10332E-06   -0.28281E-06    0.22128E-04    0.17244E-03    0.55847E-04    0.74592E-04   -0.99608E+00   -0.23090E+00   -0.50348E-01    0.10027E-01    0.69530E-01    0.47692E-01    0.76573E-02   -0.64903E-02    0.76588E-02    0.13743E-05   -0.26892E-04    0.37514E-02   -0.14782E-01    0.94727E-02    0.52339E-02   -0.33235E-03   -0.99445E-03   -0.17119E-02    0.60966E-02   -0.59724E-03   -0.37129E-03   -0.14883E-02   -0.76503E-03   -0.95626E-02   -0.14379E-02   -0.16093E-02   -0.33637E-02   -0.13065E-02   -0.12383E-02   -0.63406E-03   -0.41996E-02   -0.53057E-02   -0.21670E-02
   -0.65086E-05    0.22454E-04   -0.30589E-05   -0.15695E-03    0.15828E-02   -0.32597E-03   -0.45065E-03    0.15139E+00   -0.74628E-01   -0.90418E+00    0.18076E+00    0.37837E+00    0.27274E+00   -0.64903E-02    0.44758E-01   -0.12588E-01   -0.17999E-05    0.84386E-04    0.16018E-02   -0.40131E-01   -0.17020E-01   -0.83635E-02    0.38615E-02    0.25001E-02   -0.16163E-02   -0.31225E-01   -0.22222E-02   -0.15690E-02   -0.17277E-02   -0.30405E-02    0.31693E-01    0.10863E-02    0.42916E-02   -0.21191E-02    0.60529E-03   -0.21853E-02   -0.42594E-02    0.43270E-02    0.10207E-01   -0.28517E-02
   -0.34414E-05    0.14528E-04   -0.31416E-05   -0.87221E-05    0.15229E-02   -0.40175E-04    0.38366E-04    0.12909E+01   -0.19467E+00   -0.10175E+01    0.21843E+00    0.52412E+00   -0.13670E+00    0.76588E-02   -0.12588E-01    0.21240E-01    0.85835E-06   -0.20437E-04   -0.19697E-02   -0.12764E-02    0.65033E-02   -0.76348E-02   -0.18699E-02   -0.53197E-02   -0.21139E-02    0.55008E-02    0.32921E-02   -0.26947E-02    0.10211E-01   -0.85514E-02   -0.12667E-01   -0.19343E-01    0.89099E-03   -0.15915E-01   -0.95232E-02   -0.46388E-02   -0.19599E-02   -0.12357E-02    0.13740E-02    0.11899E-01
    0.19771E-08   -0.58107E-08    0.22159E-08   -0.12978E-07   -0.66804E-06   -0.39659E-07    0.59127E-07    0.66812E-03    0.90438E-04    0.10096E-03   -0.97788E-04   -0.38967E-04    0.25312E-04    0.13743E-05   -0.17999E-05    0.85835E-06    0.15839E-06    0.93617E-08   -0.28537E-06   -0.76744E-06   -0.24278E-04   -0.82193E-05    0.17133E-05   -0.35734E-05   -0.50624E-05    0.69850E-05    0.21020E-05   -0.49027E-06    0.11583E-06    0.65490E-05    0.27464E-05    0.26000E-05   -0.78253E-06    0.46757E-06    0.16608E-05    0.77934E-05   -0.31276E-06    0.12987E-05   -0.18585E-05    0.26177E-05
   -0.24933E-07    0.13716E-06   -0.15826E-07   -0.48286E-06    0.15648E-04   -0.50910E-06   -0.52267E-06   -0.20398E-03    0.37382E-02   -0.40796E-02   -0.10202E-02    0.17679E-02   -0.13913E-03   -0.26892E-04    0.84386E-04   -0.20437E-04    0.93617E-08    0.16589E-05   -0.24919E-05   -0.73648E-04    0.73316E-04    0.33652E-04   -0.15344E-04   -0.17551E-04   -0.97153E-05    0.19978E-03    0.17719E-04   -0.29304E-05    0.12516E-04    0.21877E-05   -0.20245E-03    0.59557E-05   -0.39901E-04    0.28972E-04   -0.22336E-04    0.88686E-05    0.42300E-04   -0.18592E-04   -0.17353E-04    0.22644E-04
    0.21316E-05   -0.17358E-04    0.27630E-05   -0.90256E-05   -0.14282E-02    0.11472E-03   -0.28754E-04   -0.16389E+00    0.12190E+01    0.26481E+00    0.32721E-01   -0.15260E+00   -0.18823E-01    0.37514E-02    0.16018E-02   -0.19697E-02   -0.28537E-06   -0.24919E-05    0.81646E-01    0.45424E-02    0.84998E-02    0.15033E-02    0.15197E-03   -0.98493E-03   -0.31922E-03   -0.20342E-02   -0.45032E-03   -0.17828E-02    0.18920E-02    0.69237E-03    0.31187E-02    0.18017E-02    0.18816E-02   -0.27406E-02   -0.34661E-02    0.10862E-02   -0.11097E-02   -0.13676E-03    0.25023E-02   -0.26685E-05
   -0.83973E-04    0.51591E-03   -0.92611E-04   -0.17780E-02    0.36452E-01   -0.41237E-02   -0.40938E-02   -0.18123E+02   -0.13568E+02   -0.11240E+02   -0.64181E+00   -0.10860E+01   -0.14108E+00   -0.14782E-01   -0.40131E-01   -0.12764E-02   -0.76744E-06   -0.73648E-04    0.45424E-02    0.81911E+01   -0.96958E-02    0.22755E-01   -0.85402E-02   -0.72606E-02   -0.74173E-02    0.27167E-01   -0.18520E-01   -0.24576E-01   -0.12612E-01   -0.67996E-02   -0.65811E-01   -0.25978E-02    0.13058E-01   -0.13668E-01   -0.33285E-01   -0.22999E-01   -0.95159E-03   -0.33178E-01    0.23967E-01   -0.42008E-01
   -0.14423E-04    0.15647E-03   -0.17122E-04   -0.25455E-03    0.15238E-01   -0.18063E-03    0.43356E-03    0.97749E+01    0.14995E+01    0.17168E+01   -0.10178E+01   -0.63953E+00    0.19849E+00    0.94727E-02   -0.17020E-01    0.65033E-02   -0.24278E-04    0.73316E-04    0.84998E-02   -0.96958E-02    0.69559E+00   -0.11685E+00    0.45411E-02    0.12170E-01   -0.59785E-02    0.16350E+00   -0.50298E-01   -0.40170E-01   -0.11146E-01   -0.77605E-01    0.18532E-01    0.33702E-01   -0.23550E-01   -0.42267E-01   -0.12895E+00    0.13928E+00    0.34648E-01   -0.15928E-01    0.33581E-01    0.73206E-01
   -0.10279E-04   -0.11300E-04    0.39113E-05    0.12085E-04    0.37062E-02   -0.31878E-05    0.19099E-03   -0.10175E+02    0.46084E+00    0.10083E+01   -0.53253E+00   -0.49732E+00    0.11161E+00    0.52339E-02   -0.83635E-02   -0.76348E-02   -0.82193E-05    0.33652E-04    0.15033E-02    0.22755E-01   -0.11685E+00    0.91999E+00   -0.97394E-02   -0.82412E-03    0.47524E-02   -0.14128E+00    0.19362E+00    0.61996E-01   -0.20212E-01    0.43157E-01   -0.12334E+00    0.21860E-01    0.19283E-01    0.40383E-02    0.16788E+00   -0.22073E+00    0.45892E-01    0.10293E+00    0.90344E-02   -0.21209E+00
   -0.18810E-05   -0.45324E-04    0.53788E-05   -0.24495E-03   -0.35671E-02   -0.34025E-04   -0.60845E-03    0.12203E+01    0.30377E+00   -0.19952E+00   -0.19207E-01    0.10006E+00    0.24105E-01   -0.33235E-03    0.38615E-02   -0.18699E-02    0.17133E-05   -0.15344E-04    0.15197E-03   -0.85402E-02    0.45411E-02   -0.97394E-02    0.99721E+00    0.92453E-02    0.78379E-02   -0.38444E-01   -0.33178E-01    0.15052E+00   -0.21876E-01    0.70163E-01    0.20611E-01    0.32543E-01   -0.55810E-02   -0.12599E-01    0.92137E-01   -0.28461E-01    0.26036E-01    0.10609E-01   -0.17342E+00    0.75535E-01
   -0.10275E-05    0.15631E-04    0.33236E-05    0.35709E-04    0.48639E-02    0.24728E-04    0.93861E-04   -0.51571E+00    0.17860E+00    0.30494E+00   -0.61886E-01   -0.14606E+00    0.92394E-02   -0.99445E-03    0.25001E-02   -0.53197E-02   -0.35734E-05   -0.17551E-04   -0.98493E-03   -0.72606E-02    0.12170E-01   -0.82412E-03    0.92453E-02    0.98289E+00   -0.84051E-02    0.59417E-01   -0.70954E-01    0.74083E-01   -0.97719E-01    0.49008E-01    0.72111E-01    0.11725E+00    0.37868E-01    0.15135E+00   -0.99791E-01    0.89595E-01    0.46341E-01    0.13992E-01   -0.11304E+00    0.50727E-01
    0.97557E-06   -0.92137E-05    0.15659E-05    0.15013E-04    0.78421E-03    0.20227E-04   -0.16538E-04    0.63343E+00   -0.96453E-01    0.61375E-01    0.84244E-01   -0.61576E-02   -0.46488E-01   -0.17119E-02   -0.16163E-02   -0.21139E-02   -0.50624E-05   -0.97153E-05   -0.31922E-03   -0.74173E-02   -0.59785E-02    0.47524E-02    0.78379E-02   -0.84051E-02    0.99001E+00    0.26223E-01    0.41717E-01   -0.36781E-01    0.47074E-01    0.68484E-01    0.78773E-01   -0.75657E-01   -0.89815E-01    0.81690E-01    0.39638E-01    0.93947E-01   -0.68874E-01    0.86255E-01   -0.24588E-01   -0.61372E-02
    0.56915E-06    0.36712E-04   -0.40868E-05    0.21789E-03    0.61238E-02    0.19319E-03    0.81054E-03   -0.40274E+00   -0.17494E+01    0.13338E+01    0.77043E+00   -0.46252E+00   -0.10864E+00    0.60966E-02   -0.31225E-01    0.55008E-02    0.69850E-05    0.19978E-03   -0.20342E-02    0.27167E-01    0.16350E+00   -0.14128E+00   -0.38444E-01    0.59417E-01    0.26223E-01    0.86586E+00   -0.56908E-02   -0.40009E-02   -0.17656E-01    0.30420E-02    0.75041E-02    0.12607E+00   -0.99428E-01    0.52512E-01   -0.52524E-01    0.64442E+00    0.24298E+00   -0.44953E-01   -0.58809E-01    0.89305E-01
   -0.11106E-06    0.73376E-05    0.90312E-05    0.20234E-04   -0.10036E-02    0.24454E-04    0.16197E-03   -0.44541E+01   -0.87320E+00    0.20943E+00    0.25723E+00   -0.37963E-01    0.46588E-01   -0.59724E-03   -0.22222E-02    0.32921E-02    0.21020E-05    0.17719E-04   -0.45032E-03   -0.18520E-01   -0.50298E-01    0.19362E+00   -0.33178E-01   -0.70954E-01    0.41717E-01   -0.56908E-02    0.99124E+00    0.39936E-01   -0.28732E-02   -0.62600E-02    0.40266E-01    0.24943E-02   -0.46673E-01   -0.23861E-01    0.15117E+00   -0.91359E-01    0.28841E+00    0.77338E+00    0.27637E+00   -0.18523E+00
    0.27203E-05   -0.24706E-04    0.69422E-05    0.73302E-05   -0.95814E-03    0.10102E-03   -0.56856E-04   -0.36151E+00   -0.12260E+00   -0.25166E+00    0.43255E-01    0.66270E-01   -0.48388E-01   -0.37129E-03   -0.15690E-02   -0.26947E-02   -0.49027E-06   -0.29304E-05   -0.17828E-02   -0.24576E-01   -0.40170E-01    0.61996E-01    0.15052E+00    0.74083E-01   -0.36781E-01   -0.40009E-02    0.39936E-01    0.99992E+00   -0.12743E-01   -0.69569E-02    0.85406E-01   -0.35622E-01    0.12000E+00    0.16626E+00   -0.15175E+00   -0.19733E+00    0.64953E+00    0.16701E+00   -0.61055E+00    0.17068E+00
   -0.15845E-05   -0.13899E-04   -0.60915E-05    0.20258E-04   -0.18359E-02   -0.41412E-04   -0.11819E-04    0.36127E+00   -0.24708E+00   -0.20777E+00    0.17844E+00    0.25384E+00   -0.17733E-01   -0.14883E-02   -0.17277E-02    0.10211E-01    0.11583E-06    0.12516E-04    0.18920E-02   -0.12612E-01   -0.11146E-01   -0.20212E-01   -0.21876E-01   -0.97719E-01    0.47074E-01   -0.17656E-01   -0.28732E-02   -0.12743E-01    0.98382E+00   -0.35124E-02   -0.15325E-01   -0.92619E-01   -0.15451E+00   -0.30238E-01   -0.82541E-01   -0.73352E-01    0.70760E-01   -0.53417E-01    0.31317E+00    0.66524E+00
    0.68889E-06    0.28823E-04   -0.30432E-05    0.53361E-04    0.27771E-02   -0.13482E-03    0.95118E-04   -0.33918E+00   -0.35461E+00    0.30632E+00    0.17746E+00   -0.15909E+00   -0.83903E-02   -0.76503E-03   -0.30405E-02   -0.85514E-02    0.65490E-05    0.21877E-05    0.69237E-03   -0.67996E-02   -0.77605E-01    0.43157E-01    0.70163E-01    0.49008E-01    0.68484E-01    0.30420E-02   -0.62600E-02   -0.69569E-02   -0.35124E-02    0.98684E+00   -0.59147E-01    0.78237E-01    0.27002E-01    0.16773E+00    0.18334E-01    0.13024E+00   -0.56219E+00    0.37661E+00   -0.34781E+00    0.22743E+00
   -0.79618E-05    0.46773E-04   -0.84483E-05   -0.11368E-04    0.46119E-02   -0.13998E-03    0.24309E-04    0.10295E+01    0.13021E+01   -0.11873E+01   -0.36594E+00    0.48818E+00   -0.34361E-01   -0.95626E-02    0.31693E-01   -0.12667E-01    0.27464E-05   -0.20245E-03    0.31187E-02   -0.65811E-01    0.18532E-01   -0.12334E+00    0.20611E-01    0.72111E-01    0.78773E-01    0.75041E-02    0.40266E-01    0.85406E-01   -0.15325E-01   -0.59147E-01    0.90686E+00   -0.81177E-02   -0.18447E-01   -0.50065E-03   -0.13202E-01    0.57976E+00    0.16445E+00    0.12121E+00    0.43603E-01   -0.82185E-01
   -0.83629E-05    0.51998E-04   -0.30116E-06    0.25400E-04    0.46906E-02   -0.14524E-03    0.17379E-03    0.12012E+00    0.36980E+00    0.83584E+00   -0.13415E+00   -0.49418E+00   -0.53308E-03   -0.14379E-02    0.10863E-02   -0.19343E-01    0.26000E-05    0.59557E-05    0.18017E-02   -0.25978E-02    0.33702E-01    0.21860E-01    0.32543E-01    0.11725E+00   -0.75657E-01    0.12607E+00    0.24943E-02   -0.35622E-01   -0.92619E-01    0.78237E-01   -0.81177E-02    0.99488E+00    0.63918E-03   -0.64950E-02   -0.18118E-02    0.90241E-01    0.17626E+00   -0.37809E-02    0.13835E+00    0.14714E+00
    0.11436E-05   -0.31577E-04    0.24925E-06    0.42340E-04    0.13861E-02    0.41640E-04   -0.15317E-04   -0.38995E+00    0.58187E+00   -0.40383E+00   -0.16741E+00    0.99497E-01    0.18087E-02   -0.16093E-02    0.42916E-02    0.89099E-03   -0.78253E-06   -0.39901E-04    0.18816E-02    0.13058E-01   -0.23550E-01    0.19283E-01   -0.55810E-02    0.37868E-01   -0.89815E-01   -0.99428E-01   -0.46673E-01    0.12000E+00   -0.15451E+00    0.27002E-01   -0.18447E-01    0.63918E-03    0.10090E+01   -0.71356E-02   -0.78938E-02   -0.12015E+00    0.31952E-01    0.17115E+00    0.38417E-01   -0.66791E-01
    0.29279E-05    0.17398E-04    0.26560E-05    0.11844E-03   -0.13659E-03    0.41677E-04    0.28374E-03   -0.12319E+01   -0.79479E-01    0.70328E+00   -0.16519E-01   -0.38749E+00   -0.40996E-01   -0.33637E-02   -0.21191E-02   -0.15915E-01    0.46757E-06    0.28972E-04   -0.27406E-02   -0.13668E-01   -0.42267E-01    0.40383E-02   -0.12599E-01    0.15135E+00    0.81690E-01    0.52512E-01   -0.23861E-01    0.16626E+00   -0.30238E-01    0.16773E+00   -0.50065E-03   -0.64950E-02   -0.71356E-02    0.10256E+01   -0.29971E-02    0.21203E-01    0.38555E-01    0.12829E+00   -0.28435E+00    0.13115E+00
    0.13680E-05   -0.38460E-04    0.63283E-05   -0.17181E-04   -0.47058E-02    0.76984E-04   -0.13759E-03   -0.34292E+01   -0.20545E+00    0.28327E+00    0.34398E-01   -0.19585E+00   -0.30348E-02   -0.13065E-02    0.60529E-03   -0.95232E-02    0.16608E-05   -0.22336E-04   -0.34661E-02   -0.33285E-01   -0.12895E+00    0.16788E+00    0.92137E-01   -0.99791E-01    0.39638E-01   -0.52524E-01    0.15117E+00   -0.15175E+00   -0.82541E-01    0.18334E-01   -0.13202E-01   -0.18118E-02   -0.78938E-02   -0.29971E-02    0.98106E+00   -0.32233E-01   -0.63205E-01    0.23779E-01    0.17730E+00   -0.10145E+00
   -0.47722E-05    0.62846E-04   -0.10490E-04    0.15719E-03    0.82031E-02    0.26105E-04    0.61749E-03    0.99662E+00   -0.34881E+00    0.24426E+00    0.31343E+00   -0.34482E-01   -0.98467E-01   -0.12383E-02   -0.21853E-02   -0.46388E-02    0.77934E-05    0.88686E-05    0.10862E-02   -0.22999E-01    0.13928E+00   -0.22073E+00   -0.28461E-01    0.89595E-01    0.93947E-01    0.64442E+00   -0.91359E-01   -0.19733E+00   -0.73352E-01    0.13024E+00    0.57976E+00    0.90241E-01   -0.12015E+00    0.21203E-01   -0.32233E-01    0.95721E+00   -0.29624E-01    0.37966E-02   -0.69893E-02   -0.61827E-02
   -0.17527E-05    0.14016E-05    0.27549E-05    0.29985E-04    0.13265E-03    0.11442E-03    0.17246E-03   -0.16847E+01   -0.46866E+00    0.22379E+00    0.15699E+00   -0.10743E+00   -0.42208E-01   -0.63406E-03   -0.42594E-02   -0.19599E-02   -0.31276E-06    0.42300E-04   -0.11097E-02   -0.95159E-03    0.34648E-01    0.45892E-01    0.26036E-01    0.46341E-01   -0.68874E-01    0.24298E+00    0.28841E+00    0.64953E+00    0.70760E-01   -0.56219E+00    0.16445E+00    0.17626E+00    0.31952E-01    0.38555E-01   -0.63205E-01   -0.29624E-01    0.10164E+01    0.27304E-01    0.56977E-02   -0.11477E-01
   -0.69133E-06    0.22966E-04    0.99360E-05    0.20413E-04    0.19477E-02   -0.45917E-04    0.16860E-03   -0.18287E+01   -0.27462E+00    0.15842E+00    0.96137E-01   -0.12750E-01    0.24706E-01   -0.41996E-02    0.43270E-02   -0.12357E-02    0.12987E-05   -0.18592E-04   -0.13676E-03   -0.33178E-01   -0.15928E-01    0.10293E+00    0.10609E-01    0.13992E-01    0.86255E-01   -0.44953E-01    0.77338E+00    0.16701E+00   -0.53417E-01    0.37661E+00    0.12121E+00   -0.37809E-02    0.17115E+00    0.12829E+00    0.23779E-01    0.37966E-02    0.27304E-01    0.99508E+00   -0.24367E-01    0.64175E-02
   -0.82497E-05    0.40844E-04   -0.92410E-05    0.35285E-04    0.18548E-02   -0.18510E-03    0.18819E-03   -0.66242E+00    0.40709E+00    0.13705E+00   -0.14859E+00   -0.42941E-02    0.44913E-01   -0.53057E-02    0.10207E-01    0.13740E-02   -0.18585E-05   -0.17353E-04    0.25023E-02    0.23967E-01    0.33581E-01    0.90344E-02   -0.17342E+00   -0.11304E+00   -0.24588E-01   -0.58809E-01    0.27637E+00   -0.61055E+00    0.31317E+00   -0.34781E+00    0.43603E-01    0.13835E+00    0.38417E-01   -0.28435E+00    0.17730E+00   -0.69893E-02    0.56977E-02   -0.24367E-01    0.98047E+00   -0.38634E-03
   -0.34287E-05    0.37606E-04   -0.50386E-05    0.80794E-04    0.37261E-02   -0.14833E-03    0.24694E-03    0.31027E+01    0.18467E-01   -0.14496E+00    0.22110E+00    0.24828E+00   -0.13808E-01   -0.21670E-02   -0.28517E-02    0.11899E-01    0.26177E-05    0.22644E-04   -0.26685E-05   -0.42008E-01    0.73206E-01   -0.21209E+00    0.75535E-01    0.50727E-01   -0.61372E-02    0.89305E-01   -0.18523E+00    0.17068E+00    0.66524E+00    0.22743E+00   -0.82185E-01    0.14714E+00   -0.66791E-01    0.13115E+00   -0.10145E+00   -0.61827E-02   -0.11477E-01    0.64175E-02   -0.38634E-03    0.97955E+00
