# omegabh2 omegach2 theta tau nnu logA ns calPlanck aps100 aps143 aps217 acib217 asz143 psr xi aksz dust100 dust143 dust217 dust143x217 cal0 cal2 calTE calEE bm_1_1
    0.5392915E-07    0.3736782E-06   -0.4218563E-07    0.1741448E-05    0.3636652E-04    0.4677757E-05    0.1792975E-05    0.1273413E-07    0.3686503E-03    0.1084471E-03   -0.8438180E-04    0.7526942E-04   -0.1274436E-04   -0.2392787E-06   -0.8551856E-06    0.3025956E-04    0.1482985E-05    0.5739761E-06   -0.2692569E-06    0.2413297E-06    0.4396161E-08    0.1310877E-07    0.5521288E-07    0.1741376E-06    0.1242422E-05
    0.3736782E-06    0.1029816E-04   -0.1194893E-05    0.3369865E-05    0.6242916E-03    0.3490868E-04    0.1985287E-04   -0.1487156E-06    0.1507677E-01    0.7880573E-02   -0.3027352E-02    0.3987259E-02   -0.6997057E-03   -0.1523853E-04   -0.4739704E-04    0.1413416E-02    0.1964936E-04    0.4065054E-05   -0.2464487E-04    0.1644697E-04   -0.3623388E-08    0.4720831E-06    0.3000328E-05    0.6166759E-05    0.1513154E-04
   -0.4218563E-07   -0.1194893E-05    0.2185229E-06   -0.4809356E-06   -0.7611463E-04   -0.4133213E-05   -0.2469474E-05    0.3460187E-07   -0.1765906E-02   -0.9221654E-03    0.3768914E-03   -0.4727687E-03    0.8422389E-04    0.1892503E-05    0.4560587E-05   -0.1727871E-03   -0.1962004E-05   -0.6392568E-06    0.3127471E-05   -0.2114752E-05    0.1457522E-08   -0.5374552E-07   -0.3951082E-06   -0.7609292E-06   -0.1145914E-05
    0.1741448E-05    0.3369865E-05   -0.4809356E-06    0.3137343E-03    0.9245771E-03    0.6374246E-03    0.7176102E-04   -0.1651960E-05   -0.2543169E-01   -0.8374734E-02    0.1257953E-01   -0.9105758E-02    0.1010835E-02    0.7450240E-04    0.1562608E-03   -0.3410743E-02    0.1080564E-04   -0.8753211E-05    0.4048856E-04   -0.7000408E-04   -0.4380696E-07   -0.1256590E-05   -0.1344958E-04    0.2395431E-05   -0.2912104E-05
    0.3636652E-04    0.6242916E-03   -0.7611463E-04    0.9245771E-03    0.4622174E-01    0.3602026E-02    0.1815914E-02   -0.6944678E-05    0.1010554E+01    0.4941910E+00   -0.2147099E+00    0.2607094E+00   -0.4617756E-01   -0.1034469E-02   -0.2836594E-02    0.9527162E-01    0.1499551E-02    0.4854792E-03   -0.1721784E-02    0.8700721E-03    0.1035388E-05    0.3012735E-04    0.2128799E-03    0.4904786E-03    0.9340062E-03
    0.4677757E-05    0.3490868E-04   -0.4133213E-05    0.6374246E-03    0.3602026E-02    0.1400995E-02    0.1996287E-03    0.8826322E-05   -0.4223137E-02    0.6462053E-02    0.2411759E-01   -0.7901747E-02    0.4181904E-03    0.1437148E-03    0.2298083E-03   -0.4182835E-02    0.5972518E-04   -0.6893528E-04    0.4992448E-04   -0.1112172E-03    0.4765684E-06   -0.1284240E-05   -0.1911373E-04    0.2396974E-04    0.2997318E-04
    0.1792975E-05    0.1985287E-04   -0.2469474E-05    0.7176102E-04    0.1815914E-02    0.1996287E-03    0.9334567E-04   -0.1278852E-06    0.1544208E-01    0.1119056E-01    0.6276878E-03    0.3825118E-02   -0.8375683E-03    0.1933118E-04   -0.2624431E-04    0.1075659E-02    0.7802163E-04    0.2609735E-04   -0.2427382E-04    0.4017979E-05   -0.2506809E-06    0.5419551E-06    0.7194332E-05    0.1707330E-04    0.2130328E-04
    0.1273413E-07   -0.1487156E-06    0.3460187E-07   -0.1651960E-05   -0.6944678E-05    0.8826322E-05   -0.1278852E-06    0.6170247E-05    0.2601939E-02    0.3939882E-03    0.1487613E-02    0.5118355E-03    0.9694734E-04    0.5120315E-05    0.4648604E-05   -0.1322354E-03   -0.2809795E-05   -0.3639716E-05    0.1047866E-04   -0.5903947E-05    0.4375775E-07   -0.9109042E-08   -0.3308167E-06   -0.9816022E-07   -0.1350999E-04
    0.3686503E-03    0.1507677E-01   -0.1765906E-02   -0.2543169E-01    0.1010554E+01   -0.4223137E-02    0.1544208E-01    0.2601939E-02    0.5254263E+03    0.7051215E+02   -0.6725115E+02    0.3788501E+02   -0.2373730E+02   -0.1024192E+01   -0.1907792E+00    0.1122626E+02   -0.3596372E-01    0.2510152E-01   -0.7489466E-01   -0.2517198E+00    0.5599934E-02    0.8889661E-02    0.8822131E-02    0.1755086E-01    0.1504675E+01
    0.1084471E-03    0.7880573E-02   -0.9221654E-03   -0.8374734E-02    0.4941910E+00    0.6462053E-02    0.1119056E-01    0.3939882E-03    0.7051215E+02    0.6240237E+02    0.8518847E+01    0.8034097E+01   -0.2535885E+01    0.1996126E+00    0.7747014E+00   -0.5621257E+01   -0.1480753E-01   -0.1771491E+00   -0.9280034E-01    0.1325528E+00    0.3609830E-03   -0.4087368E-03    0.4500458E-02    0.9374446E-02    0.2650626E-01
   -0.8438180E-04   -0.3027352E-02    0.3768914E-03    0.1257953E-01   -0.2147099E+00    0.2411759E-01    0.6276878E-03    0.1487613E-02   -0.6725115E+02    0.8518847E+01    0.1696611E+03   -0.7771323E+02    0.5226581E+01    0.5403332E+00    0.4012966E+00   -0.9659334E+01   -0.1039191E-01   -0.6110210E-01    0.6072118E+00   -0.8228633E-01    0.1477369E-02   -0.1158012E-01   -0.2539548E-03   -0.5104945E-03   -0.6201541E-01
    0.7526942E-04    0.3987259E-02   -0.4727687E-03   -0.9105758E-02    0.2607094E+00   -0.7901747E-02    0.3825118E-02    0.5118355E-03    0.3788501E+02    0.8034097E+01   -0.7771323E+02    0.4646294E+02    0.8483134E-01   -0.9535380E-01   -0.3159795E+00   -0.1059329E+01    0.1273513E-01    0.4245841E-01   -0.4792948E+00   -0.1786170E-01   -0.3845625E-03    0.5077571E-02    0.1448890E-02    0.3222551E-02    0.2514707E-01
   -0.1274436E-04   -0.6997057E-03    0.8422389E-04    0.1010835E-02   -0.4617756E-01    0.4181904E-03   -0.8375683E-03    0.9694734E-04   -0.2373730E+02   -0.2535885E+01    0.5226581E+01    0.8483134E-01    0.3765956E+01    0.1531486E+00   -0.7184837E-01   -0.3049445E+01   -0.3769553E-02   -0.1768119E-01   -0.4229299E-01    0.6487595E-01    0.4269990E-03   -0.1088667E-02   -0.4695886E-03   -0.7579115E-03    0.2124375E-01
   -0.2392787E-06   -0.1523853E-04    0.1892503E-05    0.7450240E-04   -0.1034469E-02    0.1437148E-03    0.1933118E-04    0.5120315E-05   -0.1024192E+01    0.1996126E+00    0.5403332E+00   -0.9535380E-01    0.1531486E+00    0.1428760E-01    0.1614518E-01   -0.1699194E+00   -0.1628633E-04   -0.3082838E-03   -0.1710748E-02    0.8812336E-03    0.2170202E-04   -0.4795486E-04    0.1664605E-05   -0.2935690E-05    0.9856994E-03
   -0.8551856E-06   -0.4739704E-04    0.4560587E-05    0.1562608E-03   -0.2836594E-02    0.2298083E-03   -0.2624431E-04    0.4648604E-05   -0.1907792E+00    0.7747014E+00    0.4012966E+00   -0.3159795E+00   -0.7184837E-01    0.1614518E-01    0.8198079E-01    0.7080680E-01   -0.1814164E-03   -0.3134437E-03   -0.5567294E-03    0.1320658E-02    0.1339864E-04   -0.3587945E-04   -0.4134614E-05   -0.1668593E-04    0.5605946E-03
    0.3025956E-04    0.1413416E-02   -0.1727871E-03   -0.3410743E-02    0.9527162E-01   -0.4182835E-02    0.1075659E-02   -0.1322354E-03    0.1122626E+02   -0.5621257E+01   -0.9659334E+01   -0.1059329E+01   -0.3049445E+01   -0.1699194E+00    0.7080680E-01    0.7142845E+01    0.3047442E-02    0.1804691E-01    0.4380874E-01   -0.5537376E-01   -0.3395492E-03    0.8047318E-03    0.5030118E-03    0.9708382E-03   -0.1727734E-01
    0.1482985E-05    0.1964936E-04   -0.1962004E-05    0.1080564E-04    0.1499551E-02    0.5972518E-04    0.7802163E-04   -0.2809795E-05   -0.3596372E-01   -0.1480753E-01   -0.1039191E-01    0.1273513E-01   -0.3769553E-02   -0.1628633E-04   -0.1814164E-03    0.3047442E-02    0.3703842E-01    0.3762694E-02   -0.3741386E-03    0.2191979E-04    0.4197733E-04   -0.3150194E-05    0.8523839E-05   -0.9403229E-06   -0.3025804E-02
    0.5739761E-06    0.4065054E-05   -0.6392568E-06   -0.8753211E-05    0.4854792E-03   -0.6893528E-04    0.2609735E-04   -0.3639716E-05    0.2510152E-01   -0.1771491E+00   -0.6110210E-01    0.4245841E-01   -0.1768119E-01   -0.3082838E-03   -0.3134437E-03    0.1804691E-01    0.3762694E-02    0.3341544E-01   -0.2827362E-02    0.2914538E-02   -0.5875764E-04   -0.6082375E-04   -0.3317821E-04   -0.4568042E-04   -0.1405356E-02
   -0.2692569E-06   -0.2464487E-04    0.3127471E-05    0.4048856E-04   -0.1721784E-02    0.4992448E-04   -0.2427382E-04    0.1047866E-04   -0.7489466E-01   -0.9280034E-01    0.6072118E+00   -0.4792948E+00   -0.4229299E-01   -0.1710748E-02   -0.5567294E-03    0.4380874E-01   -0.3741386E-03   -0.2827362E-02    0.1349458E-01    0.1129121E-01   -0.7837009E-07    0.6565382E-04    0.3988531E-05   -0.2022160E-04   -0.5959740E-03
    0.2413297E-06    0.1644697E-04   -0.2114752E-05   -0.7000408E-04    0.8700721E-03   -0.1112172E-03    0.4017979E-05   -0.5903947E-05   -0.2517198E+00    0.1325528E+00   -0.8228633E-01   -0.1786170E-01    0.6487595E-01    0.8812336E-03    0.1320658E-02   -0.5537376E-01    0.2191979E-04    0.2914538E-02    0.1129121E-01    0.3203436E-01    0.4759750E-05    0.8663875E-04   -0.8984763E-05    0.1092352E-04    0.6003360E-03
    0.4396161E-08   -0.3623388E-08    0.1457522E-08   -0.4380696E-07    0.1035388E-05    0.4765684E-06   -0.2506809E-06    0.4375775E-07    0.5599934E-02    0.3609830E-03    0.1477369E-02   -0.3845625E-03    0.4269990E-03    0.2170202E-04    0.1339864E-04   -0.3395492E-03    0.4197733E-04   -0.5875764E-04   -0.7837009E-07    0.4759750E-05    0.9371541E-06   -0.8681365E-07    0.1421454E-06    0.4047603E-06   -0.6908059E-04
    0.1310877E-07    0.4720831E-06   -0.5374552E-07   -0.1256590E-05    0.3012735E-04   -0.1284240E-05    0.5419551E-06   -0.9109042E-08    0.8889661E-02   -0.4087368E-03   -0.1158012E-01    0.5077571E-02   -0.1088667E-02   -0.4795486E-04   -0.3587945E-04    0.8047318E-03   -0.3150194E-05   -0.6082375E-04    0.6565382E-04    0.8663875E-04   -0.8681365E-07    0.3149078E-05    0.5560003E-06    0.4268546E-06   -0.8597003E-05
    0.5521288E-07    0.3000328E-05   -0.3951082E-06   -0.1344958E-04    0.2128799E-03   -0.1911373E-04    0.7194332E-05   -0.3308167E-06    0.8822131E-02    0.4500458E-02   -0.2539548E-03    0.1448890E-02   -0.4695886E-03    0.1664605E-05   -0.4134614E-05    0.5030118E-03    0.8523839E-05   -0.3317821E-04    0.3988531E-05   -0.8984763E-05    0.1421454E-06    0.5560003E-06    0.2097560E-04    0.8293724E-05    0.3283809E-04
    0.1741376E-06    0.6166759E-05   -0.7609292E-06    0.2395431E-05    0.4904786E-03    0.2396974E-04    0.1707330E-04   -0.9816022E-07    0.1755086E-01    0.9374446E-02   -0.5104945E-03    0.3222551E-02   -0.7579115E-03   -0.2935690E-05   -0.1668593E-04    0.9708382E-03   -0.9403229E-06   -0.4568042E-04   -0.2022160E-04    0.1092352E-04    0.4047603E-06    0.4268546E-06    0.8293724E-05    0.2262989E-04    0.2070542E-04
    0.1242422E-05    0.1513154E-04   -0.1145914E-05   -0.2912104E-05    0.9340062E-03    0.2997318E-04    0.2130328E-04   -0.1350999E-04    0.1504675E+01    0.2650626E-01   -0.6201541E-01    0.2514707E-01    0.2124375E-01    0.9856994E-03    0.5605946E-03   -0.1727734E-01   -0.3025804E-02   -0.1405356E-02   -0.5959740E-03    0.6003360E-03   -0.6908059E-04   -0.8597003E-05    0.3283809E-04    0.2070542E-04    0.9795891E+00
