# omegabh2 omegach2 theta tau logA ns calPlanck acib217 xi asz143 aps100 aps143 aps143217 aps217 aksz kgal100 kgal143 kgal143217 kgal217 galfTE100 galfTE100143 galfTE100217 galfTE143 galfTE143217 galfTE217 cal0 cal2
  2.2434685E-08  -1.1769972E-07   1.6630005E-08   2.3935727E-07   3.0189354E-07   3.0620177E-07   1.4342574E-08  -8.5958535E-05   1.7636235E-06   2.2208297E-05  -3.8141668E-04  -2.2989243E-04  -6.6969169E-05   5.9637209E-06  -3.5836320E-05   1.6810966E-06  -3.2275713E-06  -4.5062486E-06   2.2586690E-05   2.8550056E-08  -3.2826759E-08   5.3901592E-08  -2.8776571E-07  -4.1719278E-07  -2.5209406E-06   3.6977905E-09  -1.5283370E-09
 -1.1769972E-07   1.9018404E-06  -1.5237124E-07  -2.5649588E-06  -7.9297188E-07  -4.5183652E-06  -1.5129820E-07   1.6486815E-04  -6.7343125E-06  -8.7728060E-05   1.1621619E-03   1.0750296E-03   5.0915908E-04   4.0987919E-04   8.3832330E-05  -5.2443658E-05  -3.3043823E-05  -3.2448223E-05  -8.9559119E-05   8.2428164E-08   8.8694192E-08  -4.7374132E-07   1.9807268E-06   4.3328141E-06   1.7470517E-05  -1.2729208E-08   4.7914269E-09
  1.6630005E-08  -1.5237124E-07   9.7070323E-08   2.4335330E-07   1.9362553E-07   4.9925134E-07   1.2083654E-09   5.5149370E-06   6.5415052E-07   8.7675676E-06  -6.6465721E-05  -9.0107831E-05  -4.1618294E-05  -5.6267531E-05  -6.8382193E-06   5.9990587E-06   2.2209038E-06   5.9587770E-06  -2.9505522E-06  -2.9081962E-08  -5.3706555E-08  -2.1447808E-07  -2.8549956E-07  -6.2063807E-07  -2.4724450E-06   2.3003177E-09   1.7763371E-10
  2.3935727E-07  -2.5649588E-06   2.4335330E-07   6.0120122E-05   1.1521593E-04   8.0319655E-06   3.9935159E-07  -1.9692908E-03   2.5140538E-05   6.0738311E-04  -1.0973535E-02  -5.2671199E-03  -1.0244766E-03   1.2012397E-03  -9.8614864E-04  -4.9410135E-05  -4.3874336E-04  -3.6029715E-04   1.3060161E-04  -1.2922539E-07  -1.4620821E-06  -1.5002819E-07  -4.3028682E-06  -1.5314488E-05  -3.0806243E-05   8.4961795E-08  -7.3273686E-08
  3.0189354E-07  -7.9297188E-07   1.9362553E-07   1.1521593E-04   2.5859914E-04   4.3729545E-06   1.2896223E-05  -4.1744112E-03   7.8674230E-05   9.4617317E-04  -1.6280633E-02  -6.6467336E-03   1.7842082E-03   9.7571733E-03  -2.7377597E-03  -5.4402294E-04  -1.6384750E-03  -1.4042355E-03   1.6002465E-03   3.0697113E-06  -2.2168199E-06   7.4280353E-07  -8.1597238E-06  -1.9104203E-05   4.1926831E-07   2.9692191E-07  -1.6615644E-07
  3.0620177E-07  -4.5183652E-06   4.9925134E-07   8.0319655E-06   4.3729545E-06   2.0261359E-05   4.1050768E-07  -4.1846956E-03   1.0585525E-04   1.0346002E-03  -2.4271387E-02  -7.4831407E-03   1.3767000E-03   4.2374354E-03  -2.3381526E-03   3.9248926E-04  -2.9213372E-04  -3.7239881E-04   9.9639173E-04   1.1732073E-06   6.5698654E-07   2.8960948E-06  -5.5329843E-06  -7.6213599E-06  -3.3164953E-05  -8.0009021E-08  -6.4639210E-08
  1.4342574E-08  -1.5129820E-07   1.2083654E-09   3.9935159E-07   1.2896223E-05   4.1050768E-07   6.1757837E-06   5.5524858E-04   4.7386772E-07  -4.3881577E-05   3.6682620E-03   6.1511763E-04   4.3530115E-04   1.5076019E-03  -7.0989344E-05   4.8606767E-06  -5.1276107E-05  -7.4195257E-05   7.5626889E-04   2.0177343E-06   4.9255590E-07   1.4466939E-06  -1.8319025E-06   7.6212592E-07   1.2275269E-05   7.3584486E-10  -9.8135086E-09
 -8.5958535E-05   1.6486815E-04   5.5149370E-06  -1.9692908E-03  -4.1744112E-03  -4.1846956E-03   5.5524858E-04   4.4058731E+01  -3.8842896E-01  -7.4888271E-01   3.5060802E+01   2.0546554E+00  -1.2775230E+01  -5.4347408E+01  -2.2214746E-01   6.2134571E-02   4.7056972E-01  -5.7527127E+00  -3.2929159E+01   2.3717188E-04   2.7688457E-03  -3.1192336E-03   3.8591844E-03   3.3975335E-03   1.8125692E-02  -1.8161832E-04   7.2682307E-04
  1.7636235E-06  -6.7343125E-06   6.5415052E-07   2.5140538E-05   7.8674230E-05   1.0585525E-04   4.7386772E-07  -3.8842896E-01   8.1185635E-02  -5.1303251E-02  -5.0169816E-01   9.3212144E-01   1.6810417E+00   6.4003073E-01   4.5373376E-02  -3.4025044E-03   1.8637912E-03   9.0392223E-02   1.2668323E-01   3.5407057E-05   6.5838764E-05   1.7431293E-04  -9.9956788E-05   2.9838954E-04  -2.7346135E-04   2.5012569E-06  -1.5787055E-07
  2.2208297E-05  -8.7728060E-05   8.7675676E-06   6.0738311E-04   9.4617317E-04   1.0346002E-03  -4.3881577E-05  -7.4888271E-01  -5.1303251E-02   3.9329258E+00  -3.0605916E+01  -3.0859640E+00   7.9765539E+00   5.4811778E+00  -2.9170309E+00  -1.6348750E-01   1.5324898E-01   2.6620810E+00   3.2454118E+00  -3.2207101E-06   2.6684963E-04   9.6995240E-04  -3.8664169E-04  -3.5665057E-04   6.9994159E-03   1.2719929E-04  -4.4959179E-05
 -3.8141668E-04   1.1621619E-03  -6.6465721E-05  -1.0973535E-02  -1.6280633E-02  -2.4271387E-02   3.6682620E-03   3.5060802E+01  -5.0169816E-01  -3.0605916E+01   7.7785831E+02   6.7593855E+01  -5.7899654E+01  -6.2487674E+01   1.5234175E+01  -6.8920963E+00   5.6797503E+00  -1.1746140E+01  -2.2612973E+01  -6.6804428E-03  -4.1999214E-03  -2.1469828E-02   3.2993061E-03  -7.0205832E-03  -3.7591649E-02   3.6616364E-03   5.3077107E-04
 -2.2989243E-04   1.0750296E-03  -9.0107831E-05  -5.2671199E-03  -6.6467336E-03  -7.4831407E-03   6.1511763E-04   2.0546554E+00   9.3212144E-01  -3.0859640E+00   6.7593855E+01   6.2178866E+01   4.1381105E+01   1.5681454E+01  -5.2887298E+00  -5.3238976E-01  -1.3669779E+00   3.5845595E+00   4.2545774E+00  -5.6917900E-04   2.4553207E-03   4.5790186E-04   7.0247683E-03   2.6206041E-03   9.9641401E-03   1.9152535E-05   1.1161990E-04
 -6.6969169E-05   5.0915908E-04  -4.1618294E-05  -1.0244766E-03   1.7842082E-03   1.3767000E-03   4.3530115E-04  -1.2775230E+01   1.6810417E+00   7.9765539E+00  -5.7899654E+01   4.1381105E+01   8.7390829E+01   5.4634977E+01  -1.2758288E+01  -7.3320096E-01  -8.3067441E-01   4.8970592E+00   8.0191289E+00  -1.5920582E-03   3.3590734E-03   9.0567112E-03   3.5721192E-03   8.9580285E-03   1.4987273E-02   3.8673371E-04  -3.4287855E-04
  5.9637209E-06   4.0987919E-04  -5.6267531E-05   1.2012397E-03   9.7571733E-03   4.2374354E-03   1.5076019E-03  -5.4347408E+01   6.4003073E-01   5.4811778E+00  -6.2487674E+01   1.5681454E+01   5.4634977E+01   1.0418062E+02  -9.9104796E+00  -4.7546214E-01  -1.2143272E+00   5.4788897E+00   3.3023714E+01  -2.8244366E-03  -2.2796477E-03   4.6349220E-03   1.9147744E-04   3.3939872E-03  -5.7823099E-03   4.1022030E-04  -1.3469045E-03
 -3.5836320E-05   8.3832330E-05  -6.8382193E-06  -9.8614864E-04  -2.7377597E-03  -2.3381526E-03  -7.0989344E-05  -2.2214746E-01   4.5373376E-02  -2.9170309E+00   1.5234175E+01  -5.2887298E+00  -1.2758288E+01  -9.9104796E+00   6.2719163E+00   1.3334843E-01  -1.9638487E-01  -2.2034873E+00  -2.3772799E+00   8.2287035E-04  -8.3340361E-04  -5.7036896E-04  -8.9137940E-04  -4.8503407E-04  -5.4133519E-03  -7.3806346E-05   4.5532599E-06
  1.6810966E-06  -5.2443658E-05   5.9990587E-06  -4.9410135E-05  -5.4402294E-04   3.9248926E-04   4.8606767E-06   6.2134571E-02  -3.4025044E-03  -1.6348750E-01  -6.8920963E+00  -5.3238976E-01  -7.3320096E-01  -4.7546214E-01   1.3334843E-01   3.3336186E+00   5.7584455E-01   2.0883530E-01   2.0197936E-01   2.0643272E-04   1.2721078E-04   2.6209661E-03  -5.2200350E-04  -9.0326485E-04   1.4109504E-03   1.6816121E-04   7.3609983E-06
 -3.2275713E-06  -3.3043823E-05   2.2209038E-06  -4.3874336E-04  -1.6384750E-03  -2.9213372E-04  -5.1276107E-05   4.7056972E-01   1.8637912E-03   1.5324898E-01   5.6797503E+00  -1.3669779E+00  -8.3067441E-01  -1.2143272E+00  -1.9638487E-01   5.7584455E-01   3.1553559E+00   2.7140157E+00   2.8268776E+00  -3.1390067E-04  -3.2264451E-04  -5.0023926E-04  -1.9153654E-04  -3.5411094E-04  -5.7180140E-03  -1.6728221E-04  -3.7453993E-05
 -4.5062486E-06  -3.2448223E-05   5.9587770E-06  -3.6029715E-04  -1.4042355E-03  -3.7239881E-04  -7.4195257E-05  -5.7527127E+00   9.0392223E-02   2.6620810E+00  -1.1746140E+01   3.5845595E+00   4.8970592E+00   5.4788897E+00  -2.2034873E+00   2.0883530E-01   2.7140157E+00   1.0833764E+01   1.9333361E+01   5.1447541E-05   4.1799175E-04  -1.9401770E-03   7.0839631E-05  -2.2390106E-03   1.3106483E-03  -6.5502088E-06   3.8971509E-04
  2.2586690E-05  -8.9559119E-05  -2.9505522E-06   1.3060161E-04   1.6002465E-03   9.9639173E-04   7.5626889E-04  -3.2929159E+01   1.2668323E-01   3.2454118E+00  -2.2612973E+01   4.2545774E+00   8.0191289E+00   3.3023714E+01  -2.3772799E+00   2.0197936E-01   2.8268776E+00   1.9333361E+01   5.3401700E+01   2.8268522E-04  -5.2385527E-04   2.6647978E-04  -2.0768500E-03  -7.1488424E-03  -6.0895822E-03   7.5025539E-05   8.8378891E-04
  2.8550056E-08   8.2428164E-08  -2.9081962E-08  -1.2922539E-07   3.0697113E-06   1.1732073E-06   2.0177343E-06   2.3717188E-04   3.5407057E-05  -3.2207101E-06  -6.6804428E-03  -5.6917900E-04  -1.5920582E-03  -2.8244366E-03   8.2287035E-04   2.0643272E-04  -3.1390067E-04   5.1447541E-05   2.8268522E-04   1.4692575E-03   2.6146003E-04   8.2151028E-05  -3.8807295E-04  -9.6930928E-05  -1.0601683E-04   2.4687877E-08  -3.4585847E-08
 -3.2826759E-08   8.8694192E-08  -5.3706555E-08  -1.4620821E-06  -2.2168199E-06   6.5698654E-07   4.9255590E-07   2.7688457E-03   6.5838764E-05   2.6684963E-04  -4.1999214E-03   2.4553207E-03   3.3590734E-03  -2.2796477E-03  -8.3340361E-04   1.2721078E-04  -3.2264451E-04   4.1799175E-04  -5.2385527E-04   2.6146003E-04   8.5671193E-04   1.5980882E-05   7.2816157E-04   9.3638137E-05  -6.7334495E-04  -2.3190498E-07   3.2603848E-07
  5.3901592E-08  -4.7374132E-07  -2.1447808E-07  -1.5002819E-07   7.4280353E-07   2.8960948E-06   1.4466939E-06  -3.1192336E-03   1.7431293E-04   9.6995240E-04  -2.1469828E-02   4.5790186E-04   9.0567112E-03   4.6349220E-03  -5.7036896E-04   2.6209661E-03  -5.0023926E-04  -1.9401770E-03   2.6647978E-04   8.2151028E-05   1.5980882E-05   7.1355335E-03  -3.2186920E-04   6.3128601E-04   4.3090105E-03   4.4409013E-07   1.5241257E-07
 -2.8776571E-07   1.9807268E-06  -2.8549956E-07  -4.3028682E-06  -8.1597238E-06  -5.5329843E-06  -1.8319025E-06   3.8591844E-03  -9.9956788E-05  -3.8664169E-04   3.2993061E-03   7.0247683E-03   3.5721192E-03   1.9147744E-04  -8.9137940E-04  -5.2200350E-04  -1.9153654E-04   7.0839631E-05  -2.0768500E-03  -3.8807295E-04   7.2816157E-04  -3.2186920E-04   2.9133142E-03   5.5252849E-04  -9.4003167E-04  -3.8694631E-07   6.5571136E-07
 -4.1719278E-07   4.3328141E-06  -6.2063807E-07  -1.5314488E-05  -1.9104203E-05  -7.6213599E-06   7.6212592E-07   3.3975335E-03   2.9838954E-04  -3.5665057E-04  -7.0205832E-03   2.6206041E-03   8.9580285E-03   3.3939872E-03  -4.8503407E-04  -9.0326485E-04  -3.5411094E-04  -2.2390106E-03  -7.1488424E-03  -9.6930928E-05   9.3638137E-05   6.3128601E-04   5.5252849E-04   6.3314050E-03   7.6583947E-03  -3.4551214E-07   6.8579031E-07
 -2.5209406E-06   1.7470517E-05  -2.4724450E-06  -3.0806243E-05   4.1926831E-07  -3.3164953E-05   1.2275269E-05   1.8125692E-02  -2.7346135E-04   6.9994159E-03  -3.7591649E-02   9.9641401E-03   1.4987273E-02  -5.7823099E-03  -5.4133519E-03   1.4109504E-03  -5.7180140E-03   1.3106483E-03  -6.0895822E-03  -1.0601683E-04  -6.7334495E-04   4.3090105E-03  -9.4003167E-04   7.6583947E-03   7.1533118E-02   1.9875025E-06  -4.7422728E-07
  3.6977905E-09  -1.2729208E-08   2.3003177E-09   8.4961795E-08   2.9692191E-07  -8.0009021E-08   7.3584486E-10  -1.8161832E-04   2.5012569E-06   1.2719929E-04   3.6616364E-03   1.9152535E-05   3.8673371E-04   4.1022030E-04  -7.3806346E-05   1.6816121E-04  -1.6728221E-04  -6.5502088E-06   7.5025539E-05   2.4687877E-08  -2.3190498E-07   4.4409013E-07  -3.8694631E-07  -3.4551214E-07   1.9875025E-06   3.7360427E-07  -1.0055379E-09
 -1.5283370E-09   4.7914269E-09   1.7763371E-10  -7.3273686E-08  -1.6615644E-07  -6.4639210E-08  -9.8135086E-09   7.2682307E-04  -1.5787055E-07  -4.4959179E-05   5.3077107E-04   1.1161990E-04  -3.4287855E-04  -1.3469045E-03   4.5532599E-06   7.3609983E-06  -3.7453993E-05   3.8971509E-04   8.8378891E-04  -3.4585847E-08   3.2603848E-07   1.5241257E-07   6.5571136E-07   6.8579031E-07  -4.7422728E-07  -1.0055379E-09   3.8596609E-07
