# omegabh2 omegach2 theta tau nnu ns logA aps100 aps143 aps217 acib143 acib217 asz143 psr cibr ncib cal0 cal2 xi aksz bm_1_1 bm_1_2 bm_1_3 bm_1_4 bm_1_5 bm_2_1 bm_2_2 bm_2_3 bm_2_4 bm_2_5 bm_3_1 bm_3_2 bm_3_3 bm_3_4 bm_3_5 bm_4_1 bm_4_2 bm_4_3 bm_4_4 bm_4_5 a_ps_act_148 a_ps_act_217 a_ps_spt_95 a_ps_spt_150 a_ps_spt_220 r_ps_spt_95x150 r_ps_spt_95x220 r_ps_150x220 act_dust_s act_dust_e cal_acts_148 cal_acts_217 cal_acte_148 cal_acte_217 cal_spt_95 cal_spt_150 cal_spt_220
    0.93209E-07    0.25824E-06    0.87361E-08    0.13861E-05    0.38992E-04    0.21871E-05    0.34720E-05    0.87283E-04   -0.24164E-03   -0.22213E-03    0.29136E-06   -0.10056E-04    0.13136E-05   -0.46164E-06   -0.24582E-06   -0.84904E-07   -0.12486E-09    0.37115E-08    0.11911E-06   -0.82681E-05   -0.44422E-05   -0.73709E-05   -0.53001E-05    0.10608E-05    0.41953E-05    0.24362E-05   -0.83445E-06   -0.68264E-05    0.15527E-05    0.59168E-05   -0.20572E-05   -0.14651E-05   -0.13647E-05    0.30841E-06    0.62228E-06    0.30825E-05   -0.75527E-05    0.36730E-06    0.23441E-05    0.17693E-05    0.78946E-05    0.39944E-04    0.13681E-04    0.10753E-04    0.63724E-04   -0.22273E-06   -0.95230E-07    0.11973E-07   -0.37571E-07    0.59060E-06    0.11755E-06    0.12579E-06    0.11881E-06    0.10561E-06    0.23953E-06    0.24106E-06    0.24551E-06
    0.25824E-06    0.20117E-04   -0.18198E-05    0.22587E-05    0.92900E-03    0.16518E-04    0.49989E-04    0.16190E-01    0.13607E-01    0.12517E-01   -0.11198E-03   -0.10525E-02   -0.19237E-03    0.18929E-04    0.12047E-04   -0.15003E-04   -0.82735E-08   -0.49882E-07    0.59901E-04    0.63234E-03    0.43449E-03    0.22770E-04   -0.96725E-04   -0.46277E-04   -0.14263E-04    0.49167E-04    0.11563E-03    0.68604E-04   -0.10182E-04    0.36210E-04   -0.24728E-04   -0.64645E-04    0.78493E-04    0.93127E-05   -0.51940E-04   -0.46092E-05    0.49198E-04    0.13683E-03    0.11025E-04    0.16389E-04   -0.16939E-03   -0.16919E-02   -0.43457E-03   -0.36872E-03   -0.22537E-02    0.56139E-05    0.15886E-04    0.19114E-05    0.16396E-04    0.11765E-04   -0.71852E-05   -0.92866E-05   -0.80619E-05   -0.90629E-05   -0.15947E-04   -0.12983E-04   -0.11372E-04
    0.87361E-08   -0.18198E-05    0.49334E-06    0.48974E-06   -0.86835E-04   -0.11017E-05   -0.28203E-05   -0.13474E-02   -0.13824E-02   -0.13689E-02    0.15643E-04    0.15355E-03    0.44057E-04   -0.13965E-05   -0.16970E-06    0.19448E-05    0.13933E-08    0.37470E-09   -0.85150E-05   -0.88683E-04   -0.30404E-04    0.62844E-05    0.22834E-05    0.67293E-05   -0.76003E-05    0.22797E-05   -0.24740E-04   -0.95871E-06    0.55308E-06   -0.13458E-04    0.10973E-04    0.95128E-06   -0.81668E-05   -0.12346E-04   -0.40346E-06    0.94664E-05    0.37258E-05   -0.23163E-04    0.14772E-05   -0.38851E-05    0.21704E-04    0.14170E-03    0.42999E-04    0.36906E-04    0.22237E-03   -0.90900E-06   -0.24996E-06   -0.27070E-06   -0.23060E-05   -0.11014E-05    0.72220E-06    0.85299E-06    0.85096E-06    0.81215E-06    0.17926E-05    0.14309E-05    0.12764E-05
    0.13861E-05    0.22587E-05    0.48974E-06    0.21340E-03    0.80385E-03    0.61034E-04    0.42870E-03   -0.24939E-01   -0.86562E-02   -0.67168E-02   -0.11373E-03    0.82848E-03    0.22603E-03   -0.62520E-05   -0.15090E-04    0.20859E-04   -0.12228E-06    0.24585E-06   -0.15107E-03   -0.16245E-02   -0.41194E-03    0.69994E-04   -0.10042E-04   -0.18168E-03    0.38627E-03    0.14459E-03    0.13776E-03    0.10145E-03   -0.42948E-04    0.30666E-03   -0.24499E-03   -0.18462E-04    0.14879E-04   -0.52032E-06    0.16347E-04   -0.47164E-04   -0.37171E-04    0.21180E-03   -0.15491E-03   -0.87718E-04    0.28347E-03    0.13145E-03    0.53708E-03    0.36546E-03    0.98613E-03   -0.25629E-04   -0.41708E-04   -0.42885E-05   -0.59096E-04   -0.79163E-05    0.33515E-05    0.10173E-05    0.43124E-05    0.17600E-05    0.42423E-05    0.50239E-05    0.22754E-05
    0.38992E-04    0.92900E-03   -0.86835E-04    0.80385E-03    0.63116E-01    0.20774E-02    0.36979E-02    0.94377E+00    0.75621E+00    0.67719E+00   -0.46336E-02   -0.72740E-01   -0.16662E-01    0.87564E-03    0.54004E-03   -0.11517E-02   -0.43283E-07   -0.16047E-05    0.50142E-02    0.50943E-01    0.19882E-01    0.12368E-02   -0.38734E-02   -0.12053E-03    0.16552E-02    0.82349E-03    0.44038E-02    0.50473E-03    0.45495E-03    0.36412E-02   -0.18826E-02   -0.25806E-02    0.42196E-02    0.25729E-02    0.53565E-03   -0.83209E-03   -0.10183E-02    0.60239E-02    0.17033E-02    0.76323E-03   -0.86564E-02   -0.74701E-01   -0.20480E-01   -0.19528E-01   -0.98832E-01    0.31993E-03    0.87104E-03    0.11562E-03    0.28493E-03    0.10483E-02   -0.38399E-03   -0.48008E-03   -0.43238E-03   -0.45200E-03   -0.83408E-03   -0.68419E-03   -0.57222E-03
    0.21871E-05    0.16518E-04   -0.11017E-05    0.61034E-04    0.20774E-02    0.11591E-03    0.15498E-03   -0.25808E-02    0.49682E-02    0.71757E-02   -0.10762E-03   -0.13694E-02   -0.96211E-04   -0.46630E-05    0.32430E-05   -0.15655E-04   -0.11745E-06    0.14639E-06    0.37200E-04    0.60541E-03    0.13954E-03   -0.11527E-03   -0.14136E-03    0.94459E-04    0.10639E-03    0.17029E-03    0.14111E-03   -0.45617E-04    0.15370E-03    0.17033E-03    0.13675E-05   -0.92460E-04    0.10514E-03    0.13478E-03    0.33649E-04    0.13571E-03   -0.42815E-04    0.21855E-03    0.79138E-04    0.12075E-03   -0.74479E-04   -0.67155E-03   -0.28444E-03   -0.27668E-03   -0.12768E-02   -0.89065E-06    0.88639E-05    0.26220E-05   -0.12725E-04    0.32836E-04   -0.40521E-05   -0.65853E-05   -0.45901E-05   -0.62341E-05   -0.13334E-04   -0.83186E-05   -0.89363E-05
    0.34720E-05    0.49989E-04   -0.28203E-05    0.42870E-03    0.36979E-02    0.15498E-03    0.97028E-03   -0.21790E-01    0.11018E-01    0.13605E-01   -0.51474E-03   -0.36265E-03    0.14153E-03    0.30852E-04   -0.55316E-05    0.17152E-04   -0.18736E-06    0.68371E-06   -0.21587E-03   -0.21526E-02    0.61832E-03    0.24766E-03   -0.26729E-03   -0.46662E-03    0.74991E-03    0.75265E-03    0.57408E-03    0.33591E-03   -0.13730E-03    0.63282E-03   -0.52367E-03   -0.14107E-03    0.16720E-03   -0.54006E-04   -0.11871E-03    0.16845E-03    0.13938E-03    0.75422E-03   -0.25253E-03   -0.12095E-03    0.19655E-03   -0.36439E-02    0.23736E-03   -0.10629E-03   -0.31536E-02   -0.47904E-04   -0.60516E-04   -0.46961E-05   -0.79321E-04    0.90099E-05   -0.88505E-05   -0.19027E-04   -0.87213E-05   -0.16988E-04   -0.25803E-04   -0.18547E-04   -0.21117E-04
    0.87283E-04    0.16190E-01   -0.13474E-02   -0.24939E-01    0.94377E+00   -0.25808E-02   -0.21790E-01    0.16291E+04    0.94131E+02    0.28253E+02   -0.41604E+00   -0.14387E+01   -0.10693E+02   -0.87535E-01   -0.23943E-01   -0.68947E-01    0.14015E-02   -0.27952E-02    0.10224E+01    0.79461E+01    0.16581E+02   -0.75050E+01   -0.36325E-01    0.29206E+00   -0.26148E+00   -0.16282E+01   -0.41146E+01   -0.32455E+00   -0.17442E+01   -0.13021E+01    0.44765E+00    0.79772E-01   -0.21021E-01   -0.18192E+00   -0.35331E+01   -0.43791E+00   -0.15335E+01   -0.24924E+01   -0.99683E+00    0.16515E+01   -0.11958E+00   -0.84476E-01    0.58662E+01   -0.10169E+01    0.18946E+01   -0.16212E+00   -0.42595E+00   -0.74896E-01    0.49936E-01    0.55429E-01   -0.34852E-01    0.25378E-02   -0.33645E-01    0.10647E-01   -0.65394E-01   -0.39947E-01    0.25726E-01
   -0.24164E-03    0.13607E-01   -0.13824E-02   -0.86562E-02    0.75621E+00    0.49682E-02    0.11018E-01    0.94131E+02    0.72838E+02    0.26010E+02    0.81534E-01   -0.93969E+00   -0.20144E+01    0.30089E-01    0.29739E-01   -0.39276E-01    0.67974E-04   -0.95874E-03    0.27437E+00    0.10523E+01    0.19968E+00   -0.63733E-01    0.23607E-01    0.17337E+00    0.14358E+00    0.23302E+00   -0.16222E+00   -0.33401E-01   -0.26944E+00   -0.45529E-01   -0.17078E+00    0.80323E-01    0.11891E-01    0.66055E-01    0.66090E-02    0.91290E-01   -0.51833E-02   -0.25085E+00   -0.17323E+00   -0.39089E-01    0.79505E-01   -0.20835E+01    0.79169E+00   -0.48693E+00   -0.21508E+01   -0.69592E-02   -0.53199E-01   -0.28239E-01    0.33814E-02   -0.16980E-02   -0.16110E-01   -0.11258E-01   -0.18471E-01   -0.11935E-01   -0.31676E-01   -0.28402E-01   -0.12775E-01
   -0.22213E-03    0.12517E-01   -0.13689E-02   -0.67168E-02    0.67719E+00    0.71757E-02    0.13605E-01    0.28253E+02    0.26010E+02    0.10341E+03   -0.11097E+01   -0.34972E+02    0.13068E+00   -0.33557E+00   -0.22794E-01   -0.47457E+00   -0.35739E-04   -0.58877E-04    0.14069E+00    0.17233E+01    0.13278E+00    0.31441E+00    0.90279E-02   -0.42383E-01    0.82764E-01   -0.60831E-01    0.20736E+00    0.11231E+00   -0.61229E-01    0.19968E+00    0.93071E-01    0.99479E-01   -0.28348E-02    0.31933E+00    0.54009E+00   -0.33801E-01    0.10158E+00    0.14379E+00    0.83607E-01   -0.15463E+00    0.15386E+00    0.17121E+02   -0.11004E+01    0.44871E+00    0.68144E+01   -0.40183E-01   -0.63700E-01    0.27063E-02    0.36358E-01    0.80692E-01   -0.91475E-02   -0.29751E-01   -0.94531E-02   -0.34487E-01   -0.17733E-01   -0.19253E-01   -0.59959E-01
    0.29136E-06   -0.11198E-03    0.15643E-04   -0.11373E-03   -0.46336E-02   -0.10762E-03   -0.51474E-03   -0.41604E+00    0.81534E-01   -0.11097E+01    0.61896E+00    0.10290E+01    0.48493E+00    0.24391E-02   -0.34741E-02   -0.37592E-02    0.35651E-05    0.69514E-04    0.11344E-01   -0.78926E+00   -0.46759E-02   -0.23861E-01    0.18928E-01    0.29573E-02    0.40774E-02   -0.24062E-01   -0.82532E-02   -0.16343E-02    0.12707E-01   -0.13383E-01    0.22003E-01   -0.23406E-01    0.82411E-02   -0.20138E-01   -0.13941E-01   -0.31130E-02   -0.86229E-02   -0.79679E-03    0.12117E-01    0.16396E-01    0.77321E-01   -0.11950E+00   -0.18228E+00    0.55492E-02    0.61215E-01    0.47033E-01    0.45779E-01   -0.42391E-02   -0.27223E-02   -0.64443E-03    0.94426E-04    0.25056E-03    0.25351E-03    0.38290E-03   -0.45214E-03    0.70821E-03    0.18028E-02
   -0.10056E-04   -0.10525E-02    0.15355E-03    0.82848E-03   -0.72740E-01   -0.13694E-02   -0.36265E-03   -0.14387E+01   -0.93969E+00   -0.34972E+02    0.10290E+01    0.21067E+02    0.16997E+01    0.20327E+00    0.20030E-01    0.29019E+00    0.58278E-04    0.22785E-04   -0.39649E+00   -0.41571E+01    0.17266E+00   -0.18514E+00   -0.32372E-01    0.55388E-02   -0.90594E-01    0.39569E-01   -0.52706E-02   -0.53339E-01    0.18460E+00   -0.24692E+00   -0.15601E+00   -0.33810E+00   -0.10767E-01   -0.30554E+00   -0.34023E+00   -0.77679E-01   -0.35686E-01   -0.10261E-01    0.31495E-01    0.29181E+00   -0.39956E+00   -0.11592E+02    0.14356E+00   -0.74898E+00   -0.70344E+01    0.38585E-01    0.40918E-01   -0.10566E-01   -0.12029E-01   -0.26739E-01   -0.11399E-02    0.61140E-02   -0.16356E-02    0.87434E-02    0.11648E-02   -0.10807E-02    0.19962E-01
    0.13136E-05   -0.19237E-03    0.44057E-04    0.22603E-03   -0.16662E-01   -0.96211E-04    0.14153E-03   -0.10693E+02   -0.20144E+01    0.13068E+00    0.48493E+00    0.16997E+01    0.17646E+01    0.16973E-01    0.19585E-01    0.13584E-01    0.86371E-05   -0.12788E-03   -0.18689E+00   -0.21309E+01    0.50705E-01    0.19931E-01    0.46677E-02   -0.56138E-02   -0.89496E-02    0.36430E-01    0.19891E-01   -0.27746E-02    0.24968E-01   -0.11011E-01   -0.57776E-01   -0.27735E-01    0.16363E-01   -0.47282E-01   -0.57474E-02   -0.12767E-01    0.12347E-02   -0.33198E-02   -0.32210E-02    0.34368E-01   -0.41478E-01   -0.73537E+00   -0.69521E+00   -0.75187E-01   -0.91384E+00    0.40323E-01    0.66465E-01   -0.18013E-02    0.10366E-02    0.20170E-02    0.60133E-03   -0.25833E-02    0.55707E-03   -0.26224E-02    0.34819E-02    0.70551E-03   -0.15850E-02
   -0.46164E-06    0.18929E-04   -0.13965E-05   -0.62520E-05    0.87564E-03   -0.46630E-05    0.30852E-04   -0.87535E-01    0.30089E-01   -0.33557E+00    0.24391E-02    0.20327E+00    0.16973E-01    0.40268E-02   -0.68094E-04    0.29513E-02    0.12520E-05   -0.12075E-05   -0.12779E-02   -0.18148E-01    0.11110E-02    0.99633E-03    0.11155E-02    0.59800E-04   -0.10660E-02    0.18912E-02   -0.33217E-02    0.19916E-02   -0.21765E-02    0.71657E-04   -0.15140E-02    0.14454E-02    0.57291E-03    0.64953E-03   -0.10778E-02    0.51931E-03    0.53235E-03   -0.25288E-02   -0.43573E-02   -0.10308E-02   -0.14988E-02   -0.14378E+00   -0.75034E-02   -0.41606E-02   -0.94931E-01    0.44511E-03    0.15241E-02    0.35045E-03    0.32441E-04    0.11093E-03   -0.32541E-04   -0.22486E-04   -0.49777E-04    0.19596E-04    0.35189E-04   -0.41667E-04    0.11676E-03
   -0.24582E-06    0.12047E-04   -0.16970E-06   -0.15090E-04    0.54004E-03    0.32430E-05   -0.55316E-05   -0.23943E-01    0.29739E-01   -0.22794E-01   -0.34741E-02    0.20030E-01    0.19585E-01   -0.68094E-04    0.26868E-02   -0.27742E-03    0.78357E-07    0.33698E-05   -0.67370E-03   -0.11696E-01    0.17108E-02   -0.68683E-03   -0.14468E-02   -0.27794E-03    0.30419E-04   -0.93983E-03   -0.41856E-03   -0.14654E-02    0.44938E-03   -0.70027E-03    0.11245E-02   -0.48594E-03   -0.55006E-03   -0.11594E-02   -0.41850E-04    0.39433E-03   -0.11027E-02   -0.31233E-03    0.12759E-02    0.33207E-03    0.57499E-02    0.42926E-02   -0.12478E-01    0.29689E-02    0.10057E-01    0.15978E-03    0.14849E-02   -0.38883E-03   -0.34273E-04   -0.61432E-04   -0.34801E-05    0.27238E-04   -0.47787E-05    0.17477E-04    0.56441E-04   -0.11029E-04    0.66079E-04
   -0.84904E-07   -0.15003E-04    0.19448E-05    0.20859E-04   -0.11517E-02   -0.15655E-04    0.17152E-04   -0.68947E-01   -0.39276E-01   -0.47457E+00   -0.37592E-02    0.29019E+00    0.13584E-01    0.29513E-02   -0.27742E-03    0.53611E-02    0.66586E-06   -0.86069E-05   -0.63703E-02   -0.36499E-01    0.48457E-02   -0.50402E-02   -0.22508E-02   -0.93504E-03   -0.21204E-02    0.21407E-02    0.33847E-02   -0.30233E-02    0.74473E-02   -0.61485E-02   -0.72585E-02   -0.10188E-01   -0.20160E-03   -0.70641E-02   -0.78207E-02   -0.36262E-02   -0.67031E-03    0.33312E-02    0.50829E-02    0.98588E-02   -0.10253E-01   -0.19276E+00    0.50085E-02   -0.11987E-01   -0.13322E+00   -0.80785E-03   -0.59038E-03    0.23547E-03   -0.85241E-04   -0.32297E-03   -0.12564E-04    0.38257E-04   -0.30884E-04    0.78118E-04    0.51944E-04   -0.29313E-04    0.19122E-03
   -0.12486E-09   -0.82735E-08    0.13933E-08   -0.12228E-06   -0.43283E-07   -0.11745E-06   -0.18736E-06    0.14015E-02    0.67974E-04   -0.35739E-04    0.35651E-05    0.58278E-04    0.86371E-05    0.12520E-05    0.78357E-07    0.66586E-06    0.15478E-06    0.63291E-08   -0.10727E-05   -0.75382E-05   -0.27325E-04   -0.10117E-04   -0.12407E-05    0.59670E-05   -0.19383E-05    0.86375E-05    0.11601E-05    0.43795E-05   -0.45288E-05    0.42368E-05    0.13987E-05   -0.11883E-04   -0.44909E-05    0.31938E-05    0.15966E-05    0.67045E-05    0.23906E-05   -0.13761E-05   -0.76957E-05   -0.49919E-05    0.18011E-05   -0.64296E-04   -0.76290E-05    0.11408E-05   -0.29337E-04    0.59780E-06    0.95269E-06    0.18752E-07    0.14409E-05    0.24059E-06   -0.17878E-07   -0.79436E-07   -0.49667E-07   -0.52790E-07    0.58629E-07   -0.70168E-07    0.58659E-07
    0.37115E-08   -0.49882E-07    0.37470E-09    0.24585E-06   -0.16047E-05    0.14639E-06    0.68371E-06   -0.27952E-02   -0.95874E-03   -0.58877E-04    0.69514E-04    0.22785E-04   -0.12788E-03   -0.12075E-05    0.33698E-05   -0.86069E-05    0.63291E-08    0.11342E-05    0.26668E-04    0.87649E-04    0.76492E-04    0.46106E-04   -0.26750E-04   -0.30081E-04    0.18213E-05    0.38664E-03    0.32918E-04    0.15664E-04   -0.99268E-05    0.42223E-04   -0.35436E-03    0.17986E-04   -0.68763E-04    0.44255E-04    0.17002E-04    0.48606E-04    0.68484E-04   -0.35980E-04   -0.92868E-04    0.20709E-05    0.45475E-04    0.31332E-03    0.73824E-04    0.33472E-04    0.41441E-03    0.45388E-05    0.26722E-06   -0.25628E-05   -0.12005E-05    0.23199E-05    0.26890E-06    0.13552E-05    0.42545E-06    0.12176E-05   -0.25728E-06    0.54121E-06    0.11891E-05
    0.11911E-06    0.59901E-04   -0.85150E-05   -0.15107E-03    0.50142E-02    0.37200E-04   -0.21587E-03    0.10224E+01    0.27437E+00    0.14069E+00    0.11344E-01   -0.39649E+00   -0.18689E+00   -0.12779E-02   -0.67370E-03   -0.63703E-02   -0.10727E-05    0.26668E-04    0.71111E-01    0.38185E+00   -0.89379E-02   -0.11588E-01    0.15985E-02   -0.41494E-03    0.19036E-02   -0.88201E-02   -0.81490E-02   -0.31171E-02   -0.12381E-02    0.50229E-03    0.12637E-01    0.12143E-02   -0.76680E-03    0.84541E-02   -0.32449E-03    0.31986E-02   -0.47577E-02   -0.18461E-02    0.51651E-02   -0.22238E-02    0.64101E-01    0.17011E+00   -0.73684E-02    0.60530E-01    0.19072E+00    0.58542E-02    0.10148E-01    0.11787E-02   -0.19534E-03    0.11909E-02   -0.30883E-04    0.21942E-03   -0.17689E-04    0.25346E-03   -0.33357E-03    0.17237E-03    0.38409E-03
   -0.82681E-05    0.63234E-03   -0.88683E-04   -0.16245E-02    0.50943E-01    0.60541E-03   -0.21526E-02    0.79461E+01    0.10523E+01    0.17233E+01   -0.78926E+00   -0.41571E+01   -0.21309E+01   -0.18148E-01   -0.11696E-01   -0.36499E-01   -0.75382E-05    0.87649E-04    0.38185E+00    0.43429E+01   -0.43346E-01   -0.36629E-01   -0.56863E-02   -0.83233E-02    0.56549E-02   -0.28527E-01   -0.17921E-01   -0.33172E-01   -0.30536E-01    0.19472E-01    0.57651E-01    0.38295E-01   -0.55898E-02    0.67062E-01    0.24301E-01    0.26816E-01   -0.20270E-01    0.81982E-02    0.37165E-01   -0.65920E-01    0.50348E-01    0.13139E+01    0.16423E+00    0.21513E+00    0.14402E+01   -0.35211E-01   -0.16237E-01    0.17653E-01   -0.34884E-02    0.37147E-02    0.11259E-03    0.22279E-02    0.91445E-04    0.24432E-02   -0.51030E-03    0.98886E-03    0.18465E-02
   -0.44422E-05    0.43449E-03   -0.30404E-04   -0.41194E-03    0.19882E-01    0.13954E-03    0.61832E-03    0.16581E+02    0.19968E+00    0.13278E+00   -0.46759E-02    0.17266E+00    0.50705E-01    0.11110E-02    0.17108E-02    0.48457E-02   -0.27325E-04    0.76492E-04   -0.89379E-02   -0.43346E-01    0.66468E+00   -0.15531E+00   -0.13646E-01    0.41666E-02    0.53104E-02    0.19989E+00   -0.36173E-01   -0.17870E-01   -0.15245E-01   -0.61493E-01    0.21202E-01    0.20329E-01   -0.28643E-01   -0.40173E-01   -0.11901E+00    0.16390E+00    0.49044E-01   -0.11411E-01    0.10666E-01    0.78464E-01   -0.13814E-01   -0.12820E+00   -0.49031E-01   -0.17811E-01   -0.16126E+00    0.80173E-03    0.18694E-02    0.31081E-03    0.26356E-02    0.12448E-02   -0.23133E-03   -0.37659E-04   -0.16083E-03   -0.13897E-03   -0.32024E-03   -0.26786E-03   -0.68323E-04
   -0.73709E-05    0.22770E-04    0.62844E-05    0.69994E-04    0.12368E-02   -0.11527E-03    0.24766E-03   -0.75050E+01   -0.63733E-01    0.31441E+00   -0.23861E-01   -0.18514E+00    0.19931E-01    0.99633E-03   -0.68683E-03   -0.50402E-02   -0.10117E-04    0.46106E-04   -0.11588E-01   -0.36629E-01   -0.15531E+00    0.89614E+00    0.15354E-01    0.14186E-01    0.12947E-01   -0.12375E+00    0.18545E+00    0.71410E-01   -0.13400E-01    0.40395E-01   -0.10542E+00    0.37453E-02    0.31709E-01   -0.44524E-02    0.17522E+00   -0.19907E+00    0.58480E-01    0.10726E+00    0.10229E-01   -0.21000E+00   -0.10374E-01    0.12325E+00    0.39698E-01   -0.69676E-02    0.73171E-02   -0.44770E-02   -0.61648E-02   -0.17657E-03    0.36137E-02   -0.39648E-03   -0.59621E-04   -0.15125E-03   -0.14830E-03   -0.20828E-03    0.18582E-03   -0.18928E-04   -0.43672E-03
   -0.53001E-05   -0.96725E-04    0.22834E-05   -0.10042E-04   -0.38734E-02   -0.14136E-03   -0.26729E-03   -0.36325E-01    0.23607E-01    0.90279E-02    0.18928E-01   -0.32372E-01    0.46677E-02    0.11155E-02   -0.14468E-02   -0.22508E-02   -0.12407E-05   -0.26750E-04    0.15985E-02   -0.56863E-02   -0.13646E-01    0.15354E-01    0.99687E+00    0.16962E-01   -0.20393E-02   -0.34331E-01   -0.26960E-01    0.16679E+00   -0.34446E-01    0.65843E-01    0.34810E-02    0.53679E-01   -0.13153E-01   -0.27146E-01    0.98890E-01   -0.39917E-01    0.36956E-01    0.12052E-01   -0.18036E+00    0.75397E-01    0.94278E-02    0.42393E-01    0.16052E-01   -0.45777E-04    0.37894E-01    0.15130E-02    0.11757E-02   -0.20964E-03    0.29577E-02    0.18329E-02    0.11784E-03   -0.11459E-03   -0.63151E-04   -0.24514E-04    0.45416E-03    0.11842E-03    0.34807E-04
    0.10608E-05   -0.46277E-04    0.67293E-05   -0.18168E-03   -0.12053E-03    0.94459E-04   -0.46662E-03    0.29206E+00    0.17337E+00   -0.42383E-01    0.29573E-02    0.55388E-02   -0.56138E-02    0.59800E-04   -0.27794E-03   -0.93504E-03    0.59670E-05   -0.30081E-04   -0.41494E-03   -0.83233E-02    0.41666E-02    0.14186E-01    0.16962E-01    0.98600E+00    0.11277E-01    0.46012E-01   -0.95236E-01    0.76100E-01   -0.92329E-01    0.28361E-01    0.48403E-01    0.11787E+00    0.41992E-01    0.12183E+00   -0.67348E-01    0.61081E-01    0.48317E-01   -0.31685E-01   -0.10542E+00    0.52185E-01   -0.15187E-01   -0.44220E-01    0.72871E-03   -0.49950E-02    0.58852E-01   -0.74436E-03   -0.77142E-03    0.41143E-03   -0.12663E-02    0.26493E-02    0.36152E-05    0.23588E-04   -0.97438E-05   -0.67087E-04   -0.67346E-03    0.24444E-03    0.40396E-03
    0.41953E-05   -0.14263E-04   -0.76003E-05    0.38627E-03    0.16552E-02    0.10639E-03    0.74991E-03   -0.26148E+00    0.14358E+00    0.82764E-01    0.40774E-02   -0.90594E-01   -0.89496E-02   -0.10660E-02    0.30419E-04   -0.21204E-02   -0.19383E-05    0.18213E-05    0.19036E-02    0.56549E-02    0.53104E-02    0.12947E-01   -0.20393E-02    0.11277E-01    0.10073E+01    0.40918E-01    0.57194E-01   -0.45739E-01    0.39404E-01    0.10604E+00    0.70206E-01   -0.70113E-01   -0.90321E-01    0.84010E-01    0.56968E-01    0.10626E+00   -0.86267E-01    0.10147E+00   -0.41709E-01   -0.13342E-01    0.10437E-01    0.60238E-01   -0.34671E-01    0.13935E-01   -0.24592E-01    0.16241E-02    0.20909E-02   -0.49533E-04   -0.39491E-02   -0.11714E-02   -0.29579E-04   -0.62660E-04    0.15207E-03    0.43984E-04   -0.20748E-03    0.61757E-04   -0.56621E-03
    0.24362E-05    0.49167E-04    0.22797E-05    0.14459E-03    0.82349E-03    0.17029E-03    0.75265E-03   -0.16282E+01    0.23302E+00   -0.60831E-01   -0.24062E-01    0.39569E-01    0.36430E-01    0.18912E-02   -0.93983E-03    0.21407E-02    0.86375E-05    0.38664E-03   -0.88201E-02   -0.28527E-01    0.19989E+00   -0.12375E+00   -0.34331E-01    0.46012E-01    0.40918E-01    0.75201E+00   -0.17782E-01   -0.20826E-02   -0.16923E-01   -0.32280E-01    0.96122E-01    0.11235E+00   -0.81440E-01    0.10403E-01   -0.58090E-01    0.61638E+00    0.22829E+00   -0.44975E-01   -0.37401E-01    0.69074E-01   -0.37593E-02    0.15993E-01   -0.29315E-01    0.39747E-02   -0.77321E-02   -0.60123E-03   -0.27394E-03    0.74991E-03   -0.43428E-03   -0.55161E-03    0.20098E-03    0.41698E-03    0.25765E-03    0.11684E-04    0.17340E-03    0.17153E-03   -0.20309E-04
   -0.83445E-06    0.11563E-03   -0.24740E-04    0.13776E-03    0.44038E-02    0.14111E-03    0.57408E-03   -0.41146E+01   -0.16222E+00    0.20736E+00   -0.82532E-02   -0.52706E-02    0.19891E-01   -0.33217E-02   -0.41856E-03    0.33847E-02    0.11601E-05    0.32918E-04   -0.81490E-02   -0.17921E-01   -0.36173E-01    0.18545E+00   -0.26960E-01   -0.95236E-01    0.57194E-01   -0.17782E-01    0.96444E+00   -0.16008E-01    0.24870E-01   -0.69781E-02    0.46916E-01    0.14363E-02   -0.54069E-01    0.14045E-02    0.17253E+00   -0.83422E-01    0.25446E+00    0.73912E+00    0.31417E+00   -0.17396E+00   -0.18494E-01   -0.62722E-01   -0.98293E-02   -0.69721E-02   -0.13126E+00   -0.19443E-02   -0.17540E-02    0.22538E-03    0.21997E-02    0.66559E-04    0.74113E-04   -0.22448E-03    0.12791E-05   -0.30143E-03    0.30448E-03   -0.45455E-05   -0.12023E-02
   -0.68264E-05    0.68604E-04   -0.95871E-06    0.10145E-03    0.50473E-03   -0.45617E-04    0.33591E-03   -0.32455E+00   -0.33401E-01    0.11231E+00   -0.16343E-02   -0.53339E-01   -0.27746E-02    0.19916E-02   -0.14654E-02   -0.30233E-02    0.43795E-05    0.15664E-04   -0.31171E-02   -0.33172E-01   -0.17870E-01    0.71410E-01    0.16679E+00    0.76100E-01   -0.45739E-01   -0.20826E-02   -0.16008E-01    0.10026E+01   -0.36973E-02   -0.21701E-01    0.50972E-01   -0.50385E-01    0.12455E+00    0.13017E+00   -0.14260E+00   -0.21636E+00    0.64126E+00    0.11897E+00   -0.62466E+00    0.17777E+00   -0.56296E-02    0.76883E-01    0.26822E-01    0.11152E-02    0.13306E-01   -0.15239E-02   -0.27125E-02    0.10134E-03    0.38402E-02   -0.13149E-02    0.22504E-03   -0.81101E-04   -0.56893E-04   -0.10404E-03   -0.90598E-05   -0.16834E-03    0.31936E-04
    0.15527E-05   -0.10182E-04    0.55308E-06   -0.42948E-04    0.45495E-03    0.15370E-03   -0.13730E-03   -0.17442E+01   -0.26944E+00   -0.61229E-01    0.12707E-01    0.18460E+00    0.24968E-01   -0.21765E-02    0.44938E-03    0.74473E-02   -0.45288E-05   -0.99268E-05   -0.12381E-02   -0.30536E-01   -0.15245E-01   -0.13400E-01   -0.34446E-01   -0.92329E-01    0.39404E-01   -0.16923E-01    0.24870E-01   -0.36973E-02    0.98506E+00    0.33065E-03   -0.17750E-01   -0.85444E-01   -0.16992E+00   -0.35592E-01   -0.73743E-01   -0.78059E-01    0.80514E-01   -0.41617E-01    0.31508E+00    0.67172E+00    0.56756E-02   -0.20904E+00   -0.59404E-02   -0.60631E-02   -0.17135E+00    0.10363E-02    0.17463E-02   -0.15654E-03   -0.21784E-03   -0.83509E-03   -0.73983E-05   -0.17204E-03    0.91259E-04   -0.95755E-04   -0.31244E-03    0.67833E-04   -0.29273E-03
    0.59168E-05    0.36210E-04   -0.13458E-04    0.30666E-03    0.36412E-02    0.17033E-03    0.63282E-03   -0.13021E+01   -0.45529E-01    0.19968E+00   -0.13383E-01   -0.24692E+00   -0.11011E-01    0.71657E-04   -0.70027E-03   -0.61485E-02    0.42368E-05    0.42223E-04    0.50229E-03    0.19472E-01   -0.61493E-01    0.40395E-01    0.65843E-01    0.28361E-01    0.10604E+00   -0.32280E-01   -0.69781E-02   -0.21701E-01    0.33065E-03    0.95102E+00   -0.57493E-01    0.60555E-01    0.43850E-01    0.14103E+00    0.92170E-02    0.10089E+00   -0.55549E+00    0.35833E+00   -0.31516E+00    0.20156E+00    0.50603E-02    0.14413E+00   -0.18621E-01    0.14988E-01    0.11658E+00   -0.65260E-04   -0.17325E-03   -0.37581E-04   -0.29932E-03    0.11921E-02    0.57371E-04   -0.12167E-03   -0.23111E-04   -0.17718E-03    0.42894E-05   -0.14674E-03   -0.36630E-03
   -0.20572E-05   -0.24728E-04    0.10973E-04   -0.24499E-03   -0.18826E-02    0.13675E-05   -0.52367E-03    0.44765E+00   -0.17078E+00    0.93071E-01    0.22003E-01   -0.15601E+00   -0.57776E-01   -0.15140E-02    0.11245E-02   -0.72585E-02    0.13987E-05   -0.35436E-03    0.12637E-01    0.57651E-01    0.21202E-01   -0.10542E+00    0.34810E-02    0.48403E-01    0.70206E-01    0.96122E-01    0.46916E-01    0.50972E-01   -0.17750E-01   -0.57493E-01    0.83127E+00    0.59075E-03   -0.50202E-01   -0.20592E-01   -0.82862E-02    0.60214E+00    0.16238E+00    0.96130E-01    0.51387E-01   -0.92900E-01    0.28529E-01    0.18554E+00   -0.10247E-01    0.19486E-01    0.21807E+00    0.35173E-02    0.16162E-02   -0.12154E-02   -0.10372E-02   -0.11081E-02    0.26116E-04    0.31124E-03    0.15593E-03    0.26424E-03   -0.17771E-03    0.22074E-03    0.39122E-03
   -0.14651E-05   -0.64645E-04    0.95128E-06   -0.18462E-04   -0.25806E-02   -0.92460E-04   -0.14107E-03    0.79772E-01    0.80323E-01    0.99479E-01   -0.23406E-01   -0.33810E+00   -0.27735E-01    0.14454E-02   -0.48594E-03   -0.10188E-01   -0.11883E-04    0.17986E-04    0.12143E-02    0.38295E-01    0.20329E-01    0.37453E-02    0.53679E-01    0.11787E+00   -0.70113E-01    0.11235E+00    0.14363E-02   -0.50385E-01   -0.85444E-01    0.60555E-01    0.59075E-03    0.95225E+00    0.17104E-01   -0.42453E-01    0.96956E-02    0.87077E-01    0.16192E+00   -0.11196E-01    0.15050E+00    0.14390E+00    0.14874E-01    0.25778E+00    0.28362E-01    0.19719E-01    0.20188E+00   -0.19303E-02   -0.37279E-02   -0.95078E-04    0.11666E-02   -0.70232E-03    0.53274E-04   -0.15024E-04    0.86408E-04   -0.16596E-03    0.22206E-03    0.52318E-05   -0.18555E-03
   -0.13647E-05    0.78493E-04   -0.81668E-05    0.14879E-04    0.42196E-02    0.10514E-03    0.16720E-03   -0.21021E-01    0.11891E-01   -0.28348E-02    0.82411E-02   -0.10767E-01    0.16363E-01    0.57291E-03   -0.55006E-03   -0.20160E-03   -0.44909E-05   -0.68763E-04   -0.76680E-03   -0.55898E-02   -0.28643E-01    0.31709E-01   -0.13153E-01    0.41992E-01   -0.90321E-01   -0.81440E-01   -0.54069E-01    0.12455E+00   -0.16992E+00    0.43850E-01   -0.50202E-01    0.17104E-01    0.98311E+00   -0.28836E-01   -0.10391E-02   -0.12616E+00    0.33714E-01    0.15855E+00    0.26165E-01   -0.83456E-01    0.91331E-03   -0.74169E-01   -0.66256E-02   -0.22163E-02   -0.60348E-01    0.75488E-03    0.94482E-03    0.61143E-04   -0.12310E-02    0.25368E-02    0.16568E-04   -0.31249E-03   -0.82414E-06   -0.28387E-03   -0.26402E-03   -0.43304E-05   -0.28098E-03
    0.30841E-06    0.93127E-05   -0.12346E-04   -0.52032E-06    0.25729E-02    0.13478E-03   -0.54006E-04   -0.18192E+00    0.66055E-01    0.31933E+00   -0.20138E-01   -0.30554E+00   -0.47282E-01    0.64953E-03   -0.11594E-02   -0.70641E-02    0.31938E-05    0.44255E-04    0.84541E-02    0.67062E-01   -0.40173E-01   -0.44524E-02   -0.27146E-01    0.12183E+00    0.84010E-01    0.10403E-01    0.14045E-02    0.13017E+00   -0.35592E-01    0.14103E+00   -0.20592E-01   -0.42453E-01   -0.28836E-01    0.10104E+01    0.15158E-01   -0.20530E-01    0.17796E-01    0.13178E+00   -0.25620E+00    0.10569E+00    0.51633E-02    0.15279E+00    0.81719E-02    0.45353E-02    0.16900E+00   -0.25106E-02   -0.21538E-02    0.35028E-03   -0.36648E-03    0.10636E-02    0.19250E-03   -0.21514E-03    0.76593E-04    0.36404E-04   -0.32214E-03    0.13270E-03   -0.35415E-03
    0.62228E-06   -0.51940E-04   -0.40346E-06    0.16347E-04    0.53565E-03    0.33649E-04   -0.11871E-03   -0.35331E+01    0.66090E-02    0.54009E+00   -0.13941E-01   -0.34023E+00   -0.57474E-02   -0.10778E-02   -0.41850E-04   -0.78207E-02    0.15966E-05    0.17002E-04   -0.32449E-03    0.24301E-01   -0.11901E+00    0.17522E+00    0.98890E-01   -0.67348E-01    0.56968E-01   -0.58090E-01    0.17253E+00   -0.14260E+00   -0.73743E-01    0.92170E-02   -0.82862E-02    0.96956E-02   -0.10391E-02    0.15158E-01    0.10168E+01   -0.44244E-01   -0.34603E-01    0.46870E-01    0.20441E+00   -0.81462E-01    0.13213E-01    0.17324E+00   -0.28219E-02    0.20098E-02    0.15373E+00   -0.74824E-03   -0.99391E-03   -0.15619E-03    0.27411E-02   -0.88619E-03   -0.34445E-04   -0.78642E-04    0.31412E-04   -0.38807E-03    0.14495E-03   -0.64751E-04   -0.70425E-03
    0.30825E-05   -0.46092E-05    0.94664E-05   -0.47164E-04   -0.83209E-03    0.13571E-03    0.16845E-03   -0.43791E+00    0.91290E-01   -0.33801E-01   -0.31130E-02   -0.77679E-01   -0.12767E-01    0.51931E-03    0.39433E-03   -0.36262E-02    0.67045E-05    0.48606E-04    0.31986E-02    0.26816E-01    0.16390E+00   -0.19907E+00   -0.39917E-01    0.61081E-01    0.10626E+00    0.61638E+00   -0.83422E-01   -0.21636E+00   -0.78059E-01    0.10089E+00    0.60214E+00    0.87077E-01   -0.12616E+00   -0.20530E-01   -0.44244E-01    0.95123E+00   -0.33977E-01   -0.41513E-02    0.18746E-01   -0.34137E-01    0.19448E-01    0.14089E+00   -0.38368E-01    0.17812E-01    0.17200E+00    0.26179E-02    0.18058E-02   -0.32627E-03   -0.21428E-02   -0.52983E-03    0.10914E-03    0.55153E-03    0.30514E-03    0.25036E-03    0.16739E-04    0.29634E-03    0.37849E-03
   -0.75527E-05    0.49198E-04    0.37258E-05   -0.37171E-04   -0.10183E-02   -0.42815E-04    0.13938E-03   -0.15335E+01   -0.51833E-02    0.10158E+00   -0.86229E-02   -0.35686E-01    0.12347E-02    0.53235E-03   -0.11027E-02   -0.67031E-03    0.23906E-05    0.68484E-04   -0.47577E-02   -0.20270E-01    0.49044E-01    0.58480E-01    0.36956E-01    0.48317E-01   -0.86267E-01    0.22829E+00    0.25446E+00    0.64126E+00    0.80514E-01   -0.55549E+00    0.16238E+00    0.16192E+00    0.33714E-01    0.17796E-01   -0.34603E-01   -0.33977E-01    0.98713E+00    0.66727E-02   -0.38012E-02   -0.38463E-03   -0.62109E-02    0.51282E-01    0.23854E-01   -0.18758E-02   -0.31079E-01   -0.22011E-02   -0.32829E-02    0.29320E-03    0.30610E-02   -0.24576E-02    0.20228E-03    0.46777E-04    0.58049E-04   -0.12207E-03    0.74741E-04    0.21848E-04   -0.30939E-03
    0.36730E-06    0.13683E-03   -0.23163E-04    0.21180E-03    0.60239E-02    0.21855E-03    0.75422E-03   -0.24924E+01   -0.25085E+00    0.14379E+00   -0.79679E-03   -0.10261E-01   -0.33198E-02   -0.25288E-02   -0.31233E-03    0.33312E-02   -0.13761E-05   -0.35980E-04   -0.18461E-02    0.81982E-02   -0.11411E-01    0.10726E+00    0.12052E-01   -0.31685E-01    0.10147E+00   -0.44975E-01    0.73912E+00    0.11897E+00   -0.41617E-01    0.35833E+00    0.96130E-01   -0.11196E-01    0.15855E+00    0.13178E+00    0.46870E-01   -0.41513E-02    0.66727E-02    0.94085E+00    0.30609E-02   -0.34313E-02   -0.10310E-01   -0.81818E-01   -0.18040E-01    0.68145E-03   -0.85191E-01   -0.42912E-03   -0.14314E-03   -0.23767E-04    0.71236E-03    0.88449E-03    0.18094E-03   -0.22226E-03   -0.14583E-05   -0.24028E-03    0.16327E-03    0.72134E-04   -0.70315E-03
    0.23441E-05    0.11025E-04    0.14772E-05   -0.15491E-03    0.17033E-02    0.79138E-04   -0.25253E-03   -0.99683E+00   -0.17323E+00    0.83607E-01    0.12117E-01    0.31495E-01   -0.32210E-02   -0.43573E-02    0.12759E-02    0.50829E-02   -0.76957E-05   -0.92868E-04    0.51651E-02    0.37165E-01    0.10666E-01    0.10229E-01   -0.18036E+00   -0.10542E+00   -0.41709E-01   -0.37401E-01    0.31417E+00   -0.62466E+00    0.31508E+00   -0.31516E+00    0.51387E-01    0.15050E+00    0.26165E-01   -0.25620E+00    0.20441E+00    0.18746E-01   -0.38012E-02    0.30609E-02    0.98834E+00    0.88505E-02    0.65121E-02   -0.12385E+00   -0.16979E-01    0.11420E-02   -0.13859E+00    0.18022E-02    0.22086E-02   -0.17601E-03   -0.16943E-02   -0.92791E-03   -0.20247E-03   -0.11511E-03   -0.13804E-04   -0.15483E-03   -0.45970E-04    0.15137E-03   -0.75292E-03
    0.17693E-05    0.16389E-04   -0.38851E-05   -0.87718E-04    0.76323E-03    0.12075E-03   -0.12095E-03    0.16515E+01   -0.39089E-01   -0.15463E+00    0.16396E-01    0.29181E+00    0.34368E-01   -0.10308E-02    0.33207E-03    0.98588E-02   -0.49919E-05    0.20709E-05   -0.22238E-02   -0.65920E-01    0.78464E-01   -0.21000E+00    0.75397E-01    0.52185E-01   -0.13342E-01    0.69074E-01   -0.17396E+00    0.17777E+00    0.67172E+00    0.20156E+00   -0.92900E-01    0.14390E+00   -0.83456E-01    0.10569E+00   -0.81462E-01   -0.34137E-01   -0.38463E-03   -0.34313E-02    0.88505E-02    0.98229E+00    0.74234E-02   -0.28198E+00   -0.84739E-02   -0.24806E-02   -0.20833E+00    0.19745E-02    0.23317E-02   -0.13010E-03   -0.51432E-03    0.44884E-03    0.85487E-04   -0.94976E-04    0.36807E-04   -0.15613E-03   -0.16362E-03   -0.83345E-04    0.24664E-03
    0.78946E-05   -0.16939E-03    0.21704E-04    0.28347E-03   -0.86564E-02   -0.74479E-04    0.19655E-03   -0.11958E+00    0.79505E-01    0.15386E+00    0.77321E-01   -0.39956E+00   -0.41478E-01   -0.14988E-02    0.57499E-02   -0.10253E-01    0.18011E-05    0.45475E-04    0.64101E-01    0.50348E-01   -0.13814E-01   -0.10374E-01    0.94278E-02   -0.15187E-01    0.10437E-01   -0.37593E-02   -0.18494E-01   -0.56296E-02    0.56756E-02    0.50603E-02    0.28529E-01    0.14874E-01    0.91331E-03    0.51633E-02    0.13213E-01    0.19448E-01   -0.62109E-02   -0.10310E-01    0.65121E-02    0.74234E-02    0.35506E+00    0.24526E+00   -0.22066E-02    0.16224E+00    0.51374E+00    0.15078E-01    0.19278E-01   -0.47418E-02   -0.41125E-02   -0.97666E-03    0.68586E-03   -0.76409E-05    0.85717E-03    0.58678E-05   -0.25632E-03    0.24531E-03    0.12960E-02
    0.39944E-04   -0.16919E-02    0.14170E-03    0.13145E-03   -0.74701E-01   -0.67155E-03   -0.36439E-02   -0.84476E-01   -0.20835E+01    0.17121E+02   -0.11950E+00   -0.11592E+02   -0.73537E+00   -0.14378E+00    0.42926E-02   -0.19276E+00   -0.64296E-04    0.31332E-03    0.17011E+00    0.13139E+01   -0.12820E+00    0.12325E+00    0.42393E-01   -0.44220E-01    0.60238E-01    0.15993E-01   -0.62722E-01    0.76883E-01   -0.20904E+00    0.14413E+00    0.18554E+00    0.25778E+00   -0.74169E-01    0.15279E+00    0.17324E+00    0.14089E+00    0.51282E-01   -0.81818E-01   -0.12385E+00   -0.28198E+00    0.24526E+00    0.16078E+02    0.93996E-01    0.42458E+00    0.57617E+01   -0.66718E-03   -0.28683E-01   -0.11491E-01    0.20682E-01    0.14427E-01    0.27026E-02    0.22599E-01    0.32169E-02    0.14548E-01    0.77838E-03    0.30046E-02   -0.53395E-02
    0.13681E-04   -0.43457E-03    0.42999E-04    0.53708E-03   -0.20480E-01   -0.28444E-03    0.23736E-03    0.58662E+01    0.79169E+00   -0.11004E+01   -0.18228E+00    0.14356E+00   -0.69521E+00   -0.75034E-02   -0.12478E-01    0.50085E-02   -0.76290E-05    0.73824E-04   -0.73684E-02    0.16423E+00   -0.49031E-01    0.39698E-01    0.16052E-01    0.72871E-03   -0.34671E-01   -0.29315E-01   -0.98293E-02    0.26822E-01   -0.59404E-02   -0.18621E-01   -0.10247E-01    0.28362E-01   -0.66256E-02    0.81719E-02   -0.28219E-02   -0.38368E-01    0.23854E-01   -0.18040E-01   -0.16979E-01   -0.84739E-02   -0.22066E-02    0.93996E-01    0.21672E+01   -0.22983E-01    0.21988E+00   -0.92056E-01   -0.11003E+00   -0.50621E-02   -0.20627E-02    0.16683E-02   -0.25608E-03    0.15501E-02   -0.20775E-03    0.11545E-02    0.29261E-03   -0.12388E-03    0.16463E-02
    0.10753E-04   -0.36872E-03    0.36906E-04    0.36546E-03   -0.19528E-01   -0.27668E-03   -0.10629E-03   -0.10169E+01   -0.48693E+00    0.44871E+00    0.55492E-02   -0.74898E+00   -0.75187E-01   -0.41606E-02    0.29689E-02   -0.11987E-01    0.11408E-05    0.33472E-04    0.60530E-01    0.21513E+00   -0.17811E-01   -0.69676E-02   -0.45777E-04   -0.49950E-02    0.13935E-01    0.39747E-02   -0.69721E-02    0.11152E-02   -0.60631E-02    0.14988E-01    0.19486E-01    0.19719E-01   -0.22163E-02    0.45353E-02    0.20098E-02    0.17812E-01   -0.18758E-02    0.68145E-03    0.11420E-02   -0.24806E-02    0.16224E+00    0.42458E+00   -0.22983E-01    0.25154E+00    0.38850E+00    0.97357E-02    0.18011E-01   -0.17640E-04    0.74537E-03    0.30834E-02    0.28160E-03   -0.11292E-03    0.30044E-03   -0.36562E-04    0.67442E-03    0.54058E-03    0.63595E-04
    0.63724E-04   -0.22537E-02    0.22237E-03    0.98613E-03   -0.98832E-01   -0.12768E-02   -0.31536E-02    0.18946E+01   -0.21508E+01    0.68144E+01    0.61215E-01   -0.70344E+01   -0.91384E+00   -0.94931E-01    0.10057E-01   -0.13322E+00   -0.29337E-04    0.41441E-03    0.19072E+00    0.14402E+01   -0.16126E+00    0.73171E-02    0.37894E-01    0.58852E-01   -0.24592E-01   -0.77321E-02   -0.13126E+00    0.13306E-01   -0.17135E+00    0.11658E+00    0.21807E+00    0.20188E+00   -0.60348E-01    0.16900E+00    0.15373E+00    0.17200E+00   -0.31079E-01   -0.85191E-01   -0.13859E+00   -0.20833E+00    0.51374E+00    0.57617E+01    0.21988E+00    0.38850E+00    0.16161E+02    0.64426E-02   -0.48363E-01   -0.24307E-01   -0.12602E-01   -0.19557E-01    0.23702E-02    0.47936E-02    0.36160E-02    0.25008E-02    0.29447E-02    0.65306E-02    0.31457E-01
   -0.22273E-06    0.56139E-05   -0.90900E-06   -0.25629E-04    0.31993E-03   -0.89065E-06   -0.47904E-04   -0.16212E+00   -0.69592E-02   -0.40183E-01    0.47033E-01    0.38585E-01    0.40323E-01    0.44511E-03    0.15978E-03   -0.80785E-03    0.59780E-06    0.45388E-05    0.58542E-02   -0.35211E-01    0.80173E-03   -0.44770E-02    0.15130E-02   -0.74436E-03    0.16241E-02   -0.60123E-03   -0.19443E-02   -0.15239E-02    0.10363E-02   -0.65260E-04    0.35173E-02   -0.19303E-02    0.75488E-03   -0.25106E-02   -0.74824E-03    0.26179E-02   -0.22011E-02   -0.42912E-03    0.18022E-02    0.19745E-02    0.15078E-01   -0.66718E-03   -0.92056E-01    0.97357E-02    0.64426E-02    0.86494E-02    0.83346E-02   -0.14219E-03   -0.77460E-04   -0.31373E-04    0.12612E-04   -0.26526E-04    0.19945E-04   -0.22672E-05   -0.44843E-04    0.55866E-04    0.70980E-04
