# omegabh2 omegach2 theta tau ns logA r asz
    0.29145E-06   -0.58372E-06    0.63922E-06    0.16951E-05    0.71516E-05    0.46042E-05    0.23728E-04    0.21862E-05
   -0.58372E-06    0.15004E-04    0.53989E-06   -0.80616E-05   -0.29286E-04    0.30872E-04   -0.15710E-03   -0.11168E-03
    0.63922E-06    0.53989E-06    0.46919E-05    0.31152E-05    0.14623E-04    0.17548E-04    0.27634E-04   -0.21307E-04
    0.16951E-05   -0.80616E-05    0.31152E-05    0.19778E-03    0.57704E-04    0.39054E-03   -0.94696E-05    0.94513E-05
    0.71516E-05   -0.29286E-04    0.14623E-04    0.57704E-04    0.24163E-03    0.11743E-03    0.93318E-03   -0.56336E-03
    0.46042E-05    0.30872E-04    0.17548E-04    0.39054E-03    0.11743E-03    0.98483E-03   -0.24490E-03   -0.12550E-02
    0.23728E-04   -0.15710E-03    0.27634E-04   -0.94696E-05    0.93318E-03   -0.24490E-03    0.85490E-02   -0.46769E-03
    0.21862E-05   -0.11168E-03   -0.21307E-04    0.94513E-05   -0.56336E-03   -0.12550E-02   -0.46769E-03    0.32336E+00
