# omegabh2 omegach2 theta tau logA ns aps100 aps143 aps217 acib143 acib217 asz143 psr cibr ncib xi aksz cal0 cal2 bm_1_1
    0.4295744E-07   -0.8113164E-07    0.2974227E-07    0.6790826E-06    0.1289606E-05    0.3351018E-06   -0.2377869E-03   -0.3378124E-03    0.1645056E-03   -0.7599877E-04   -0.2529182E-03   -0.4682490E-05    0.6121284E-06   -0.3042521E-05   -0.3695400E-05    0.1313945E-05   -0.5206198E-04    0.8602097E-08    0.2438059E-07   -0.2912547E-05
   -0.8113164E-07    0.1829930E-05   -0.7705905E-07   -0.4052182E-05   -0.3497167E-05   -0.3949922E-05    0.2752554E-02    0.8571798E-03   -0.6516104E-03    0.9583042E-04    0.6520094E-03   -0.5691883E-04   -0.4846178E-05    0.1000502E-04    0.1020739E-04    0.2548197E-05   -0.1352091E-04    0.4786148E-08    0.6638820E-07    0.4401124E-04
    0.2974227E-07   -0.7705905E-07    0.2072452E-06    0.7320875E-06    0.1478240E-05    0.5418213E-06    0.3419833E-03   -0.1759739E-03   -0.1132422E-03   -0.4797871E-05   -0.5274657E-04    0.1042672E-04   -0.1083118E-05   -0.7886377E-06   -0.3311238E-05   -0.1199183E-05   -0.7670455E-05    0.1452356E-07    0.4839179E-07   -0.4648819E-06
    0.6790826E-06   -0.4052182E-05    0.7320875E-06    0.1676074E-03    0.3231383E-03    0.2094328E-04   -0.2632431E-01   -0.9534734E-02    0.1085453E-01   -0.1145702E-02   -0.8997015E-02    0.8733152E-04    0.6261821E-04   -0.1962707E-03   -0.1316211E-03    0.1618488E-03   -0.2791454E-02   -0.9024208E-07    0.1015118E-05   -0.1790683E-03
    0.1289606E-05   -0.3497167E-05    0.1478240E-05    0.3231383E-03    0.6408500E-03    0.3141136E-04   -0.5144816E-01   -0.1197688E-01    0.2698858E-01   -0.5282495E-02   -0.1913939E-01   -0.7435761E-03    0.1339186E-03   -0.4528124E-03   -0.2209917E-03    0.3529942E-03   -0.6824110E-02    0.1724866E-06    0.3689483E-05    0.2489870E-03
    0.3351018E-06   -0.3949922E-05    0.5418213E-06    0.2094328E-04    0.3141136E-04    0.2394645E-04   -0.2237079E-01   -0.4342291E-03    0.1887570E-01   -0.5166156E-02   -0.1055980E-01   -0.5420483E-03    0.5957305E-04   -0.1687613E-03   -0.1038830E-03    0.5900614E-04   -0.3377774E-02   -0.2037495E-06    0.9601299E-06    0.1425304E-03
   -0.2377869E-03    0.2752554E-02    0.3419833E-03   -0.2632431E-01   -0.5144816E-01   -0.2237079E-01    0.2321035E+04    0.6297473E+02   -0.1216697E+03    0.5791944E+02    0.7903507E+02   -0.5276683E+02   -0.7805932E+00   -0.8855630E+00    0.8049125E+00   -0.2060122E+00   -0.9336070E+01    0.2628311E-02    0.6342749E-03    0.1061348E+02
   -0.3378124E-03    0.8571798E-03   -0.1759739E-03   -0.9534734E-02   -0.1197688E-01   -0.4342291E-03    0.6297473E+02    0.1207593E+03    0.3487264E+02   -0.2038763E+02   -0.2419882E+01   -0.7211629E+01   -0.1528765E+00    0.8917155E-01    0.7033260E-01    0.1037678E+01   -0.1284310E+02   -0.7726807E-05   -0.1611624E-04    0.1137760E+00
    0.1645056E-03   -0.6516104E-03   -0.1132422E-03    0.1085453E-01    0.2698858E-01    0.1887570E-01   -0.1216697E+03    0.3487264E+02    0.3042190E+03   -0.3299367E+02   -0.1418165E+03    0.1264434E+01    0.1546821E+00   -0.1408878E+01   -0.1770932E+01    0.5029155E+00   -0.9577310E+01    0.4508006E-03   -0.3219781E-02    0.7834204E-01
   -0.7599877E-04    0.9583042E-04   -0.4797871E-05   -0.1145702E-02   -0.5282495E-02   -0.5166156E-02    0.5791944E+02   -0.2038763E+02   -0.3299367E+02    0.2212543E+02    0.1907147E+02   -0.1223448E+01    0.9845054E-03    0.5248997E-01    0.2083043E+00    0.1432033E+00   -0.7533746E+00   -0.2994886E-03   -0.1158833E-02   -0.2932402E+00
   -0.2529182E-03    0.6520094E-03   -0.5274657E-04   -0.8997015E-02   -0.1913939E-01   -0.1055980E-01    0.7903507E+02   -0.2419882E+01   -0.1418165E+03    0.1907147E+02    0.7785014E+02   -0.1747959E+00   -0.2700301E-01    0.6700082E+00    0.1068562E+01   -0.2678162E+00   -0.1815689E+01   -0.2554255E-03    0.7973929E-03    0.5780752E-01
   -0.4682490E-05   -0.5691883E-04    0.1042672E-04    0.8733152E-04   -0.7435761E-03   -0.5420483E-03   -0.5276683E+02   -0.7211629E+01    0.1264434E+01   -0.1223448E+01   -0.1747959E+00    0.6589607E+01    0.7280233E-01    0.2101949E+00   -0.1254244E-01   -0.5663510E-01   -0.3517569E+00    0.1025072E-03   -0.5410893E-03    0.1442958E+00
    0.6121284E-06   -0.4846178E-05   -0.1083118E-05    0.6261821E-04    0.1339186E-03    0.5957305E-04   -0.7805932E+00   -0.1528765E+00    0.1546821E+00    0.9845054E-03   -0.2700301E-01    0.7280233E-01    0.1418238E-01   -0.8249195E-02    0.3736558E-02    0.8117588E-02   -0.1521436E-01    0.1519231E-05   -0.1308165E-04    0.4628138E-02
   -0.3042521E-05    0.1000502E-04   -0.7886377E-06   -0.1962707E-03   -0.4528124E-03   -0.1687613E-03   -0.8855630E+00    0.8917155E-01   -0.1408878E+01    0.5248997E-01    0.6700082E+00    0.2101949E+00   -0.8249195E-02    0.4821894E-01   -0.1132564E-02    0.4266771E-02   -0.4319343E-01    0.2285478E-05    0.8013852E-04   -0.2176343E-02
   -0.3695400E-05    0.1020739E-04   -0.3311238E-05   -0.1316211E-03   -0.2209917E-03   -0.1038830E-03    0.8049125E+00    0.7033260E-01   -0.1770932E+01    0.2083043E+00    0.1068562E+01   -0.1254244E-01    0.3736558E-02   -0.1132564E-02    0.2505074E-01   -0.1197128E-02   -0.8114957E-02   -0.8676432E-06   -0.6788916E-04    0.1030037E-01
    0.1313945E-05    0.2548197E-05   -0.1199183E-05    0.1618488E-03    0.3529942E-03    0.5900614E-04   -0.2060122E+00    0.1037678E+01    0.5029155E+00    0.1432033E+00   -0.2678162E+00   -0.5663510E-01    0.8117588E-02    0.4266771E-02   -0.1197128E-02    0.7958522E-01    0.9294985E-02   -0.7430138E-05   -0.1812614E-04   -0.2513365E-02
   -0.5206198E-04   -0.1352091E-04   -0.7670455E-05   -0.2791454E-02   -0.6824110E-02   -0.3377774E-02   -0.9336070E+01   -0.1284310E+02   -0.9577310E+01   -0.7533746E+00   -0.1815689E+01   -0.3517569E+00   -0.1521436E-01   -0.4319343E-01   -0.8114957E-02    0.9294985E-02    0.8105791E+01    0.8089880E-04    0.2137822E-04    0.2560533E-01
    0.8602097E-08    0.4786148E-08    0.1452356E-07   -0.9024208E-07    0.1724866E-06   -0.2037495E-06    0.2628311E-02   -0.7726807E-05    0.4508006E-03   -0.2994886E-03   -0.2554255E-03    0.1025072E-03    0.1519231E-05    0.2285478E-05   -0.8676432E-06   -0.7430138E-05    0.8089880E-04    0.8609717E-06    0.3054851E-07   -0.9029771E-04
    0.2438059E-07    0.6638820E-07    0.4839179E-07    0.1015118E-05    0.3689483E-05    0.9601299E-06    0.6342749E-03   -0.1611624E-04   -0.3219781E-02   -0.1158833E-02    0.7973929E-03   -0.5410893E-03   -0.1308165E-04    0.8013852E-04   -0.6788916E-04   -0.1812614E-04    0.2137822E-04    0.3054851E-07    0.5463522E-05    0.2555747E-03
   -0.2912547E-05    0.4401124E-04   -0.4648819E-06   -0.1790683E-03    0.2489870E-03    0.1425304E-03    0.1061348E+02    0.1137760E+00    0.7834204E-01   -0.2932402E+00    0.5780752E-01    0.1442958E+00    0.4628138E-02   -0.2176343E-02    0.1030037E-01   -0.2513365E-02    0.2560533E-01   -0.9029771E-04    0.2555747E-03    0.2515117E+00
