# omegabh2 omegach2 theta tau yhe ns logA aps100 aps143 aps217 acib143 acib217 asz143 psr cibr ncib cal0 cal2 xi aksz bm_1_1 bm_1_2 bm_1_3 bm_1_4 bm_1_5 bm_2_1 bm_2_2 bm_2_3 bm_2_4 bm_2_5 bm_3_1 bm_3_2 bm_3_3 bm_3_4 bm_3_5 bm_4_1 bm_4_2 bm_4_3 bm_4_4 bm_4_5
    0.12319E-06   -0.26980E-06    0.24506E-06    0.67786E-05    0.55455E-05    0.35156E-05    0.14443E-04    0.29958E-03    0.13146E-03    0.10515E-03    0.48552E-04    0.27289E-04    0.73860E-05   -0.82513E-06    0.15459E-05   -0.14272E-05   -0.66974E-08    0.70304E-08   -0.17474E-05    0.10201E-05   -0.47058E-05   -0.14147E-04    0.77095E-06    0.53747E-05   -0.88974E-05    0.12559E-05    0.11737E-05    0.94982E-05   -0.64815E-05   -0.54219E-05    0.41929E-05   -0.39216E-05   -0.13724E-05    0.29295E-07   -0.29976E-05    0.22796E-05    0.46645E-05    0.41399E-05   -0.11695E-04    0.12584E-05
   -0.26980E-06    0.34914E-05   -0.44066E-06   -0.31406E-04   -0.59999E-05   -0.12218E-04   -0.55589E-04    0.52208E-02    0.89610E-03   -0.58595E-03    0.52854E-03    0.75177E-03   -0.31499E-04   -0.15344E-05    0.25423E-04    0.52806E-05    0.12404E-07    0.44094E-07    0.15535E-05    0.11912E-03    0.54382E-04    0.10617E-04   -0.28024E-04   -0.26426E-04    0.36239E-04    0.41761E-05    0.43424E-04   -0.23070E-04    0.47476E-05    0.16352E-04    0.28907E-04    0.53464E-04    0.82748E-05   -0.42344E-04    0.53293E-04    0.30264E-04   -0.13077E-04    0.37008E-04    0.20762E-04   -0.25676E-05
    0.24506E-06   -0.44066E-06    0.10584E-05    0.14891E-04    0.20561E-04    0.10530E-04    0.34245E-04    0.73100E-02    0.20951E-02   -0.12107E-03    0.97498E-03    0.12556E-02   -0.88642E-04   -0.36056E-05    0.19889E-04    0.46023E-05   -0.11042E-07    0.65576E-07   -0.74708E-05    0.31675E-03    0.12489E-05   -0.26390E-04   -0.83260E-05    0.28379E-04    0.57256E-06   -0.12794E-05    0.28211E-04    0.66823E-05   -0.18987E-04   -0.22118E-04    0.47977E-04   -0.10020E-04    0.15387E-04   -0.10102E-04   -0.68503E-05    0.29034E-04    0.93128E-05    0.35120E-04   -0.11311E-04   -0.35831E-05
    0.67786E-05   -0.31406E-04    0.14891E-04    0.13860E-02    0.30975E-03    0.30474E-03    0.27733E-02   -0.24525E+00    0.33896E-02    0.54029E-01   -0.26572E-01   -0.30338E-01   -0.37079E-02    0.26020E-03   -0.11992E-02    0.17808E-03   -0.12595E-06   -0.21528E-05    0.34067E-03   -0.74021E-02    0.26434E-03   -0.14211E-03    0.97662E-03   -0.43328E-03   -0.91999E-05    0.13964E-03    0.19508E-02    0.99244E-03   -0.38942E-03   -0.79788E-03   -0.34584E-03   -0.98882E-03    0.10064E-02    0.74665E-03    0.69864E-03   -0.54498E-03    0.11075E-02    0.15733E-02   -0.34418E-03   -0.10612E-03
    0.55455E-05   -0.59999E-05    0.20561E-04    0.30975E-03    0.56202E-03    0.25573E-03    0.74811E-03    0.21344E+00    0.64027E-01   -0.53316E-02    0.29191E-01    0.38431E-01   -0.20356E-02   -0.42077E-04    0.45920E-03    0.23602E-03   -0.19104E-06    0.18219E-05   -0.11538E-03    0.97226E-02    0.30694E-03   -0.49046E-03   -0.88248E-04    0.95876E-03   -0.46911E-04    0.39743E-03    0.58159E-03    0.20859E-03   -0.11979E-03   -0.76376E-03    0.79789E-03    0.15635E-03    0.19528E-03   -0.21643E-03   -0.27480E-03    0.71839E-03    0.50386E-03    0.62460E-03   -0.12082E-03    0.30903E-03
    0.35156E-05   -0.12218E-04    0.10530E-04    0.30474E-03    0.25573E-03    0.16945E-03    0.64472E-03    0.15064E-02    0.26826E-01    0.14823E-01    0.47034E-03    0.37012E-02   -0.19784E-02    0.63152E-04   -0.22863E-03    0.13302E-03   -0.18770E-06    0.38436E-06    0.11233E-03    0.58525E-03    0.38504E-03   -0.39014E-03    0.77610E-05    0.44936E-03   -0.72192E-04    0.41935E-03    0.38943E-03    0.12810E-03   -0.21372E-03   -0.35017E-03    0.70534E-04   -0.21441E-03    0.18123E-04    0.95893E-04   -0.21871E-03    0.28686E-03    0.30403E-03    0.34044E-03   -0.18661E-03    0.12000E-03
    0.14443E-04   -0.55589E-04    0.34245E-04    0.27733E-02    0.74811E-03    0.64472E-03    0.56086E-02   -0.44778E+00    0.35001E-01    0.11659E+00   -0.50512E-01   -0.53341E-01   -0.90471E-02    0.54138E-03   -0.23286E-02    0.46578E-03   -0.13000E-06   -0.35475E-05    0.66181E-03   -0.13626E-01    0.15824E-02   -0.21664E-03    0.17550E-02   -0.82204E-03    0.19885E-03    0.56488E-03    0.41772E-02    0.18985E-02   -0.82977E-03   -0.18249E-02   -0.27039E-03   -0.18735E-02    0.21239E-02    0.12385E-02    0.13382E-02   -0.58465E-03    0.22989E-02    0.34799E-02   -0.63345E-03   -0.20339E-03
    0.29958E-03    0.52208E-02    0.73100E-02   -0.24525E+00    0.21344E+00    0.15064E-02   -0.44778E+00    0.27162E+04    0.76308E+02   -0.15592E+03    0.13132E+03    0.12328E+03   -0.68311E+02   -0.11429E+01    0.92051E+00    0.87804E+00    0.61184E-03    0.17639E-02   -0.73553E+00   -0.14612E+02    0.83678E+01   -0.94164E+01   -0.96561E+00    0.84086E+00    0.20757E+00   -0.16324E+01   -0.45858E+01   -0.11943E+01    0.11890E+01   -0.23912E+01    0.22074E+01    0.23840E+01   -0.69413E+00    0.40772E-01   -0.29392E+01    0.64264E+00   -0.66157E+00   -0.30699E+01    0.10167E+01    0.33899E+01
    0.13146E-03    0.89610E-03    0.20951E-02    0.33896E-02    0.64027E-01    0.26826E-01    0.35001E-01    0.76308E+02    0.20636E+03    0.61257E+02   -0.35157E+02   -0.90565E+01   -0.96043E+01   -0.21271E+00    0.49269E-01   -0.13034E+00    0.33132E-03    0.32805E-02    0.11601E+01   -0.10918E+02    0.16272E+01    0.28844E+00   -0.43225E+00   -0.22815E+00    0.13780E+00   -0.21998E+01   -0.84347E+00   -0.30046E+00   -0.42335E+00   -0.57900E+00    0.19956E+01   -0.24981E+00    0.49193E+00   -0.17193E+00   -0.94088E-01   -0.21584E+00   -0.61187E+00   -0.27536E+00    0.39871E+00   -0.35685E+00
    0.10515E-03   -0.58595E-03   -0.12107E-03    0.54029E-01   -0.53316E-02    0.14823E-01    0.11659E+00   -0.15592E+03    0.61257E+02    0.21175E+03   -0.38015E+02   -0.76608E+02    0.35486E+01   -0.46916E-01   -0.82320E+00   -0.97236E+00    0.15433E-03   -0.48126E-02    0.25345E+00   -0.93711E+01    0.19431E+01    0.11466E+01   -0.44101E+00   -0.67445E+00    0.41039E+00    0.72424E+00    0.42875E+00   -0.41722E+00    0.14400E+00    0.38198E+00   -0.81507E+00    0.11369E+00   -0.34943E+00    0.44988E+00    0.35437E+00    0.62408E-01   -0.76970E-01    0.45549E+00    0.34028E+00   -0.55520E+00
    0.48552E-04    0.52854E-03    0.97498E-03   -0.26572E-01    0.29191E-01    0.47034E-03   -0.50512E-01    0.13132E+03   -0.35157E+02   -0.38015E+02    0.30782E+02    0.22052E+02   -0.17800E+01    0.13945E-02    0.18907E+00    0.19252E+00   -0.20354E-03   -0.70381E-03    0.96353E-01   -0.32330E+00   -0.13297E+01   -0.43201E+00    0.12509E+00    0.35464E+00   -0.22158E+00    0.83665E+00    0.27996E+00    0.15832E+00    0.32055E+00   -0.34010E-01   -0.60925E+00    0.17471E+00   -0.23270E+00    0.11094E+00    0.25808E-01    0.13244E+00    0.40742E+00   -0.52327E-01   -0.99570E-01    0.43756E+00
    0.27289E-04    0.75177E-03    0.12556E-02   -0.30338E-01    0.38431E-01    0.37012E-02   -0.53341E-01    0.12328E+03   -0.90565E+01   -0.76608E+02    0.22052E+02    0.39572E+02   -0.19682E+01    0.70555E-01    0.38676E+00    0.51881E+00   -0.90726E-04    0.20091E-02   -0.15448E+00   -0.90075E+00   -0.69161E+00   -0.47118E+00    0.10548E+00    0.43712E+00   -0.13030E+00   -0.29430E+00   -0.21114E+00    0.57322E-01    0.82477E-01   -0.25257E+00    0.38406E+00   -0.11552E+00    0.22258E+00   -0.32286E+00   -0.86932E-01    0.28389E-01   -0.19116E-01   -0.23615E+00   -0.27486E-01    0.36367E+00
    0.73860E-05   -0.31499E-04   -0.88642E-04   -0.37079E-02   -0.20356E-02   -0.19784E-02   -0.90471E-02   -0.68311E+02   -0.96043E+01    0.35486E+01   -0.17800E+01   -0.19682E+01    0.79089E+01    0.42392E-01    0.26307E+00   -0.13045E+00   -0.32213E-04   -0.10537E-03   -0.47947E-01   -0.18592E+00    0.24486E+00    0.59895E-01    0.10638E+00   -0.22289E-01   -0.14440E-01    0.28285E-01   -0.13298E-01    0.22563E-01   -0.52157E-01    0.10514E+00   -0.80994E-01    0.70969E-01    0.33106E-01   -0.61500E-01   -0.90011E-01   -0.87275E-02   -0.68505E-01    0.57038E-01   -0.82414E-01    0.40394E-01
   -0.82513E-06   -0.15344E-05   -0.36056E-05    0.26020E-03   -0.42077E-04    0.63152E-04    0.54138E-03   -0.11429E+01   -0.21271E+00   -0.46916E-01    0.13945E-02    0.70555E-01    0.42392E-01    0.72373E-02   -0.69924E-02    0.76862E-02    0.39032E-06   -0.25421E-04    0.39237E-02   -0.20941E-01    0.12443E-01    0.42533E-02    0.48667E-02    0.25491E-02    0.10253E-02    0.76607E-02   -0.23514E-02   -0.33489E-03   -0.55876E-02    0.18360E-02   -0.11949E-01   -0.45679E-03   -0.11511E-02    0.10926E-02    0.45962E-04   -0.99247E-03   -0.23512E-02   -0.44647E-02   -0.81339E-02   -0.23393E-02
    0.15459E-05    0.25423E-04    0.19889E-04   -0.11992E-02    0.45920E-03   -0.22863E-03   -0.23286E-02    0.92051E+00    0.49269E-01   -0.82320E+00    0.18907E+00    0.38676E+00    0.26307E+00   -0.69924E-02    0.45489E-01   -0.12698E-01    0.10975E-07    0.88869E-04   -0.39417E-02   -0.29557E-01   -0.10687E-01   -0.14480E-01   -0.61289E-02   -0.80840E-02    0.49994E-02   -0.23724E-01   -0.13171E-01   -0.58698E-03    0.20545E-02    0.78092E-02    0.38889E-01    0.91685E-02    0.16351E-01   -0.81611E-02   -0.79104E-02    0.11248E-01   -0.11149E-01    0.38317E-02    0.61142E-02    0.64068E-02
   -0.14272E-05    0.52806E-05    0.46023E-05    0.17808E-03    0.23602E-03    0.13302E-03    0.46578E-03    0.87804E+00   -0.13034E+00   -0.97236E+00    0.19252E+00    0.51881E+00   -0.13045E+00    0.76862E-02   -0.12698E-01    0.20702E-01    0.73196E-06   -0.20193E-04   -0.72545E-03   -0.53974E-02    0.11789E-01   -0.56817E-02    0.56348E-02    0.44876E-02    0.33685E-03    0.59749E-02    0.13461E-02   -0.42753E-02    0.37490E-02   -0.97802E-02   -0.13622E-01   -0.14226E-01   -0.18720E-02   -0.97897E-02   -0.57695E-02   -0.42467E-02   -0.23432E-02   -0.41657E-02   -0.58154E-03    0.11031E-01
   -0.66974E-08    0.12404E-07   -0.11042E-07   -0.12595E-06   -0.19104E-06   -0.18770E-06   -0.13000E-06    0.61184E-03    0.33132E-03    0.15433E-03   -0.20354E-03   -0.90726E-04   -0.32213E-04    0.39032E-06    0.10975E-07    0.73196E-06    0.16161E-06    0.10188E-07   -0.15985E-05    0.36804E-04   -0.12221E-04   -0.11702E-04    0.10663E-05   -0.78968E-05    0.11678E-04    0.61366E-05   -0.90582E-05    0.16064E-05    0.14632E-04    0.50038E-05    0.17727E-04   -0.91513E-05    0.88490E-05    0.69452E-05   -0.44835E-05    0.18344E-04   -0.52877E-05   -0.20947E-06   -0.52252E-05    0.64271E-05
    0.70304E-08    0.44094E-07    0.65576E-07   -0.21528E-05    0.18219E-05    0.38436E-06   -0.35475E-05    0.17639E-02    0.32805E-02   -0.48126E-02   -0.70381E-03    0.20091E-02   -0.10537E-03   -0.25421E-04    0.88869E-04   -0.20193E-04    0.10188E-07    0.15852E-05   -0.12412E-04    0.21992E-04    0.65453E-04    0.32668E-04   -0.72804E-04   -0.22927E-04   -0.92446E-05    0.20238E-03   -0.26371E-04    0.20509E-04    0.99207E-05    0.13673E-04   -0.15621E-03   -0.16750E-04    0.11636E-05   -0.45551E-04    0.14293E-04    0.43667E-04    0.38085E-04   -0.41356E-04   -0.42776E-04    0.65014E-05
   -0.17474E-05    0.15535E-05   -0.74708E-05    0.34067E-03   -0.11538E-03    0.11233E-03    0.66181E-03   -0.73553E+00    0.11601E+01    0.25345E+00    0.96353E-01   -0.15448E+00   -0.47947E-01    0.39237E-02   -0.39417E-02   -0.72545E-03   -0.15985E-05   -0.12412E-04    0.81368E-01   -0.16546E-01   -0.83437E-02   -0.93502E-02    0.63607E-02    0.65628E-02   -0.66465E-02    0.77825E-02    0.36224E-02    0.48383E-02   -0.32691E-02   -0.27189E-03   -0.12386E-01    0.28355E-02   -0.20465E-02    0.94593E-02   -0.51607E-02   -0.34063E-02    0.47887E-02   -0.16990E-02   -0.12423E-01    0.21316E-02
    0.10201E-05    0.11912E-03    0.31675E-03   -0.74021E-02    0.97226E-02    0.58525E-03   -0.13626E-01   -0.14612E+02   -0.10918E+02   -0.93711E+01   -0.32330E+00   -0.90075E+00   -0.18592E+00   -0.20941E-01   -0.29557E-01   -0.53974E-02    0.36804E-04    0.21992E-04   -0.16546E-01    0.84025E+01   -0.51886E-01    0.29335E-03    0.29576E-01   -0.57156E-01    0.79171E-02    0.12857E+00    0.12673E-01    0.34140E-01   -0.41706E-01   -0.13420E-01    0.26591E-01   -0.63431E-01   -0.67971E-01    0.15364E-01   -0.40306E-01    0.11147E+00    0.22995E-01    0.26175E-01   -0.71599E-01   -0.32167E-01
   -0.47058E-05    0.54382E-04    0.12489E-05    0.26434E-03    0.30694E-03    0.38504E-03    0.15824E-02    0.83678E+01    0.16272E+01    0.19431E+01   -0.13297E+01   -0.69161E+00    0.24486E+00    0.12443E-01   -0.10687E-01    0.11789E-01   -0.12221E-04    0.65453E-04   -0.83437E-02   -0.51886E-01    0.76020E+00   -0.11787E+00   -0.28816E-02   -0.11123E-01    0.27520E-01    0.16921E+00   -0.44623E-01   -0.55580E-01   -0.29373E-01   -0.75446E-01    0.43055E-01    0.44715E-01   -0.11157E-01   -0.67270E-01   -0.12584E+00    0.16733E+00    0.18062E-01    0.10324E-01    0.33150E-01    0.62849E-01
   -0.14147E-04    0.10617E-04   -0.26390E-04   -0.14211E-03   -0.49046E-03   -0.39014E-03   -0.21664E-03   -0.94164E+01    0.28844E+00    0.11466E+01   -0.43201E+00   -0.47118E+00    0.59895E-01    0.42533E-02   -0.14480E-01   -0.56817E-02   -0.11702E-04    0.32668E-04   -0.93502E-02    0.29335E-03   -0.11787E+00    0.94091E+00   -0.65488E-02    0.47790E-02   -0.21969E-01   -0.14679E+00    0.19957E+00    0.91089E-01   -0.26751E-01    0.69809E-01   -0.13102E+00    0.12532E-01    0.49145E-01    0.11203E-01    0.15552E+00   -0.23255E+00    0.46401E-01    0.12511E+00   -0.11299E-01   -0.22065E+00
    0.77095E-06   -0.28024E-04   -0.83260E-05    0.97662E-03   -0.88248E-04    0.77610E-05    0.17550E-02   -0.96561E+00   -0.43225E+00   -0.44101E+00    0.12509E+00    0.10548E+00    0.10638E+00    0.48667E-02   -0.61289E-02    0.56348E-02    0.10663E-05   -0.72804E-04    0.63607E-02    0.29576E-01   -0.28816E-02   -0.65488E-02    0.98036E+00    0.22492E-01    0.60537E-02   -0.56837E-01   -0.35747E-01    0.15421E+00   -0.24094E-01    0.83590E-01   -0.57792E-01    0.36348E-01   -0.12521E-01    0.30326E-02    0.79216E-01   -0.89587E-01    0.29889E-02    0.65549E-02   -0.19822E+00    0.10256E+00
    0.53747E-05   -0.26426E-04    0.28379E-04   -0.43328E-03    0.95876E-03    0.44936E-03   -0.82204E-03    0.84086E+00   -0.22815E+00   -0.67445E+00    0.35464E+00    0.43712E+00   -0.22289E-01    0.25491E-02   -0.80840E-02    0.44876E-02   -0.78968E-05   -0.22927E-04    0.65628E-02   -0.57156E-01   -0.11123E-01    0.47790E-02    0.22492E-01    0.10270E+01   -0.34304E-01    0.80445E-01   -0.10314E+00    0.69638E-01   -0.10199E+00    0.56223E-01    0.69905E-01    0.13716E+00    0.73767E-01    0.10419E+00   -0.80646E-01    0.10776E+00    0.41272E-01   -0.17082E-01   -0.10791E+00    0.62299E-01
   -0.88974E-05    0.36239E-04    0.57256E-06   -0.91999E-05   -0.46911E-04   -0.72192E-04    0.19885E-03    0.20757E+00    0.13780E+00    0.41039E+00   -0.22158E+00   -0.13030E+00   -0.14440E-01    0.10253E-02    0.49994E-02    0.33685E-03    0.11678E-04   -0.92446E-05   -0.66465E-02    0.79171E-02    0.27520E-01   -0.21969E-01    0.60537E-02   -0.34304E-01    0.10007E+01   -0.17821E-01    0.34724E-01   -0.62713E-01    0.40698E-01    0.80728E-01    0.10020E+00   -0.90610E-01   -0.36229E-01    0.49637E-01    0.56007E-01    0.81688E-01   -0.10127E+00    0.89880E-01    0.99673E-02   -0.14315E-01
    0.12559E-05    0.41761E-05   -0.12794E-05    0.13964E-03    0.39743E-03    0.41935E-03    0.56488E-03   -0.16324E+01   -0.21998E+01    0.72424E+00    0.83665E+00   -0.29430E+00    0.28285E-01    0.76607E-02   -0.23724E-01    0.59749E-02    0.61366E-05    0.20238E-03    0.77825E-02    0.12857E+00    0.16921E+00   -0.14679E+00   -0.56837E-01    0.80445E-01   -0.17821E-01    0.86322E+00    0.50597E-02    0.13864E-01    0.66296E-02   -0.24904E-01    0.30461E-01    0.15759E+00   -0.13364E+00    0.26223E-01   -0.46317E-01    0.64641E+00    0.28150E+00   -0.48775E-01   -0.38333E-01    0.10536E+00
    0.11737E-05    0.43424E-04    0.28211E-04    0.19508E-02    0.58159E-03    0.38943E-03    0.41772E-02   -0.45858E+01   -0.84347E+00    0.42875E+00    0.27996E+00   -0.21114E+00   -0.13298E-01   -0.23514E-02   -0.13171E-01    0.13461E-02   -0.90582E-05   -0.26371E-04    0.36224E-02    0.12673E-01   -0.44623E-01    0.19957E+00   -0.35747E-01   -0.10314E+00    0.34724E-01    0.50597E-02    0.99845E+00   -0.14843E-02    0.23229E-01   -0.46006E-02    0.16131E-01   -0.25008E-02   -0.53210E-01   -0.41534E-01    0.14493E+00   -0.87406E-01    0.25646E+00    0.77809E+00    0.30072E+00   -0.18595E+00
    0.94982E-05   -0.23070E-04    0.66823E-05    0.99244E-03    0.20859E-03    0.12810E-03    0.18985E-02   -0.11943E+01   -0.30046E+00   -0.41722E+00    0.15832E+00    0.57322E-01    0.22563E-01   -0.33489E-03   -0.58698E-03   -0.42753E-02    0.16064E-05    0.20509E-04    0.48383E-02    0.34140E-01   -0.55580E-01    0.91089E-01    0.15421E+00    0.69638E-01   -0.62713E-01    0.13864E-01   -0.14843E-02    0.91251E+00   -0.80788E-02    0.28349E-01    0.37242E-01   -0.23937E-01    0.11896E+00    0.11484E+00   -0.12196E+00   -0.18129E+00    0.56548E+00    0.11862E+00   -0.58814E+00    0.16292E+00
   -0.64815E-05    0.47476E-05   -0.18987E-04   -0.38942E-03   -0.11979E-03   -0.21372E-03   -0.82977E-03    0.11890E+01   -0.42335E+00    0.14400E+00    0.32055E+00    0.82477E-01   -0.52157E-01   -0.55876E-02    0.20545E-02    0.37490E-02    0.14632E-04    0.99207E-05   -0.32691E-02   -0.41706E-01   -0.29373E-01   -0.26751E-01   -0.24094E-01   -0.10199E+00    0.40698E-01    0.66296E-02    0.23229E-01   -0.80788E-02    0.97813E+00   -0.27189E-01   -0.25833E-01   -0.72013E-01   -0.13035E+00   -0.17039E-01   -0.60403E-01   -0.69736E-01    0.10408E+00   -0.38741E-01    0.31768E+00    0.64631E+00
   -0.54219E-05    0.16352E-04   -0.22118E-04   -0.79788E-03   -0.76376E-03   -0.35017E-03   -0.18249E-02   -0.23912E+01   -0.57900E+00    0.38198E+00   -0.34010E-01   -0.25257E+00    0.10514E+00    0.18360E-02    0.78092E-02   -0.97802E-02    0.50038E-05    0.13673E-04   -0.27189E-03   -0.13420E-01   -0.75446E-01    0.69809E-01    0.83590E-01    0.56223E-01    0.80728E-01   -0.24904E-01   -0.46006E-02    0.28349E-01   -0.27189E-01    0.98030E+00   -0.87633E-01    0.81538E-01    0.58140E-01    0.14005E+00    0.34055E-01    0.79210E-01   -0.54177E+00    0.37750E+00   -0.35604E+00    0.18646E+00
    0.41929E-05    0.28907E-04    0.47977E-04   -0.34584E-03    0.79789E-03    0.70534E-04   -0.27039E-03    0.22074E+01    0.19956E+01   -0.81507E+00   -0.60925E+00    0.38406E+00   -0.80994E-01   -0.11949E-01    0.38889E-01   -0.13622E-01    0.17727E-04   -0.15621E-03   -0.12386E-01    0.26591E-01    0.43055E-01   -0.13102E+00   -0.57792E-01    0.69905E-01    0.10020E+00    0.30461E-01    0.16131E-01    0.37242E-01   -0.25833E-01   -0.87633E-01    0.94309E+00    0.22266E-01    0.28482E-01   -0.90400E-02   -0.13448E-01    0.62818E+00    0.16162E+00    0.99879E-01    0.98982E-01   -0.86479E-01
   -0.39216E-05    0.53464E-04   -0.10020E-04   -0.98882E-03    0.15635E-03   -0.21441E-03   -0.18735E-02    0.23840E+01   -0.24981E+00    0.11369E+00    0.17471E+00   -0.11552E+00    0.70969E-01   -0.45679E-03    0.91685E-02   -0.14226E-01   -0.91513E-05   -0.16750E-04    0.28355E-02   -0.63431E-01    0.44715E-01    0.12532E-01    0.36348E-01    0.13716E+00   -0.90610E-01    0.15759E+00   -0.25008E-02   -0.23937E-01   -0.72013E-01    0.81538E-01    0.22266E-01    0.96454E+00   -0.86681E-02    0.21098E-01   -0.54697E-02    0.12701E+00    0.19310E+00    0.11837E-01    0.14409E+00    0.19480E+00
   -0.13724E-05    0.82748E-05    0.15387E-04    0.10064E-02    0.19528E-03    0.18123E-04    0.21239E-02   -0.69413E+00    0.49193E+00   -0.34943E+00   -0.23270E+00    0.22258E+00    0.33106E-01   -0.11511E-02    0.16351E-01   -0.18720E-02    0.88490E-05    0.11636E-05   -0.20465E-02   -0.67971E-01   -0.11157E-01    0.49145E-01   -0.12521E-01    0.73767E-01   -0.36229E-01   -0.13364E+00   -0.53210E-01    0.11896E+00   -0.13035E+00    0.58140E-01    0.28482E-01   -0.86681E-02    0.95390E+00   -0.95054E-02    0.60655E-02   -0.10700E+00    0.54299E-02    0.16744E+00    0.27740E-01   -0.59499E-01
    0.29295E-07   -0.42344E-04   -0.10102E-04    0.74665E-03   -0.21643E-03    0.95893E-04    0.12385E-02    0.40772E-01   -0.17193E+00    0.44988E+00    0.11094E+00   -0.32286E+00   -0.61500E-01    0.10926E-02   -0.81611E-02   -0.97897E-02    0.69452E-05   -0.45551E-04    0.94593E-02    0.15364E-01   -0.67270E-01    0.11203E-01    0.30326E-02    0.10419E+00    0.49637E-01    0.26223E-01   -0.41534E-01    0.11484E+00   -0.17039E-01    0.14005E+00   -0.90400E-02    0.21098E-01   -0.95054E-02    0.93991E+00    0.65554E-02    0.45745E-02    0.19119E-01    0.69612E-01   -0.22526E+00    0.12454E+00
   -0.29976E-05    0.53293E-04   -0.68503E-05    0.69864E-03   -0.27480E-03   -0.21871E-03    0.13382E-02   -0.29392E+01   -0.94088E-01    0.35437E+00    0.25808E-01   -0.86932E-01   -0.90011E-01    0.45962E-04   -0.79104E-02   -0.57695E-02   -0.44835E-05    0.14293E-04   -0.51607E-02   -0.40306E-01   -0.12584E+00    0.15552E+00    0.79216E-01   -0.80646E-01    0.56007E-01   -0.46317E-01    0.14493E+00   -0.12196E+00   -0.60403E-01    0.34055E-01   -0.13448E-01   -0.54697E-02    0.60655E-02    0.65554E-02    0.93027E+00   -0.34713E-01   -0.51815E-01    0.48357E-01    0.17140E+00   -0.77324E-01
    0.22796E-05    0.30264E-04    0.29034E-04   -0.54498E-03    0.71839E-03    0.28686E-03   -0.58465E-03    0.64264E+00   -0.21584E+00    0.62408E-01    0.13244E+00    0.28389E-01   -0.87275E-02   -0.99247E-03    0.11248E-01   -0.42467E-02    0.18344E-04    0.43667E-04   -0.34063E-02    0.11147E+00    0.16733E+00   -0.23255E+00   -0.89587E-01    0.10776E+00    0.81688E-01    0.64641E+00   -0.87406E-01   -0.18129E+00   -0.69736E-01    0.79210E-01    0.62818E+00    0.12701E+00   -0.10700E+00    0.45745E-02   -0.34713E-01    0.97440E+00    0.26536E-01   -0.15838E-02    0.34456E-01   -0.21298E-02
    0.46645E-05   -0.13077E-04    0.93128E-05    0.11075E-02    0.50386E-03    0.30403E-03    0.22989E-02   -0.66157E+00   -0.61187E+00   -0.76970E-01    0.40742E+00   -0.19116E-01   -0.68505E-01   -0.23512E-02   -0.11149E-01   -0.23432E-02   -0.52877E-05    0.38085E-04    0.47887E-02    0.22995E-01    0.18062E-01    0.46401E-01    0.29889E-02    0.41272E-01   -0.10127E+00    0.28150E+00    0.25646E+00    0.56548E+00    0.10408E+00   -0.54177E+00    0.16162E+00    0.19310E+00    0.54299E-02    0.19119E-01   -0.51815E-01    0.26536E-01    0.95345E+00   -0.30433E-02    0.39926E-01    0.21022E-01
    0.41399E-05    0.37008E-04    0.35120E-04    0.15733E-02    0.62460E-03    0.34044E-03    0.34799E-02   -0.30699E+01   -0.27536E+00    0.45549E+00   -0.52327E-01   -0.23615E+00    0.57038E-01   -0.44647E-02    0.38317E-02   -0.41657E-02   -0.20947E-06   -0.41356E-04   -0.16990E-02    0.26175E-01    0.10324E-01    0.12511E+00    0.65549E-02   -0.17082E-01    0.89880E-01   -0.48775E-01    0.77809E+00    0.11862E+00   -0.38741E-01    0.37750E+00    0.99879E-01    0.11837E-01    0.16744E+00    0.69612E-01    0.48357E-01   -0.15838E-02   -0.30433E-02    0.98296E+00    0.21633E-01   -0.76099E-02
   -0.11695E-04    0.20762E-04   -0.11311E-04   -0.34418E-03   -0.12082E-03   -0.18661E-03   -0.63345E-03    0.10167E+01    0.39871E+00    0.34028E+00   -0.99570E-01   -0.27486E-01   -0.82414E-01   -0.81339E-02    0.61142E-02   -0.58154E-03   -0.52252E-05   -0.42776E-04   -0.12423E-01   -0.71599E-01    0.33150E-01   -0.11299E-01   -0.19822E+00   -0.10791E+00    0.99673E-02   -0.38333E-01    0.30072E+00   -0.58814E+00    0.31768E+00   -0.35604E+00    0.98982E-01    0.14409E+00    0.27740E-01   -0.22526E+00    0.17140E+00    0.34456E-01    0.39926E-01    0.21633E-01    0.97118E+00    0.15166E-01
    0.12584E-05   -0.25676E-05   -0.35831E-05   -0.10612E-03    0.30903E-03    0.12000E-03   -0.20339E-03    0.33899E+01   -0.35685E+00   -0.55520E+00    0.43756E+00    0.36367E+00    0.40394E-01   -0.23393E-02    0.64068E-02    0.11031E-01    0.64271E-05    0.65014E-05    0.21316E-02   -0.32167E-01    0.62849E-01   -0.22065E+00    0.10256E+00    0.62299E-01   -0.14315E-01    0.10536E+00   -0.18595E+00    0.16292E+00    0.64631E+00    0.18646E+00   -0.86479E-01    0.19480E+00   -0.59499E-01    0.12454E+00   -0.77324E-01   -0.21298E-02    0.21022E-01   -0.76099E-02    0.15166E-01    0.97366E+00
