# omegabh2 omegach2 theta tau mnu nnu logA ns aps100 aps143 aps217 acib143 acib217 asz143 psr cibr ncib xi aksz cal0 cal2 calTE calEE bm_1_1
    0.4443784E-07    0.3081197E-06   -0.3137505E-07    0.9821499E-06    0.5162198E-05    0.2620631E-04    0.2786213E-05    0.1092393E-05    0.7951900E-03   -0.9850149E-04   -0.5383605E-04    0.8925118E-04    0.4762612E-04    0.3084388E-04    0.6103565E-07    0.2085769E-05   -0.2622996E-05    0.8875354E-06    0.3478411E-05    0.1117999E-07    0.3727364E-07    0.2646040E-07   -0.1125599E-07    0.8727774E-05
    0.3081197E-06    0.1338085E-04   -0.1300362E-05    0.3206844E-05    0.3696705E-04    0.7527164E-03    0.3901915E-04    0.2020884E-04    0.4243828E-01    0.9572700E-02   -0.3105493E-02    0.1335125E-02    0.5971647E-02    0.4636686E-03   -0.1035653E-04    0.1058341E-03    0.4666364E-04   -0.4045978E-04    0.1301780E-02   -0.2924142E-06    0.1287372E-05    0.3161794E-05    0.8049577E-05    0.4357625E-03
   -0.3137505E-07   -0.1300362E-05    0.2220262E-06   -0.3038205E-06   -0.7471041E-05   -0.7884754E-04   -0.3654269E-05   -0.2216326E-05   -0.4196730E-02   -0.7333255E-03    0.5062355E-03   -0.7181289E-04   -0.6206383E-03   -0.5988767E-04    0.3661825E-05   -0.1659725E-04   -0.2776897E-05    0.7855506E-05   -0.1997854E-03    0.2747446E-07   -0.1101091E-06   -0.4926683E-06   -0.6871662E-06   -0.3885221E-04
    0.9821499E-06    0.3206844E-05   -0.3038205E-06    0.2217190E-03    0.3354194E-03    0.5660090E-03    0.4522056E-03    0.4527112E-04   -0.1648976E-01    0.1400675E-01    0.2082651E-01   -0.8876565E-02   -0.9137170E-02   -0.3732619E-02    0.7972901E-04   -0.2501316E-03   -0.1821759E-03    0.1866257E-03   -0.3890348E-02    0.7819638E-06    0.3131858E-05   -0.8292895E-05    0.4265579E-05    0.1520229E-03
    0.5162198E-05    0.3696705E-04   -0.7471041E-05    0.3354194E-03    0.4819582E-02    0.4756768E-02    0.7420210E-03    0.2122351E-03    0.1333861E-01    0.1117861E-01   -0.7241075E-01    0.8093725E-02    0.3211134E-01   -0.3816274E-02   -0.8946599E-03    0.1447294E-02   -0.9612672E-03   -0.3140956E-03    0.2498696E-01   -0.2459227E-05    0.3066995E-05    0.2771654E-04    0.3553517E-04   -0.9208584E-03
    0.2620631E-04    0.7527164E-03   -0.7884754E-04    0.5660090E-03    0.4756768E-02    0.4797183E-01    0.2957917E-02    0.1499194E-02    0.2242603E+01    0.5129772E+00   -0.2424178E+00    0.9162925E-01    0.3678549E+00    0.3060897E-01   -0.1161324E-02    0.7203947E-02    0.2282217E-02   -0.2561520E-02    0.9177152E-01   -0.1399175E-04    0.7078640E-04    0.2082501E-03    0.5107846E-03    0.2235908E-01
    0.2786213E-05    0.3901915E-04   -0.3654269E-05    0.4522056E-03    0.7420210E-03    0.2957917E-02    0.1008480E-02    0.1386200E-03    0.7682121E-01    0.5727673E-01    0.3989171E-01   -0.1641011E-01   -0.4997396E-02   -0.6823341E-02    0.1551528E-03   -0.2957408E-03   -0.2134396E-03    0.3417723E-03   -0.6787864E-02    0.1120503E-05    0.1059365E-04   -0.7017659E-05    0.3217068E-04    0.1939488E-02
    0.1092393E-05    0.2020884E-04   -0.2216326E-05    0.4527112E-04    0.2122351E-03    0.1499194E-02    0.1386200E-03    0.6840654E-04    0.3949538E-01    0.1314418E-01    0.6570025E-02   -0.2580449E-03    0.3540313E-02    0.3993365E-03    0.1848959E-04    0.8665907E-04    0.4963103E-05   -0.5637396E-04   -0.1016139E-03   -0.5227439E-06    0.2599311E-05    0.5190369E-05    0.1295790E-04    0.8697874E-03
    0.7951900E-03    0.4243828E-01   -0.4196730E-02   -0.1648976E-01    0.1333861E-01    0.2242603E+01    0.7682121E-01    0.3949538E-01    0.2163095E+04    0.1162196E+03   -0.6169427E+02    0.4483695E+02    0.6106704E+02   -0.4256448E+02   -0.6233124E+00   -0.5813206E+00    0.2617458E+00    0.9058992E+00   -0.1097972E+02    0.1565463E-02    0.9775816E-02    0.1430010E-01    0.3187115E-01    0.1206094E+02
   -0.9850149E-04    0.9572700E-02   -0.7333255E-03    0.1400675E-01    0.1117861E-01    0.5129772E+00    0.5727673E-01    0.1314418E-01    0.1162196E+03    0.9977210E+02    0.1296934E+02   -0.9969933E+01    0.1132141E+02   -0.5803720E+01   -0.1157866E+00    0.7630777E-01    0.2694256E+00    0.9813776E+00   -0.9444202E+01    0.6420592E-03    0.1262025E-02    0.5209766E-02    0.1272975E-01    0.9908596E+00
   -0.5383605E-04   -0.3105493E-02    0.5062355E-03    0.2082651E-01   -0.7241075E-01   -0.2424178E+00    0.3989171E-01    0.6570025E-02   -0.6169427E+02    0.1296934E+02    0.2883196E+03   -0.2190561E+02   -0.1312757E+03    0.2640004E+01    0.6076735E-01   -0.1243725E+01   -0.1735050E+01    0.3704585E+00   -0.1065478E+02   -0.2362767E-03   -0.1537678E-02    0.1287002E-02    0.1684200E-02    0.6304012E+00
    0.8925118E-04    0.1335125E-02   -0.7181289E-04   -0.8876565E-02    0.8093725E-02    0.9162925E-01   -0.1641011E-01   -0.2580449E-03    0.4483695E+02   -0.9969933E+01   -0.2190561E+02    0.1898542E+02    0.1541041E+02   -0.5398341E+00    0.1449356E-01    0.6013340E-01    0.1657222E+00    0.1790687E+00   -0.2901329E+01    0.1447556E-04   -0.9903590E-03   -0.1048440E-02   -0.5984523E-03   -0.3409383E+00
    0.4762612E-04    0.5971647E-02   -0.6206383E-03   -0.9137170E-02    0.3211134E-01    0.3678549E+00   -0.4997396E-02    0.3540313E-02    0.6106704E+02    0.1132141E+02   -0.1312757E+03    0.1541041E+02    0.7377975E+02    0.7832090E-01    0.4022807E-01    0.5995493E+00    0.1078789E+01   -0.1962574E+00   -0.2025991E+01    0.1869911E-03    0.3468090E-03    0.2229342E-02    0.4404300E-02    0.2719548E-01
    0.3084388E-04    0.4636686E-03   -0.5988767E-04   -0.3732619E-02   -0.3816274E-02    0.3060897E-01   -0.6823341E-02    0.3993365E-03   -0.4256448E+02   -0.5803720E+01    0.2640004E+01   -0.5398341E+00    0.7832090E-01    0.5823112E+01    0.5270733E-01    0.2090384E+00    0.9945381E-02   -0.9139305E-01   -0.5172047E+00    0.4884407E-04   -0.2823168E-03    0.7030640E-03   -0.9786254E-04    0.1639211E+00
    0.6103565E-07   -0.1035653E-04    0.3661825E-05    0.7972901E-04   -0.8946599E-03   -0.1161324E-02    0.1551528E-03    0.1848959E-04   -0.6233124E+00   -0.1157866E+00    0.6076735E-01    0.1449356E-01    0.4022807E-01    0.5270733E-01    0.1205800E-01   -0.9446229E-02    0.4115407E-02    0.5761185E-02   -0.4779860E-01   -0.5091509E-05   -0.2195107E-04   -0.4699804E-04   -0.2486190E-04    0.3372643E-02
    0.2085769E-05    0.1058341E-03   -0.1659725E-04   -0.2501316E-03    0.1447294E-02    0.7203947E-02   -0.2957408E-03    0.8665907E-04   -0.5813206E+00    0.7630777E-01   -0.1243725E+01    0.6013340E-01    0.5995493E+00    0.2090384E+00   -0.9446229E-02    0.5059678E-01   -0.1184804E-02    0.1769813E-02    0.1079055E-01    0.4546973E-05    0.9726234E-04    0.3063496E-04    0.7028964E-04    0.5535161E-02
   -0.2622996E-05    0.4666364E-04   -0.2776897E-05   -0.1821759E-03   -0.9612672E-03    0.2282217E-02   -0.2134396E-03    0.4963103E-05    0.2617458E+00    0.2694256E+00   -0.1735050E+01    0.1657222E+00    0.1078789E+01    0.9945381E-02    0.4115407E-02   -0.1184804E-02    0.2532885E-01   -0.1156694E-02   -0.4299940E-01   -0.5967543E-07   -0.7863864E-04    0.4598217E-04    0.8068611E-04    0.7512548E-02
    0.8875354E-06   -0.4045978E-04    0.7855506E-05    0.1866257E-03   -0.3140956E-03   -0.2561520E-02    0.3417723E-03   -0.5637396E-04    0.9058992E+00    0.9813776E+00    0.3704585E+00    0.1790687E+00   -0.1962574E+00   -0.9139305E-01    0.5761185E-02    0.1769813E-02   -0.1156694E-02    0.7773621E-01    0.7800256E-02   -0.9827677E-05   -0.1029331E-04   -0.8192320E-04   -0.3151724E-04    0.7770949E-02
    0.3478411E-05    0.1301780E-02   -0.1997854E-03   -0.3890348E-02    0.2498696E-01    0.9177152E-01   -0.6787864E-02   -0.1016139E-03   -0.1097972E+02   -0.9444202E+01   -0.1065478E+02   -0.2901329E+01   -0.2025991E+01   -0.5172047E+00   -0.4779860E-01    0.1079055E-01   -0.4299940E-01    0.7800256E-02    0.8786351E+01   -0.2671099E-03    0.3994586E-03    0.3173896E-03    0.5421201E-03   -0.1017893E+00
    0.1117999E-07   -0.2924142E-06    0.2747446E-07    0.7819638E-06   -0.2459227E-05   -0.1399175E-04    0.1120503E-05   -0.5227439E-06    0.1565463E-02    0.6420592E-03   -0.2362767E-03    0.1447556E-04    0.1869911E-03    0.4884407E-04   -0.5091509E-05    0.4546973E-05   -0.5967543E-07   -0.9827677E-05   -0.2671099E-03    0.9166110E-06   -0.1478507E-07   -0.6733394E-07   -0.2749379E-06   -0.1211302E-03
    0.3727364E-07    0.1287372E-05   -0.1101091E-06    0.3131858E-05    0.3066995E-05    0.7078640E-04    0.1059365E-04    0.2599311E-05    0.9775816E-02    0.1262025E-02   -0.1537678E-02   -0.9903590E-03    0.3468090E-03   -0.2823168E-03   -0.2195107E-04    0.9726234E-04   -0.7863864E-04   -0.1029331E-04    0.3994586E-03   -0.1478507E-07    0.5141633E-05    0.9139799E-06    0.1006580E-05    0.3633023E-03
    0.2646040E-07    0.3161794E-05   -0.4926683E-06   -0.8292895E-05    0.2771654E-04    0.2082501E-03   -0.7017659E-05    0.5190369E-05    0.1430010E-01    0.5209766E-02    0.1287002E-02   -0.1048440E-02    0.2229342E-02    0.7030640E-03   -0.4699804E-04    0.3063496E-04    0.4598217E-04   -0.8192320E-04    0.3173896E-03   -0.6733394E-07    0.9139799E-06    0.2359778E-04    0.8147070E-05    0.4477933E-03
   -0.1125599E-07    0.8049577E-05   -0.6871662E-06    0.4265579E-05    0.3553517E-04    0.5107846E-03    0.3217068E-04    0.1295790E-04    0.3187115E-01    0.1272975E-01    0.1684200E-02   -0.5984523E-03    0.4404300E-02   -0.9786254E-04   -0.2486190E-04    0.7028964E-04    0.8068611E-04   -0.3151724E-04    0.5421201E-03   -0.2749379E-06    0.1006580E-05    0.8147070E-05    0.2557928E-04    0.6285275E-03
    0.8727774E-05    0.4357625E-03   -0.3885221E-04    0.1520229E-03   -0.9208584E-03    0.2235908E-01    0.1939488E-02    0.8697874E-03    0.1206094E+02    0.9908596E+00    0.6304012E+00   -0.3409383E+00    0.2719548E-01    0.1639211E+00    0.3372643E-02    0.5535161E-02    0.7512548E-02    0.7770949E-02   -0.1017893E+00   -0.1211302E-03    0.3633023E-03    0.4477933E-03    0.6285275E-03    0.2751786E+00
