# omegabh2 omegach2 theta tau Alens ns logA aps100 aps143 aps217 acib143 acib217 asz143 psr cibr cal0 cal2 xi aksz bm_1_1 a_ps_act_148 a_ps_act_217 a_ps_spt_95 a_ps_spt_150 a_ps_spt_220 r_ps_spt_95x150 r_ps_spt_95x220 r_ps_150x220 act_dust_s act_dust_e cal_acts_148 cal_acts_217 cal_acte_148 cal_acte_217 cal_spt_95 cal_spt_150 cal_spt_220
1.110900E-07 -6.805400E-07 1.296800E-07 6.936400E-07 2.199700E-05 1.924700E-06 -2.960800E-09 -1.203700E-03 -1.436600E-03 -9.856900E-04 -2.833500E-06 -4.458000E-05 2.061704E-05 -4.539300E-07 -4.885300E-07 1.647600E-09 4.834500E-09 -1.934800E-07 -4.392248E-05 -2.503200E-05 4.383500E-05 2.394300E-04 2.478600E-05 4.951000E-05 2.287800E-04 -2.650900E-07 -8.532400E-07 -1.194200E-07 -2.830300E-07 1.241500E-07 1.389600E-06 9.442500E-07 1.340500E-06 8.666200E-07 1.414200E-06 1.384300E-06 1.040100E-06
-6.805400E-07 9.106400E-06 -1.148800E-06 -8.169600E-06 -1.917400E-04 -2.237900E-05 4.758300E-06 7.847600E-03 8.291300E-03 5.754300E-03 -1.312800E-05 1.979800E-04 -1.518510E-04 2.226700E-06 3.640200E-06 -2.034000E-08 -3.535800E-08 1.893100E-06 2.485643E-04 1.705500E-04 -2.485800E-04 -1.331400E-03 -9.155000E-05 -2.698600E-04 -1.190300E-03 -1.696100E-06 2.641000E-06 9.974400E-07 2.431600E-06 -3.943600E-06 -8.560100E-06 -5.338600E-06 -8.375100E-06 -4.858400E-06 -8.573700E-06 -7.934200E-06 -5.791800E-06
1.296800E-07 -1.148800E-06 4.848400E-07 1.100900E-06 3.113000E-05 3.386900E-06 -4.073300E-08 -1.135900E-03 -1.415900E-03 -9.052100E-04 9.759000E-07 -3.485900E-05 2.355555E-05 -2.820000E-07 -6.433300E-07 -2.828300E-10 5.842100E-09 -3.553200E-07 -4.557423E-05 -1.641100E-05 3.859300E-05 2.290800E-04 1.637600E-05 4.193300E-05 2.090900E-04 2.002300E-07 -6.665500E-07 -9.998600E-08 9.865600E-07 9.554600E-07 1.297400E-06 9.969300E-07 1.250800E-06 8.330400E-07 1.577000E-06 1.339300E-06 8.634100E-07
6.936400E-07 -8.169600E-06 1.100900E-06 2.102500E-04 -2.899500E-04 2.731200E-05 3.987100E-04 -1.745900E-02 -1.301900E-02 -8.078600E-03 -2.198500E-04 -7.032700E-04 5.187354E-05 -3.539500E-06 1.447000E-06 6.430400E-09 2.490600E-07 -7.962700E-07 -6.671576E-05 -2.499600E-04 3.919700E-04 2.138200E-03 2.667400E-04 4.423200E-04 2.015500E-03 -1.326000E-05 -1.033400E-05 2.363200E-07 -1.648400E-06 2.369200E-05 1.021900E-05 6.558200E-06 1.110700E-05 8.725500E-06 1.153300E-05 9.598900E-06 7.724900E-06
2.199700E-05 -1.917400E-04 3.113000E-05 -2.899500E-04 1.334900E-02 5.207600E-04 -9.897800E-04 -3.973200E-01 -3.632000E-01 -2.398300E-01 -1.873400E-03 -1.622800E-02 1.009030E-03 -1.073600E-04 -2.830400E-04 8.810100E-07 1.427300E-06 -7.461800E-05 -1.545134E-02 -5.045600E-03 1.253700E-02 5.830900E-02 9.522100E-03 1.436100E-02 5.954700E-02 -1.392000E-04 -5.378900E-04 -1.077300E-05 -3.824000E-04 -9.905400E-05 3.433200E-04 2.212200E-04 3.258700E-04 1.816100E-04 3.477200E-04 3.466500E-04 2.365700E-04
1.924700E-06 -2.237900E-05 3.386900E-06 2.731200E-05 5.207600E-04 7.067100E-05 -2.088700E-07 -5.184900E-02 -3.564400E-02 -2.301800E-02 -5.040600E-05 -1.132900E-03 6.242474E-04 -1.101700E-05 -1.256600E-05 -2.100600E-08 2.846700E-07 -6.519700E-06 -9.076380E-04 -7.512800E-04 9.176200E-04 4.721200E-03 3.204000E-04 1.019700E-03 4.442100E-03 -1.897500E-06 -9.761900E-06 -4.515800E-07 9.425900E-06 1.837200E-05 3.062100E-05 1.815400E-05 3.005400E-05 1.653400E-05 3.157400E-05 2.885300E-05 1.896800E-05
-2.960800E-09 4.758300E-06 -4.073300E-08 3.987100E-04 -9.897800E-04 -2.088700E-07 8.087200E-04 -2.467400E-02 -1.118200E-02 -5.138500E-03 -4.633700E-04 -1.010500E-03 -2.047029E-04 -2.982300E-06 9.617300E-06 1.371400E-08 5.705900E-07 2.123700E-06 1.991229E-04 2.470900E-04 3.053800E-04 1.558400E-03 4.461200E-04 3.601100E-04 1.662700E-03 -3.115100E-05 -1.819400E-05 2.102200E-06 -1.072500E-05 3.324200E-05 2.124800E-06 1.809500E-06 4.036000E-06 7.305300E-06 5.357000E-06 2.977900E-06 3.262600E-06
-1.203700E-03 7.847600E-03 -1.135900E-03 -1.745900E-02 -3.973200E-01 -5.184900E-02 -2.467400E-02 1.521400E+03 9.497400E+01 2.450200E+01 3.041500E-01 6.044300E+00 -1.009030E+01 1.930500E-02 -1.847600E-01 1.434100E-03 -1.420600E-03 3.026900E-02 5.195701E+00 1.546600E+01 -7.682900E-01 -5.202800E+00 4.637900E+00 -1.139500E+00 -5.292000E+00 -4.899900E-02 -4.117900E-01 -2.447600E-02 1.401100E-01 -4.240000E-02 -5.410800E-02 3.500000E-03 -5.264700E-02 5.116600E-03 -8.566100E-02 -4.974500E-02 1.645500E-03
-1.436600E-03 8.291300E-03 -1.415900E-03 -1.301900E-02 -3.632000E-01 -3.564400E-02 -1.118200E-02 9.497400E+01 7.386300E+01 2.636000E+01 -1.510200E-04 1.363300E+00 -2.295653E+00 1.428400E-02 -6.379700E-03 -6.140800E-05 -1.186800E-03 1.501500E-02 9.376081E-01 1.144000E-01 -4.868700E-01 -4.234800E+00 9.287700E-01 -6.636500E-01 -4.439500E+00 -7.871500E-03 -6.256000E-02 -1.452200E-02 3.950300E-02 2.498600E-02 -3.531400E-02 -1.400300E-02 -3.317900E-02 -1.403400E-02 -3.863800E-02 -3.114000E-02 -1.855100E-02
-9.856900E-04 5.754300E-03 -9.052100E-04 -8.078600E-03 -2.398300E-01 -2.301800E-02 -5.138500E-03 2.450200E+01 2.636000E+01 3.888400E+01 -6.511200E-01 -4.203400E+00 1.376212E+00 -7.152600E-03 -6.924400E-03 5.484900E-06 -5.996700E-04 -9.616200E-03 -5.457553E-01 2.269500E-01 -2.082900E-01 -3.633300E+00 -1.142100E+00 -1.677800E-01 -3.306700E+00 -7.133000E-03 6.112400E-02 2.564000E-02 1.736100E-02 1.516000E-02 -1.931200E-02 -3.143200E-02 -1.863000E-02 -3.001900E-02 -1.177900E-02 -1.833700E-02 -2.545600E-02
-2.833500E-06 -1.312800E-05 9.759000E-07 -2.198500E-04 -1.873400E-03 -5.040600E-05 -4.633700E-04 3.041500E-01 -1.510200E-04 -6.511200E-01 3.940300E-01 7.771100E-01 1.845597E-01 -1.079300E-04 -1.015400E-02 -1.363600E-06 3.743600E-05 5.181300E-03 -4.091930E-01 -3.725400E-03 -1.267600E-01 -8.771200E-02 -3.875200E-02 -1.590200E-01 -1.451100E-01 2.394800E-02 1.718800E-02 -2.016000E-03 -1.200500E-03 -2.458400E-03 2.113900E-04 1.051300E-03 2.230800E-04 8.914500E-04 -6.141600E-04 7.936900E-05 9.672200E-04
-4.458000E-05 1.979800E-04 -3.485900E-05 -7.032700E-04 -1.622800E-02 -1.132900E-03 -1.010500E-03 6.044300E+00 1.363300E+00 -4.203400E+00 7.771100E-01 3.570300E+00 -1.193628E-01 6.252200E-03 9.250400E-03 -1.056700E-05 4.757400E-04 2.400100E-03 -6.584361E-01 -1.985000E-02 -2.600400E-01 -2.449200E-01 2.202400E-01 -3.619300E-01 -6.235400E-01 3.766500E-02 1.675800E-02 -1.748100E-02 -2.767700E-03 -7.684100E-03 -9.485100E-04 8.134600E-03 -9.718700E-04 7.680500E-03 -3.896500E-03 -1.000700E-03 4.895300E-03
2.061704E-05 -1.518510E-04 2.355555E-05 5.187354E-05 1.009030E-03 6.242474E-04 -2.047029E-04 -1.009030E+01 -2.295653E+00 1.376212E+00 1.845597E-01 -1.193628E-01 1.250046E+00 -7.099039E-05 2.048276E-02 6.813677E-06 -2.221603E-04 -4.875134E-03 -8.821980E-01 2.035662E-02 -9.264433E-02 -2.521305E-01 -6.726390E-01 -8.126822E-02 -3.896798E-01 2.205968E-02 6.098594E-02 2.981050E-04 -5.913948E-04 -3.464630E-03 2.168655E-03 -3.482088E-03 2.134700E-03 -3.400460E-03 4.813745E-03 1.167155E-03 -1.867275E-03
-4.539300E-07 2.226700E-06 -2.820000E-07 -3.539500E-06 -1.073600E-04 -1.101700E-05 -2.982300E-06 1.930500E-02 1.428400E-02 -7.152600E-03 -1.079300E-04 6.252200E-03 -7.099039E-05 3.938500E-04 -1.818500E-06 1.210700E-09 4.690400E-07 1.542500E-05 -5.938061E-05 2.625400E-05 2.212600E-04 -4.323200E-03 -3.433300E-04 -1.408900E-04 -3.103500E-03 4.991100E-06 5.312100E-05 1.208900E-05 3.713800E-05 -1.520900E-05 -1.085800E-05 -2.830700E-06 -1.031900E-05 3.752900E-07 -9.347100E-06 -9.128100E-06 4.955100E-06
-4.885300E-07 3.640200E-06 -6.433300E-07 1.447000E-06 -2.830400E-04 -1.256600E-05 9.617300E-06 -1.847600E-01 -6.379700E-03 -6.924400E-03 -1.015400E-02 9.250400E-03 2.048276E-02 -1.818500E-06 2.433100E-03 -1.522000E-07 -1.703300E-06 2.032800E-05 -3.985379E-03 5.711200E-04 3.600100E-03 -1.880200E-03 -1.356900E-02 3.955800E-03 -1.547200E-02 -4.155000E-04 1.380400E-03 -3.428300E-04 4.971200E-06 -1.513300E-04 2.595400E-05 6.835100E-06 2.497300E-05 7.092900E-06 1.168800E-04 7.542100E-06 -1.897000E-05
1.647600E-09 -2.034000E-08 -2.828300E-10 6.430400E-09 8.810100E-07 -2.100600E-08 1.371400E-08 1.434100E-03 -6.140800E-05 5.484900E-06 -1.363600E-06 -1.056700E-05 6.813677E-06 1.210700E-09 -1.522000E-07 1.565600E-07 -2.577700E-09 -2.625500E-07 -3.978591E-06 -3.336300E-05 1.304300E-06 1.766200E-05 -7.182300E-06 -1.820000E-06 7.545600E-06 1.742000E-07 3.721100E-07 9.505900E-08 1.587900E-07 -7.229500E-07 7.965000E-08 2.882100E-08 2.773300E-08 -1.952400E-08 -7.550900E-08 4.726500E-08 5.346800E-08
4.834500E-09 -3.535800E-08 5.842100E-09 2.490600E-07 1.427300E-06 2.846700E-07 5.705900E-07 -1.420600E-03 -1.186800E-03 -5.996700E-04 3.743600E-05 4.757400E-04 -2.221603E-04 4.690400E-07 -1.703300E-06 -2.577700E-09 6.294900E-07 8.081500E-07 9.381223E-05 -8.655000E-07 2.273300E-06 5.172000E-05 1.374900E-04 -6.808600E-06 4.577800E-05 -6.917100E-07 -8.239100E-06 -1.874300E-06 -3.007300E-06 -4.555100E-07 -3.592700E-08 1.936100E-06 3.224400E-08 1.866600E-06 -5.852500E-07 1.119500E-07 1.297400E-06
-1.934800E-07 1.893100E-06 -3.553200E-07 -7.962700E-07 -7.461800E-05 -6.519700E-06 2.123700E-06 3.026900E-02 1.501500E-02 -9.616200E-03 5.181300E-03 2.400100E-03 -4.875134E-03 1.542500E-05 2.032800E-05 -2.625500E-07 8.081500E-07 1.360400E-03 7.225519E-03 -3.728500E-04 2.614800E-03 6.740700E-04 1.398100E-03 1.174300E-03 9.526500E-04 4.920900E-04 8.907100E-04 3.648600E-05 -2.009800E-05 -3.761200E-05 -2.992500E-06 1.740800E-05 -6.079000E-06 1.981600E-05 -1.616800E-05 8.188900E-06 4.596300E-05
-4.392248E-05 2.485643E-04 -4.557423E-05 -6.671576E-05 -1.545134E-02 -9.076380E-04 1.991229E-04 5.195701E+00 9.376081E-01 -5.457553E-01 -4.091930E-01 -6.584361E-01 -8.821980E-01 -5.938061E-05 -3.985379E-03 -3.978591E-06 9.381223E-05 7.225519E-03 1.391152E+00 -4.930557E-03 3.734223E-02 3.055629E-01 2.471038E-01 5.905561E-02 5.681763E-01 -3.124126E-02 -4.313466E-02 5.005225E-03 -1.591601E-03 6.752621E-04 -3.344222E-05 2.206306E-03 -1.432638E-05 2.335484E-03 -1.455615E-03 -1.204500E-04 1.620810E-03
-2.503200E-05 1.705500E-04 -1.641100E-05 -2.499600E-04 -5.045600E-03 -7.512800E-04 2.470900E-04 1.546600E+01 1.144000E-01 2.269500E-01 -3.725400E-03 -1.985000E-02 2.035662E-02 2.625400E-05 5.711200E-04 -3.336300E-05 -8.655000E-07 -3.728500E-04 -4.930557E-03 5.673000E-01 -1.212600E-02 -7.405200E-02 -1.972800E-02 -9.737500E-03 -1.067200E-01 -1.486300E-04 1.045700E-03 2.462000E-04 5.361700E-05 -9.712700E-04 -2.725300E-04 -4.125600E-04 -2.801900E-04 -3.390700E-04 -1.197700E-04 -3.749800E-04 -3.228400E-04
4.383500E-05 -2.485800E-04 3.859300E-05 3.919700E-04 1.253700E-02 9.176200E-04 3.053800E-04 -7.682900E-01 -4.868700E-01 -2.082900E-01 -1.267600E-01 -2.600400E-01 -9.264433E-02 2.212600E-04 3.600100E-03 1.304300E-06 2.273300E-06 2.614800E-03 3.734223E-02 -1.212600E-02 3.173600E-01 -8.854200E-02 8.012600E-02 1.231700E-01 3.905300E-01 -6.038100E-03 -7.754900E-03 -3.017400E-03 -1.297300E-03 3.084500E-04 2.549300E-03 -7.062100E-04 2.413800E-03 -4.685900E-04 4.163300E-04 3.712900E-04 9.873200E-04
2.394300E-04 -1.331400E-03 2.290800E-04 2.138200E-03 5.830900E-02 4.721200E-03 1.558400E-03 -5.202800E+00 -4.234800E+00 -3.633300E+00 -8.771200E-02 -2.449200E-01 -2.521305E-01 -4.323200E-03 -1.880200E-03 1.766200E-05 5.172000E-05 6.740700E-04 3.055629E-01 -7.405200E-02 -8.854200E-02 1.361200E+01 2.218100E-01 1.493300E-01 1.256500E+00 -1.036400E-02 -2.331700E-02 -4.127300E-03 1.900300E-02 2.095700E-02 3.236200E-03 5.061300E-02 2.933400E-03 3.950800E-02 4.272200E-03 3.692700E-03 5.207700E-03
2.478600E-05 -9.155000E-05 1.637600E-05 2.667400E-04 9.522100E-03 3.204000E-04 4.461200E-04 4.637900E+00 9.287700E-01 -1.142100E+00 -3.875200E-02 2.202400E-01 -6.726390E-01 -3.433300E-04 -1.356900E-02 -7.182300E-06 1.374900E-04 1.398100E-03 2.471038E-01 -1.972800E-02 8.012600E-02 2.218100E-01 2.165300E+00 7.567900E-02 2.052100E-01 -8.457500E-02 -1.057100E-01 -1.577300E-03 1.114900E-03 3.579600E-03 -1.340100E-03 2.333700E-03 -1.131800E-03 2.000600E-03 3.588600E-04 3.170400E-04 1.241100E-03
4.951000E-05 -2.698600E-04 4.193300E-05 4.423200E-04 1.436100E-02 1.019700E-03 3.601100E-04 -1.139500E+00 -6.636500E-01 -1.677800E-01 -1.590200E-01 -3.619300E-01 -8.126822E-02 -1.408900E-04 3.955800E-03 -1.820000E-06 -6.808600E-06 1.174300E-03 5.905561E-02 -9.737500E-03 1.231700E-01 1.493300E-01 7.567900E-02 2.382800E-01 1.585200E-01 -7.715500E-03 -5.507000E-03 -7.795600E-06 1.269600E-03 1.417000E-03 2.742800E-04 -2.819900E-04 2.016500E-04 -2.490300E-04 9.276300E-04 3.401400E-04 -8.749700E-05
2.287800E-04 -1.190300E-03 2.090900E-04 2.015500E-03 5.954700E-02 4.442100E-03 1.662700E-03 -5.292000E+00 -4.439500E+00 -3.306700E+00 -1.451100E-01 -6.235400E-01 -3.896798E-01 -3.103500E-03 -1.547200E-02 7.545600E-06 4.577800E-05 9.526500E-04 5.681763E-01 -1.067200E-01 3.905300E-01 1.256500E+00 2.052100E-01 1.585200E-01 1.240400E+01 -1.597600E-02 -6.693900E-02 -1.196000E-02 -1.363000E-02 -7.658400E-03 5.813600E-03 4.401800E-03 5.529100E-03 3.767700E-03 4.597300E-03 6.059900E-03 3.115500E-02
-2.650900E-07 -1.696100E-06 2.002300E-07 -1.326000E-05 -1.392000E-04 -1.897500E-06 -3.115100E-05 -4.899900E-02 -7.871500E-03 -7.133000E-03 2.394800E-02 3.766500E-02 2.205968E-02 4.991100E-06 -4.155000E-04 1.742000E-07 -6.917100E-07 4.920900E-04 -3.124126E-02 -1.486300E-04 -6.038100E-03 -1.036400E-02 -8.457500E-02 -7.715500E-03 -1.597600E-02 6.895400E-03 5.583000E-03 -1.321100E-04 -4.146200E-05 -1.454000E-04 3.673400E-05 -1.262400E-05 2.008300E-05 -6.500900E-06 -7.537000E-05 -2.291600E-05 1.169300E-05
-8.532400E-07 2.641000E-06 -6.665500E-07 -1.033400E-05 -5.378900E-04 -9.761900E-06 -1.819400E-05 -4.117900E-01 -6.256000E-02 6.112400E-02 1.718800E-02 1.675800E-02 6.098594E-02 5.312100E-05 1.380400E-03 3.721100E-07 -8.239100E-06 8.907100E-04 -4.313466E-02 1.045700E-03 -7.754900E-03 -2.331700E-02 -1.057100E-01 -5.507000E-03 -6.693900E-02 5.583000E-03 1.153700E-02 1.072800E-04 4.152500E-05 -7.211400E-05 7.872100E-05 -1.507200E-04 6.181900E-05 -1.342400E-04 6.506100E-05 4.552300E-06 -2.852500E-04
-1.194200E-07 9.974400E-07 -9.998600E-08 2.363200E-07 -1.077300E-05 -4.515800E-07 2.102200E-06 -2.447600E-02 -1.452200E-02 2.564000E-02 -2.016000E-03 -1.748100E-02 2.981050E-04 1.208900E-05 -3.428300E-04 9.505900E-08 -1.874300E-06 3.648600E-05 5.005225E-03 2.462000E-04 -3.017400E-03 -4.127300E-03 -1.577300E-03 -7.795600E-06 -1.196000E-02 -1.321100E-04 1.072800E-04 3.440900E-04 1.959300E-05 9.089100E-05 -6.170400E-06 -5.045000E-05 -1.766300E-07 -4.483700E-05 1.632100E-05 7.837100E-06 -7.353700E-05
-2.830300E-07 2.431600E-06 9.865600E-07 -1.648400E-06 -3.824000E-04 9.425900E-06 -1.072500E-05 1.401100E-01 3.950300E-02 1.736100E-02 -1.200500E-03 -2.767700E-03 -5.913948E-04 3.713800E-05 4.971200E-06 1.587900E-07 -3.007300E-06 -2.009800E-05 -1.591601E-03 5.361700E-05 -1.297300E-03 1.900300E-02 1.114900E-03 1.269600E-03 -1.363000E-02 -4.146200E-05 4.152500E-05 1.959300E-05 3.981800E-02 2.099200E-04 2.665200E-04 1.712600E-04 -5.397500E-05 4.379500E-05 -2.702300E-05 -1.097100E-05 -1.049500E-04
1.241500E-07 -3.943600E-06 9.554600E-07 2.369200E-05 -9.905400E-05 1.837200E-05 3.324200E-05 -4.240000E-02 2.498600E-02 1.516000E-02 -2.458400E-03 -7.684100E-03 -3.464630E-03 -1.520900E-05 -1.513300E-04 -7.229500E-07 -4.555100E-07 -3.761200E-05 6.752621E-04 -9.712700E-04 3.084500E-04 2.095700E-02 3.579600E-03 1.417000E-03 -7.658400E-03 -1.454000E-04 -7.211400E-05 9.089100E-05 2.099200E-04 3.910500E-02 -5.377700E-05 4.385600E-05 2.981500E-04 1.511200E-04 -1.608600E-05 8.665800E-06 -4.282900E-05
1.389600E-06 -8.560100E-06 1.297400E-06 1.021900E-05 3.433200E-04 3.062100E-05 2.124800E-06 -5.410800E-02 -3.531400E-02 -1.931200E-02 2.113900E-04 -9.485100E-04 2.168655E-03 -1.085800E-05 2.595400E-05 7.965000E-08 -3.592700E-08 -2.992500E-06 -3.344222E-05 -2.725300E-04 2.549300E-03 3.236200E-03 -1.340100E-03 2.742800E-04 5.813600E-03 3.673400E-05 7.872100E-05 -6.170400E-06 2.665200E-04 -5.377700E-05 1.678000E-04 1.145600E-05 6.426200E-05 1.758700E-05 3.425000E-05 2.776000E-05 2.283600E-05
9.442500E-07 -5.338600E-06 9.969300E-07 6.558200E-06 2.212200E-04 1.815400E-05 1.809500E-06 3.500000E-03 -1.400300E-02 -3.143200E-02 1.051300E-03 8.134600E-03 -3.482088E-03 -2.830700E-06 6.835100E-06 2.882100E-08 1.936100E-06 1.740800E-05 2.206306E-03 -4.125600E-04 -7.062100E-04 5.061300E-02 2.333700E-03 -2.819900E-04 4.401800E-03 -1.262400E-05 -1.507200E-04 -5.045000E-05 1.712600E-04 4.385600E-05 1.145600E-05 3.462700E-04 1.498900E-05 1.787700E-04 5.156000E-06 1.470600E-05 4.236500E-05
1.340500E-06 -8.375100E-06 1.250800E-06 1.110700E-05 3.258700E-04 3.005400E-05 4.036000E-06 -5.264700E-02 -3.317900E-02 -1.863000E-02 2.230800E-04 -9.718700E-04 2.134700E-03 -1.031900E-05 2.497300E-05 2.773300E-08 3.224400E-08 -6.079000E-06 -1.432638E-05 -2.801900E-04 2.413800E-03 2.933400E-03 -1.131800E-03 2.016500E-04 5.529100E-03 2.008300E-05 6.181900E-05 -1.766300E-07 -5.397500E-05 2.981500E-04 6.426200E-05 1.498900E-05 1.336500E-04 1.420000E-05 3.627000E-05 2.858700E-05 2.512000E-05
8.666200E-07 -4.858400E-06 8.330400E-07 8.725500E-06 1.816100E-04 1.653400E-05 7.305300E-06 5.116600E-03 -1.403400E-02 -3.001900E-02 8.914500E-04 7.680500E-03 -3.400460E-03 3.752900E-07 7.092900E-06 -1.952400E-08 1.866600E-06 1.981600E-05 2.335484E-03 -3.390700E-04 -4.685900E-04 3.950800E-02 2.000600E-03 -2.490300E-04 3.767700E-03 -6.500900E-06 -1.342400E-04 -4.483700E-05 4.379500E-05 1.511200E-04 1.758700E-05 1.787700E-04 1.420000E-05 2.142700E-04 4.727100E-06 1.426900E-05 3.722300E-05
1.414200E-06 -8.573700E-06 1.577000E-06 1.153300E-05 3.477200E-04 3.157400E-05 5.357000E-06 -8.566100E-02 -3.863800E-02 -1.177900E-02 -6.141600E-04 -3.896500E-03 4.813745E-03 -9.347100E-06 1.168800E-04 -7.550900E-08 -5.852500E-07 -1.616800E-05 -1.455615E-03 -1.197700E-04 4.163300E-04 4.272200E-03 3.588600E-04 9.276300E-04 4.597300E-03 -7.537000E-05 6.506100E-05 1.632100E-05 -2.702300E-05 -1.608600E-05 3.425000E-05 5.156000E-06 3.627000E-05 4.727100E-06 4.086100E-04 4.349900E-05 1.007300E-05
1.384300E-06 -7.934200E-06 1.339300E-06 9.598900E-06 3.466500E-04 2.885300E-05 2.977900E-06 -4.974500E-02 -3.114000E-02 -1.833700E-02 7.936900E-05 -1.000700E-03 1.167155E-03 -9.128100E-06 7.542100E-06 4.726500E-08 1.119500E-07 8.188900E-06 -1.204500E-04 -3.749800E-04 3.712900E-04 3.692700E-03 3.170400E-04 3.401400E-04 6.059900E-03 -2.291600E-05 4.552300E-06 7.837100E-06 -1.097100E-05 8.665800E-06 2.776000E-05 1.470600E-05 2.858700E-05 1.426900E-05 4.349900E-05 1.020900E-04 3.502200E-05
1.040100E-06 -5.791800E-06 8.634100E-07 7.724900E-06 2.365700E-04 1.896800E-05 3.262600E-06 1.645500E-03 -1.855100E-02 -2.545600E-02 9.672200E-04 4.895300E-03 -1.867275E-03 4.955100E-06 -1.897000E-05 5.346800E-08 1.297400E-06 4.596300E-05 1.620810E-03 -3.228400E-04 9.873200E-04 5.207700E-03 1.241100E-03 -8.749700E-05 3.115500E-02 1.169300E-05 -2.852500E-04 -7.353700E-05 -1.049500E-04 -4.282900E-05 2.283600E-05 4.236500E-05 2.512000E-05 3.722300E-05 1.007300E-05 3.502200E-05 4.898200E-04
