# omegabh2 omegach2 theta tau ns logA r aps100 aps143 aps217 acib143 acib217 asz143 psr cibr ncib cal0 cal2 xi aksz bm_1_1 bm_1_2 bm_1_3 bm_1_4 bm_1_5 bm_2_1 bm_2_2 bm_2_3 bm_2_4 bm_2_5 bm_3_1 bm_3_2 bm_3_3 bm_3_4 bm_3_5 bm_4_1 bm_4_2 bm_4_3 bm_4_4 bm_4_5
    0.10455E-06   -0.66098E-06    0.11816E-06    0.70147E-05    0.21780E-05    0.12612E-04    0.12098E-06   -0.29117E-02   -0.89465E-03   -0.38303E-04   -0.26428E-03   -0.39701E-03    0.35517E-04    0.61920E-06   -0.92554E-05   -0.29056E-05   -0.31059E-09   -0.23409E-07    0.29324E-05   -0.98811E-04   -0.23609E-04   -0.30572E-05    0.42812E-05   -0.13398E-05   -0.29824E-05    0.44579E-05   -0.57549E-06    0.72388E-05   -0.23866E-05    0.35223E-05   -0.35150E-05   -0.30846E-05    0.27788E-05    0.83717E-05    0.16672E-05    0.99764E-07    0.25564E-05    0.13198E-05   -0.90529E-05   -0.32195E-06
   -0.66098E-06    0.94402E-05   -0.11118E-05   -0.67051E-04   -0.25330E-04   -0.11115E-03   -0.88300E-05    0.17755E-01    0.60566E-02    0.15340E-02    0.13423E-02    0.20386E-02   -0.27936E-03   -0.23641E-05    0.46345E-04    0.17342E-04    0.41214E-09    0.12862E-06   -0.13037E-04    0.37322E-03    0.23529E-03   -0.58098E-04   -0.62157E-04    0.10606E-04    0.16483E-04   -0.32483E-05    0.31791E-05   -0.37114E-04   -0.13719E-04   -0.43946E-04    0.17687E-04    0.22107E-04    0.45742E-05   -0.64960E-04   -0.52839E-04    0.95359E-05    0.58517E-05    0.83484E-05    0.64890E-04    0.29389E-04
    0.11816E-06   -0.11118E-05    0.45876E-06    0.99322E-05    0.35824E-05    0.17498E-04    0.65003E-06   -0.26222E-02   -0.82687E-03   -0.14041E-03   -0.19285E-03   -0.33441E-03    0.27292E-04   -0.22941E-06   -0.68611E-05   -0.37965E-05   -0.71628E-09   -0.23054E-07    0.30543E-05   -0.61159E-04   -0.31962E-04    0.87332E-05    0.69046E-05   -0.29836E-05   -0.61957E-05   -0.24979E-06    0.22525E-07    0.30573E-05   -0.21840E-05    0.65221E-06   -0.40585E-05   -0.52475E-05   -0.10015E-05    0.55694E-05    0.52264E-05   -0.33019E-05    0.10768E-05   -0.40732E-05   -0.54946E-05   -0.11741E-04
    0.70147E-05   -0.67051E-04    0.99322E-05    0.14918E-02    0.25177E-03    0.28222E-02   -0.85040E-04   -0.37033E+00   -0.62221E-01    0.29521E-01   -0.35977E-01   -0.48692E-01    0.72085E-03    0.20864E-03   -0.14704E-02   -0.12401E-03    0.99918E-08   -0.31625E-05    0.37723E-03   -0.16101E-01   -0.19829E-02    0.71265E-03    0.36942E-03   -0.20200E-03   -0.96742E-04    0.78046E-03    0.16046E-03    0.72380E-03    0.86249E-04    0.41802E-03   -0.41189E-03   -0.57215E-03    0.11771E-04    0.69468E-03    0.31956E-03    0.17493E-03    0.40131E-03    0.18824E-03   -0.91984E-03   -0.24325E-03
    0.21780E-05   -0.25330E-04    0.35824E-05    0.25177E-03    0.94597E-04    0.44205E-03    0.35509E-04   -0.12708E+00   -0.15057E-01    0.12301E-01   -0.13383E-01   -0.15867E-01    0.30705E-03    0.72046E-04   -0.45685E-03   -0.48136E-04   -0.30889E-07   -0.38886E-06    0.13542E-03   -0.50675E-02   -0.41317E-03    0.19933E-03    0.52108E-04   -0.55747E-04   -0.33924E-04    0.39234E-03    0.16749E-03    0.12435E-03    0.10029E-04    0.12382E-03   -0.10370E-03   -0.10435E-03   -0.11740E-03    0.26100E-03    0.70884E-04    0.20422E-03    0.11605E-03    0.13415E-03   -0.22013E-03   -0.91894E-04
    0.12612E-04   -0.11115E-03    0.17498E-04    0.28222E-02    0.44205E-03    0.53855E-02   -0.19830E-03   -0.72247E+00   -0.10205E+00    0.72061E-01   -0.73610E-01   -0.96289E-01   -0.33739E-03    0.44506E-03   -0.30099E-02   -0.17327E-03    0.11172E-06   -0.56977E-05    0.77038E-03   -0.32883E-01   -0.26691E-02    0.15025E-02    0.60426E-03   -0.34531E-03   -0.15150E-03    0.19038E-02    0.45153E-03    0.13620E-02    0.96166E-04    0.67546E-03   -0.80724E-03   -0.10121E-02   -0.71067E-06    0.12015E-02    0.42468E-03    0.59835E-03    0.96113E-03    0.51105E-03   -0.16744E-02   -0.41514E-03
    0.12098E-06   -0.88300E-05    0.65003E-06   -0.85040E-04    0.35509E-04   -0.19830E-03    0.14274E-02   -0.40351E-01   -0.52343E-02    0.15551E-03   -0.11427E-02   -0.85699E-03    0.15772E-02    0.17281E-04    0.12976E-03   -0.38709E-04   -0.12499E-06    0.93006E-07    0.18315E-03   -0.99912E-03   -0.11947E-03   -0.59237E-03   -0.17782E-03    0.18087E-03   -0.78001E-04    0.44933E-04   -0.62086E-03   -0.81758E-04   -0.83889E-03    0.22101E-03    0.37192E-03    0.67764E-04   -0.85012E-04   -0.22145E-03   -0.63328E-03    0.50411E-03   -0.44447E-03   -0.12887E-03   -0.56907E-03   -0.36652E-03
   -0.29117E-02    0.17755E-01   -0.26222E-02   -0.37033E+00   -0.12708E+00   -0.72247E+00   -0.40351E-01    0.27822E+04    0.70877E+02   -0.15811E+03    0.11830E+03    0.11187E+03   -0.73991E+02   -0.11338E+01    0.48421E+00    0.13271E+01    0.66468E-03   -0.12216E-03   -0.52188E+00   -0.11866E+02    0.10497E+02   -0.10135E+02    0.10882E-01    0.38755E+00   -0.88329E+00   -0.79034E+00   -0.54261E+01   -0.46018E+00    0.87714E+00   -0.17256E+01    0.83436E+00    0.24359E+00    0.43120E+00   -0.10734E+01   -0.39420E+01    0.40010E+00   -0.11593E+01   -0.33783E+01   -0.37848E-01    0.34564E+01
   -0.89465E-03    0.60566E-02   -0.82687E-03   -0.62221E-01   -0.15057E-01   -0.10205E+00   -0.52343E-02    0.70877E+02    0.18456E+03    0.53549E+02   -0.31288E+02   -0.83394E+01   -0.87481E+01   -0.25437E+00   -0.96602E-01   -0.15069E+00    0.10606E-03    0.34293E-02    0.12333E+01   -0.12398E+02    0.14643E+01    0.52537E+00    0.83270E-01    0.14465E+00   -0.14739E+00   -0.16779E+01   -0.31823E+00    0.52167E-01   -0.11174E+00   -0.25749E+00    0.11841E+01    0.26476E+00    0.30190E+00   -0.74477E-01   -0.39215E+00   -0.46312E+00   -0.21851E+00    0.39380E-01    0.22093E+00   -0.86361E-01
   -0.38303E-04    0.15340E-02   -0.14041E-03    0.29521E-01    0.12301E-01    0.72061E-01    0.15551E-03   -0.15811E+03    0.53549E+02    0.20125E+03   -0.32176E+02   -0.69793E+02    0.41664E+01   -0.37770E-01   -0.93689E+00   -0.10187E+01    0.18988E-03   -0.38884E-02    0.38392E+00   -0.10254E+02    0.15530E+01    0.88792E+00   -0.10509E+00   -0.18283E-01    0.71955E-01    0.10437E+01    0.57032E+00   -0.17355E+00   -0.29395E+00    0.29067E+00   -0.12341E+01    0.82631E+00   -0.29411E+00    0.49579E+00    0.12474E+00   -0.67193E-01    0.30293E+00    0.51246E+00    0.21081E+00   -0.34022E+00
   -0.26428E-03    0.13423E-02   -0.19285E-03   -0.35977E-01   -0.13383E-01   -0.73610E-01   -0.11427E-02    0.11830E+03   -0.31288E+02   -0.32176E+02    0.25337E+02    0.17498E+02   -0.23217E+01    0.12305E-01    0.22315E+00    0.21982E+00   -0.98533E-04   -0.11096E-02    0.75293E-02   -0.28240E+00   -0.10363E+01   -0.55779E+00   -0.38750E-01   -0.48661E-01   -0.12673E-01    0.69293E+00   -0.39378E-01   -0.27257E-01    0.15277E+00    0.14687E-01   -0.37869E+00   -0.14089E+00   -0.78638E-01   -0.59612E-01    0.32385E-01    0.26788E+00    0.96387E-01   -0.20149E+00   -0.83710E-01    0.18347E+00
   -0.39701E-03    0.20386E-02   -0.33441E-03   -0.48692E-01   -0.15867E-01   -0.96289E-01   -0.85699E-03    0.11187E+03   -0.83394E+01   -0.69793E+02    0.17498E+02    0.33677E+02   -0.23138E+01    0.63028E-01    0.40674E+00    0.52115E+00   -0.84179E-04    0.16393E-02   -0.20296E+00   -0.91646E+00   -0.58646E+00   -0.50678E+00    0.36405E-01    0.12315E-01   -0.56642E-01   -0.40307E+00   -0.27943E+00    0.24964E-01    0.23488E+00   -0.20754E+00    0.44292E+00   -0.50920E+00    0.11333E+00   -0.35409E+00   -0.15289E+00    0.12495E-01   -0.17109E+00   -0.27230E+00   -0.58087E-01    0.27178E+00
    0.35517E-04   -0.27936E-03    0.27292E-04    0.72085E-03    0.30705E-03   -0.33739E-03    0.15772E-02   -0.73991E+02   -0.87481E+01    0.41664E+01   -0.23217E+01   -0.23138E+01    0.77084E+01    0.53095E-01    0.25705E+00   -0.13460E+00    0.19844E-04   -0.13988E-03   -0.28730E-01   -0.13586E-01    0.16992E+00    0.77894E-01   -0.18974E-01   -0.17286E-01    0.38640E-01   -0.48553E-01    0.65352E-01   -0.33195E-01   -0.57404E-01   -0.22184E-01   -0.80104E-03   -0.33104E-02   -0.21436E-01   -0.23967E-01    0.32053E-01   -0.34365E-01   -0.17023E-01    0.52565E-01    0.27036E-01   -0.45595E-01
    0.61920E-06   -0.23641E-05   -0.22941E-06    0.20864E-03    0.72046E-04    0.44506E-03    0.17281E-04   -0.11338E+01   -0.25437E+00   -0.37770E-01    0.12305E-01    0.63028E-01    0.53095E-01    0.79188E-02   -0.65821E-02    0.76893E-02    0.87324E-06   -0.25000E-04    0.38628E-02   -0.21021E-01    0.81336E-02    0.42169E-02    0.41209E-03   -0.60119E-03   -0.71408E-03    0.75871E-02   -0.77069E-03    0.19619E-03   -0.27970E-02   -0.96486E-03   -0.11218E-01   -0.22827E-02   -0.20828E-02   -0.33455E-02   -0.47585E-03   -0.13366E-02   -0.29754E-03   -0.46982E-02   -0.61346E-02   -0.21098E-02
   -0.92554E-05    0.46345E-04   -0.68611E-05   -0.14704E-02   -0.45685E-03   -0.30099E-02    0.12976E-03    0.48421E+00   -0.96602E-01   -0.93689E+00    0.22315E+00    0.40674E+00    0.25705E+00   -0.65821E-02    0.47177E-01   -0.12486E-01   -0.14023E-05    0.85608E-04    0.17268E-02   -0.18170E-01   -0.16294E-01   -0.10526E-01   -0.28784E-02    0.49896E-02    0.23927E-02   -0.29258E-01   -0.92675E-03    0.59792E-02    0.26490E-02   -0.22954E-02    0.35481E-01   -0.28404E-03    0.38541E-02    0.37675E-02    0.17901E-02   -0.37467E-03    0.20273E-02    0.64571E-02    0.59207E-02    0.73052E-03
   -0.29056E-05    0.17342E-04   -0.37965E-05   -0.12401E-03   -0.48136E-04   -0.17327E-03   -0.38709E-04    0.13271E+01   -0.15069E+00   -0.10187E+01    0.21982E+00    0.52115E+00   -0.13460E+00    0.76893E-02   -0.12486E-01    0.21750E-01   -0.24939E-06   -0.18647E-04   -0.22647E-02   -0.14394E-01    0.54245E-02   -0.82098E-02   -0.32752E-03   -0.26413E-02   -0.34131E-02    0.64097E-02   -0.25030E-03   -0.49336E-02    0.91928E-02   -0.90968E-02   -0.16138E-01   -0.20349E-01   -0.36192E-03   -0.15454E-01   -0.94793E-02   -0.51066E-02   -0.50417E-02   -0.56347E-02    0.70971E-04    0.12547E-01
   -0.31059E-09    0.41214E-09   -0.71628E-09    0.99918E-08   -0.30889E-07    0.11172E-06   -0.12499E-06    0.66468E-03    0.10606E-03    0.18988E-03   -0.98533E-04   -0.84179E-04    0.19844E-04    0.87324E-06   -0.14023E-05   -0.24939E-06    0.15616E-06    0.97090E-08    0.12124E-05    0.63186E-05   -0.18376E-04   -0.99400E-05   -0.19512E-05   -0.13770E-05   -0.69312E-05    0.15659E-04    0.62548E-05   -0.23047E-06    0.44166E-05    0.19265E-05    0.20452E-05    0.33484E-05   -0.45142E-05    0.35537E-05    0.33619E-05    0.12395E-04    0.53642E-05    0.42221E-05    0.27378E-05    0.56097E-05
   -0.23409E-07    0.12862E-06   -0.23054E-07   -0.31625E-05   -0.38886E-06   -0.56977E-05    0.93006E-07   -0.12216E-03    0.34293E-02   -0.38884E-02   -0.11096E-02    0.16393E-02   -0.13988E-03   -0.25000E-04    0.85608E-04   -0.18647E-04    0.97090E-08    0.16386E-05   -0.44489E-05   -0.67894E-04    0.11226E-03    0.38641E-04   -0.13831E-04   -0.80411E-05    0.11946E-05    0.21628E-03    0.13829E-04    0.55565E-05    0.31872E-04    0.19107E-04   -0.19319E-03   -0.70536E-05   -0.47939E-04    0.21488E-04   -0.21286E-04    0.29252E-04    0.39485E-04   -0.19780E-04   -0.34691E-04    0.37598E-04
    0.29324E-05   -0.13037E-04    0.30543E-05    0.37723E-03    0.13542E-03    0.77038E-03    0.18315E-03   -0.52188E+00    0.12333E+01    0.38392E+00    0.75293E-02   -0.20296E+00   -0.28730E-01    0.38628E-02    0.17268E-02   -0.22647E-02    0.12124E-05   -0.44489E-05    0.82431E-01   -0.44051E-02    0.29779E-02    0.41478E-02   -0.48793E-02    0.18984E-02   -0.14682E-02    0.13216E-02    0.32732E-02    0.82360E-03    0.12733E-02   -0.44985E-02   -0.16802E-02   -0.14098E-02   -0.36440E-02   -0.12098E-02   -0.27028E-02   -0.16234E-02    0.48226E-02    0.36738E-03    0.15619E-02   -0.20918E-02
   -0.98811E-04    0.37322E-03   -0.61159E-04   -0.16101E-01   -0.50675E-02   -0.32883E-01   -0.99912E-03   -0.11866E+02   -0.12398E+02   -0.10254E+02   -0.28240E+00   -0.91646E+00   -0.13586E-01   -0.21021E-01   -0.18170E-01   -0.14394E-01    0.63186E-05   -0.67894E-04   -0.44051E-02    0.80692E+01   -0.18882E-01    0.19597E-01    0.10286E-01   -0.10045E-01    0.21307E-01    0.31921E-02    0.30238E-01   -0.53232E-01    0.28277E-02    0.15134E-01   -0.30527E-01    0.26874E-02   -0.38690E-01   -0.26283E-01    0.45682E-01   -0.10411E-01   -0.23812E-01   -0.79985E-02    0.55681E-01   -0.15828E-01
   -0.23609E-04    0.23529E-03   -0.31962E-04   -0.19829E-02   -0.41317E-03   -0.26691E-02   -0.11947E-03    0.10497E+02    0.14643E+01    0.15530E+01   -0.10363E+01   -0.58646E+00    0.16992E+00    0.81336E-02   -0.16294E-01    0.54245E-02   -0.18376E-04    0.11226E-03    0.29779E-02   -0.18882E-01    0.71754E+00   -0.11890E+00   -0.68331E-02    0.63206E-02    0.86256E-02    0.18117E+00   -0.41007E-01   -0.40466E-01   -0.62086E-02   -0.72918E-01    0.24259E-01    0.32847E-01   -0.33232E-01   -0.56111E-01   -0.13192E+00    0.15604E+00    0.39653E-01   -0.95563E-02    0.34202E-01    0.72318E-01
   -0.30572E-05   -0.58098E-04    0.87332E-05    0.71265E-03    0.19933E-03    0.15025E-02   -0.59237E-03   -0.10135E+02    0.52537E+00    0.88792E+00   -0.55779E+00   -0.50678E+00    0.77894E-01    0.42169E-02   -0.10526E-01   -0.82098E-02   -0.99400E-05    0.38641E-04    0.41478E-02    0.19597E-01   -0.11890E+00    0.93642E+00   -0.62125E-02    0.11644E-01    0.14803E-01   -0.15348E+00    0.19201E+00    0.62038E-01   -0.26025E-01    0.45165E-01   -0.13267E+00    0.61496E-02    0.30681E-01    0.21120E-01    0.17070E+00   -0.23449E+00    0.36094E-01    0.10995E+00   -0.67881E-03   -0.22768E+00
    0.42812E-05   -0.62157E-04    0.69046E-05    0.36942E-03    0.52108E-04    0.60426E-03   -0.17782E-03    0.10882E-01    0.83270E-01   -0.10509E+00   -0.38750E-01    0.36405E-01   -0.18974E-01    0.41209E-03   -0.28784E-02   -0.32752E-03   -0.19512E-05   -0.13831E-04   -0.48793E-02    0.10286E-01   -0.68331E-02   -0.62125E-02    0.10027E+01    0.97194E-02   -0.34924E-02   -0.43396E-01   -0.38346E-01    0.15996E+00   -0.21348E-01    0.89598E-01   -0.26103E-02    0.38638E-01   -0.14998E-01   -0.76862E-02    0.11150E+00   -0.45476E-01    0.14070E-01    0.88770E-02   -0.18721E+00    0.91331E-01
   -0.13398E-05    0.10606E-04   -0.29836E-05   -0.20200E-03   -0.55747E-04   -0.34531E-03    0.18087E-03    0.38755E+00    0.14465E+00   -0.18283E-01   -0.48661E-01    0.12315E-01   -0.17286E-01   -0.60119E-03    0.49896E-02   -0.26413E-02   -0.13770E-05   -0.80411E-05    0.18984E-02   -0.10045E-01    0.63206E-02    0.11644E-01    0.97194E-02    0.98265E+00   -0.23985E-02    0.38361E-01   -0.78363E-01    0.77309E-01   -0.84634E-01    0.58014E-01    0.67561E-01    0.11046E+00    0.51362E-01    0.14554E+00   -0.10450E+00    0.73207E-01    0.34327E-01    0.68311E-02   -0.12147E+00    0.52672E-01
   -0.29824E-05    0.16483E-04   -0.61957E-05   -0.96742E-04   -0.33924E-04   -0.15150E-03   -0.78001E-04   -0.88329E+00   -0.14739E+00    0.71955E-01   -0.12673E-01   -0.56642E-01    0.38640E-01   -0.71408E-03    0.23927E-02   -0.34131E-02   -0.69312E-05    0.11946E-05   -0.14682E-02    0.21307E-01    0.86256E-02    0.14803E-01   -0.34924E-02   -0.23985E-02    0.10165E+01    0.26664E-01    0.53011E-01   -0.38932E-01    0.60956E-01    0.80826E-01    0.70260E-01   -0.74067E-01   -0.87635E-01    0.60604E-01    0.50059E-01    0.88865E-01   -0.71782E-01    0.95943E-01   -0.19632E-01    0.53349E-02
    0.44579E-05   -0.32483E-05   -0.24979E-06    0.78046E-03    0.39234E-03    0.19038E-02    0.44933E-04   -0.79034E+00   -0.16779E+01    0.10437E+01    0.69293E+00   -0.40307E+00   -0.48553E-01    0.75871E-02   -0.29258E-01    0.64097E-02    0.15659E-04    0.21628E-03    0.13216E-02    0.31921E-02    0.18117E+00   -0.15348E+00   -0.43396E-01    0.38361E-01    0.26664E-01    0.86598E+00   -0.17304E-01   -0.90753E-02   -0.11696E-01   -0.10308E-01    0.17197E-01    0.12748E+00   -0.11108E+00    0.28343E-01   -0.62304E-01    0.65175E+00    0.24163E+00   -0.57750E-01   -0.50102E-01    0.88955E-01
   -0.57549E-06    0.31791E-05    0.22525E-07    0.16046E-03    0.16749E-03    0.45153E-03   -0.62086E-03   -0.54261E+01   -0.31823E+00    0.57032E+00   -0.39378E-01   -0.27943E+00    0.65352E-01   -0.77069E-03   -0.92675E-03   -0.25030E-03    0.62548E-05    0.13829E-04    0.32732E-02    0.30238E-01   -0.41007E-01    0.19201E+00   -0.38346E-01   -0.78363E-01    0.53011E-01   -0.17304E-01    0.10064E+01    0.19664E-01   -0.17428E-01    0.17326E-01    0.51402E-01   -0.60362E-02   -0.55206E-01   -0.14655E-01    0.17596E+00   -0.82162E-01    0.25364E+00    0.79881E+00    0.27943E+00   -0.19831E+00
    0.72388E-05   -0.37114E-04    0.30573E-05    0.72380E-03    0.12435E-03    0.13620E-02   -0.81758E-04   -0.46018E+00    0.52167E-01   -0.17355E+00   -0.27257E-01    0.24964E-01   -0.33195E-01    0.19619E-03    0.59792E-02   -0.49336E-02   -0.23047E-06    0.55565E-05    0.82360E-03   -0.53232E-01   -0.40466E-01    0.62038E-01    0.15996E+00    0.77309E-01   -0.38932E-01   -0.90753E-02    0.19664E-01    0.96085E+00   -0.30921E-02   -0.27757E-03    0.83886E-01   -0.45407E-01    0.12989E+00    0.15807E+00   -0.13646E+00   -0.18931E+00    0.61341E+00    0.15073E+00   -0.59194E+00    0.17190E+00
   -0.23866E-05   -0.13719E-04   -0.21840E-05    0.86249E-04    0.10029E-04    0.96166E-04   -0.83889E-03    0.87714E+00   -0.11174E+00   -0.29395E+00    0.15277E+00    0.23488E+00   -0.57404E-01   -0.27970E-02    0.26490E-02    0.91928E-02    0.44166E-05    0.31872E-04    0.12733E-02    0.28277E-02   -0.62086E-02   -0.26025E-01   -0.21348E-01   -0.84634E-01    0.60956E-01   -0.11696E-01   -0.17428E-01   -0.30921E-02    0.98128E+00    0.55345E-02   -0.10137E-01   -0.95828E-01   -0.14714E+00   -0.23756E-01   -0.10883E+00   -0.63949E-01    0.67762E-01   -0.52369E-01    0.29572E+00    0.66494E+00
    0.35223E-05   -0.43946E-04    0.65221E-06    0.41802E-03    0.12382E-03    0.67546E-03    0.22101E-03   -0.17256E+01   -0.25749E+00    0.29067E+00    0.14687E-01   -0.20754E+00   -0.22184E-01   -0.96486E-03   -0.22954E-02   -0.90968E-02    0.19265E-05    0.19107E-04   -0.44985E-02    0.15134E-01   -0.72918E-01    0.45165E-01    0.89598E-01    0.58014E-01    0.80826E-01   -0.10308E-01    0.17326E-01   -0.27757E-03    0.55345E-02    0.99996E+00   -0.65853E-01    0.83062E-01    0.40769E-01    0.17354E+00    0.17065E-01    0.11421E+00   -0.56136E+00    0.40937E+00   -0.34982E+00    0.22036E+00
   -0.35150E-05    0.17687E-04   -0.40585E-05   -0.41189E-03   -0.10370E-03   -0.80724E-03    0.37192E-03    0.83436E+00    0.11841E+01   -0.12341E+01   -0.37869E+00    0.44292E+00   -0.80104E-03   -0.11218E-01    0.35481E-01   -0.16138E-01    0.20452E-05   -0.19319E-03   -0.16802E-02   -0.30527E-01    0.24259E-01   -0.13267E+00   -0.26103E-02    0.67561E-01    0.70260E-01    0.17197E-01    0.51402E-01    0.83886E-01   -0.10137E-01   -0.65853E-01    0.92143E+00    0.21644E-02   -0.14842E-01   -0.78675E-02   -0.15933E-03    0.59294E+00    0.17839E+00    0.12702E+00    0.61011E-01   -0.71372E-01
   -0.30846E-05    0.22107E-04   -0.52475E-05   -0.57215E-03   -0.10435E-03   -0.10121E-02    0.67764E-04    0.24359E+00    0.26476E+00    0.82631E+00   -0.14089E+00   -0.50920E+00   -0.33104E-02   -0.22827E-02   -0.28404E-03   -0.20349E-01    0.33484E-05   -0.70536E-05   -0.14098E-02    0.26874E-02    0.32847E-01    0.61496E-02    0.38638E-01    0.11046E+00   -0.74067E-01    0.12748E+00   -0.60362E-02   -0.45407E-01   -0.95828E-01    0.83062E-01    0.21644E-02    0.98281E+00   -0.26688E-02   -0.80464E-02   -0.17640E-01    0.10216E+00    0.16215E+00   -0.57262E-02    0.14010E+00    0.15093E+00
    0.27788E-05    0.45742E-05   -0.10015E-05    0.11771E-04   -0.11740E-03   -0.71067E-06   -0.85012E-04    0.43120E+00    0.30190E+00   -0.29411E+00   -0.78638E-01    0.11333E+00   -0.21436E-01   -0.20828E-02    0.38541E-02   -0.36192E-03   -0.45142E-05   -0.47939E-04   -0.36440E-02   -0.38690E-01   -0.33232E-01    0.30681E-01   -0.14998E-01    0.51362E-01   -0.87635E-01   -0.11108E+00   -0.55206E-01    0.12989E+00   -0.14714E+00    0.40769E-01   -0.14842E-01   -0.26688E-02    0.99575E+00    0.19259E-02   -0.57396E-03   -0.12640E+00    0.27886E-01    0.16502E+00    0.27340E-01   -0.66368E-01
    0.83717E-05   -0.64960E-04    0.55694E-05    0.69468E-03    0.26100E-03    0.12015E-02   -0.22145E-03   -0.10734E+01   -0.74477E-01    0.49579E+00   -0.59612E-01   -0.35409E+00   -0.23967E-01   -0.33455E-02    0.37675E-02   -0.15454E-01    0.35537E-05    0.21488E-04   -0.12098E-02   -0.26283E-01   -0.56111E-01    0.21120E-01   -0.76862E-02    0.14554E+00    0.60604E-01    0.28343E-01   -0.14655E-01    0.15807E+00   -0.23756E-01    0.17354E+00   -0.78675E-02   -0.80464E-02    0.19259E-02    0.10157E+01   -0.15239E-01    0.91829E-03    0.26188E-01    0.13572E+00   -0.28263E+00    0.12741E+00
    0.16672E-05   -0.52839E-04    0.52264E-05    0.31956E-03    0.70884E-04    0.42468E-03   -0.63328E-03   -0.39420E+01   -0.39215E+00    0.12474E+00    0.32385E-01   -0.15289E+00    0.32053E-01   -0.47585E-03    0.17901E-02   -0.94793E-02    0.33619E-05   -0.21286E-04   -0.27028E-02    0.45682E-01   -0.13192E+00    0.17070E+00    0.11150E+00   -0.10450E+00    0.50059E-01   -0.62304E-01    0.17596E+00   -0.13646E+00   -0.10883E+00    0.17065E-01   -0.15933E-03   -0.17640E-01   -0.57396E-03   -0.15239E-01    0.10055E+01   -0.36730E-01   -0.53472E-01    0.53507E-01    0.17352E+00   -0.12199E+00
    0.99764E-07    0.95359E-05   -0.33019E-05    0.17493E-03    0.20422E-03    0.59835E-03    0.50411E-03    0.40010E+00   -0.46312E+00   -0.67193E-01    0.26788E+00    0.12495E-01   -0.34365E-01   -0.13366E-02   -0.37467E-03   -0.51066E-02    0.12395E-04    0.29252E-04   -0.16234E-02   -0.10411E-01    0.15604E+00   -0.23449E+00   -0.45476E-01    0.73207E-01    0.88865E-01    0.65175E+00   -0.82162E-01   -0.18931E+00   -0.63949E-01    0.11421E+00    0.59294E+00    0.10216E+00   -0.12640E+00    0.91829E-03   -0.36730E-01    0.96492E+00   -0.87029E-02    0.65928E-02    0.58378E-02    0.20608E-02
    0.25564E-05    0.58517E-05    0.10768E-05    0.40131E-03    0.11605E-03    0.96113E-03   -0.44447E-03   -0.11593E+01   -0.21851E+00    0.30293E+00    0.96387E-01   -0.17109E+00   -0.17023E-01   -0.29754E-03    0.20273E-02   -0.50417E-02    0.53642E-05    0.39485E-04    0.48226E-02   -0.23812E-01    0.39653E-01    0.36094E-01    0.14070E-01    0.34327E-01   -0.71782E-01    0.24163E+00    0.25364E+00    0.61341E+00    0.67762E-01   -0.56136E+00    0.17839E+00    0.16215E+00    0.27886E-01    0.26188E-01   -0.53472E-01   -0.87029E-02    0.98094E+00   -0.21738E-02    0.22482E-01   -0.11128E-01
    0.13198E-05    0.83484E-05   -0.40732E-05    0.18824E-03    0.13415E-03    0.51105E-03   -0.12887E-03   -0.33783E+01    0.39380E-01    0.51246E+00   -0.20149E+00   -0.27230E+00    0.52565E-01   -0.46982E-02    0.64571E-02   -0.56347E-02    0.42221E-05   -0.19780E-04    0.36738E-03   -0.79985E-02   -0.95563E-02    0.10995E+00    0.88770E-02    0.68311E-02    0.95943E-01   -0.57750E-01    0.79881E+00    0.15073E+00   -0.52369E-01    0.40937E+00    0.12702E+00   -0.57262E-02    0.16502E+00    0.13572E+00    0.53507E-01    0.65928E-02   -0.21738E-02    0.10300E+01   -0.18704E-01   -0.94378E-03
   -0.90529E-05    0.64890E-04   -0.54946E-05   -0.91984E-03   -0.22013E-03   -0.16744E-02   -0.56907E-03   -0.37848E-01    0.22093E+00    0.21081E+00   -0.83710E-01   -0.58087E-01    0.27036E-01   -0.61346E-02    0.59207E-02    0.70971E-04    0.27378E-05   -0.34691E-04    0.15619E-02    0.55681E-01    0.34202E-01   -0.67881E-03   -0.18721E+00   -0.12147E+00   -0.19632E-01   -0.50102E-01    0.27943E+00   -0.59194E+00    0.29572E+00   -0.34982E+00    0.61011E-01    0.14010E+00    0.27340E-01   -0.28263E+00    0.17352E+00    0.58378E-02    0.22482E-01   -0.18704E-01    0.96957E+00   -0.62593E-02
   -0.32195E-06    0.29389E-04   -0.11741E-04   -0.24325E-03   -0.91894E-04   -0.41514E-03   -0.36652E-03    0.34564E+01   -0.86361E-01   -0.34022E+00    0.18347E+00    0.27178E+00   -0.45595E-01   -0.21098E-02    0.73052E-03    0.12547E-01    0.56097E-05    0.37598E-04   -0.20918E-02   -0.15828E-01    0.72318E-01   -0.22768E+00    0.91331E-01    0.52672E-01    0.53349E-02    0.88955E-01   -0.19831E+00    0.17190E+00    0.66494E+00    0.22036E+00   -0.71372E-01    0.15093E+00   -0.66368E-01    0.12741E+00   -0.12199E+00    0.20608E-02   -0.11128E-01   -0.94378E-03   -0.62593E-02    0.97152E+00
