# omegabh2 omegach2 theta tau logA ns r aps100 aps143 aps217 acib143 acib217 asz143 psr cibr ncib xi aksz cal0 cal2 calTE calEE bm_1_1
    0.2381774E-07   -0.6096316E-07    0.5608657E-08    0.6904075E-07    0.1267532E-06    0.1199719E-06   -0.3786023E-06   -0.1135156E-02   -0.5160281E-04    0.1335941E-03    0.2255791E-05   -0.5496265E-04    0.5555586E-04    0.6167763E-06    0.9155434E-06    0.4675697E-06    0.3113627E-06   -0.9881904E-04    0.2556511E-09   -0.2338048E-07   -0.9625117E-07   -0.2012996E-06    0.5017371E-06
   -0.6096316E-07    0.9345295E-06   -0.3666567E-07   -0.3018551E-05   -0.3833175E-05   -0.1728731E-05   -0.7607358E-07    0.9042800E-02    0.1036866E-03   -0.2753326E-03    0.2586097E-03    0.2982058E-03   -0.1070919E-03    0.1164089E-05    0.2183032E-05   -0.6592470E-06    0.4543942E-05   -0.3786434E-04   -0.5934718E-07    0.3406005E-07    0.5651357E-06   -0.1932066E-06    0.7831147E-04
    0.5608657E-08   -0.3666567E-07    0.8383954E-07    0.8306750E-06    0.1709930E-05    0.2593307E-06   -0.5984800E-06    0.1409145E-02    0.1817616E-04    0.7988685E-03   -0.6011277E-04   -0.4141325E-03   -0.3042529E-04   -0.2795812E-05   -0.3004248E-05   -0.6282566E-05   -0.5046082E-05   -0.6094857E-04   -0.2436451E-07    0.7410192E-07   -0.6419979E-07    0.1351004E-06    0.1508843E-04
    0.6904075E-07   -0.3018551E-05    0.8306750E-06    0.1043933E-03    0.1980368E-03    0.1529077E-04   -0.2788588E-04    0.5438222E-01   -0.3676308E-02    0.1304672E-01   -0.2504877E-03   -0.8142311E-02   -0.1870385E-02   -0.8801117E-04   -0.3175100E-03   -0.1425399E-03   -0.8448661E-04   -0.1307906E-02   -0.6336411E-07    0.1144723E-05   -0.1381667E-05    0.2163956E-05    0.1323940E-04
    0.1267532E-06   -0.3833175E-05    0.1709930E-05    0.1980368E-03    0.3862362E-03    0.2541410E-04   -0.5610151E-04    0.1259521E+00   -0.4470213E-02    0.3198771E-01   -0.7867562E-03   -0.1717332E-01   -0.4010414E-02   -0.1729646E-03   -0.6820634E-03   -0.2561627E-03   -0.1368080E-03   -0.4593683E-02   -0.4285691E-07    0.3523255E-05    0.1434864E-05    0.6879694E-05    0.6891055E-03
    0.1199719E-06   -0.1728731E-05    0.2593307E-06    0.1529077E-04    0.2541410E-04    0.1576745E-04    0.1928660E-05   -0.2517883E-01    0.3677801E-02    0.7675442E-02   -0.2748354E-02   -0.4179974E-02   -0.6749710E-03    0.5822170E-04   -0.8537104E-04   -0.2950290E-05    0.1485036E-03   -0.2999312E-02   -0.4539452E-06    0.2816860E-06   -0.1661015E-05    0.2331243E-06    0.7424892E-04
   -0.3786023E-06   -0.7607358E-07   -0.5984800E-06   -0.2788588E-04   -0.5610151E-04    0.1928660E-05    0.1142307E-02   -0.1612299E+00    0.6690511E-04   -0.9008340E-02    0.7627978E-02    0.1165527E-01   -0.5268693E-03    0.5218039E-04   -0.3163850E-03    0.2366837E-03    0.3025349E-03   -0.4170635E-02    0.1215795E-05   -0.1827012E-05    0.1030169E-05    0.5105768E-05   -0.1925025E-02
   -0.1135156E-02    0.9042800E-02    0.1409145E-02    0.5438222E-01    0.1259521E+00   -0.2517883E-01   -0.1612299E+00    0.2608084E+04    0.8558165E+01   -0.6681220E+02    0.4994344E+02    0.3555348E+02   -0.5785382E+02   -0.7949241E+00   -0.1934952E+01    0.1192547E+00   -0.4058535E+00    0.2332912E+01   -0.1625633E-02    0.7230034E-02    0.7977836E-02    0.1930941E-02    0.1350594E+02
   -0.5160281E-04    0.1036866E-03    0.1817616E-04   -0.3676308E-02   -0.4470213E-02    0.3677801E-02    0.6690511E-04    0.8558165E+01    0.9787384E+02    0.8135272E+01   -0.1484731E+02    0.7633643E+01   -0.4105574E+01   -0.1544581E+00    0.3124917E+00    0.1417530E+00    0.9628351E+00   -0.1158707E+02    0.1280624E-03    0.1770505E-02   -0.5278644E-03    0.4438292E-02   -0.7075085E-01
    0.1335941E-03   -0.2753326E-03    0.7988685E-03    0.1304672E-01    0.3198771E-01    0.7675442E-02   -0.9008340E-02   -0.6681220E+02    0.8135272E+01    0.2245788E+03   -0.1773736E+02   -0.1002787E+03    0.2690851E+01   -0.1220886E+00   -0.9655401E+00   -0.1363833E+01    0.3909376E-01   -0.9169494E+01   -0.1101177E-02   -0.1590375E-02    0.3202509E-02    0.4817498E-02    0.5318171E+00
    0.2255791E-05    0.2586097E-03   -0.6011277E-04   -0.2504877E-03   -0.7867562E-03   -0.2748354E-02    0.7627978E-02    0.4994344E+02   -0.1484731E+02   -0.1773736E+02    0.1653940E+02    0.1153639E+02   -0.1855608E+01    0.3704460E-01   -0.9954181E-01    0.1682659E+00    0.9645979E-01   -0.1491460E+01   -0.2881982E-03   -0.1032067E-02    0.5167892E-03   -0.2658676E-03   -0.2032174E+00
   -0.5496265E-04    0.2982058E-03   -0.4141325E-03   -0.8142311E-02   -0.1717332E-01   -0.4179974E-02    0.1165527E-01    0.3555348E+02    0.7633643E+01   -0.1002787E+03    0.1153639E+02    0.5560237E+02   -0.1118648E+00    0.1302672E+00    0.4119393E+00    0.8653929E+00   -0.5579701E-01   -0.2278494E+01    0.4868820E-03    0.4434593E-03    0.2581260E-03   -0.9546094E-03   -0.1859795E+00
    0.5555586E-04   -0.1070919E-03   -0.3042529E-04   -0.1870385E-02   -0.4010414E-02   -0.6749710E-03   -0.5268693E-03   -0.5785382E+02   -0.4105574E+01    0.2690851E+01   -0.1855608E+01   -0.1118648E+00    0.6275569E+01    0.9582339E-01    0.2062482E+00    0.1818007E-01   -0.2128786E-01   -0.8948527E+00    0.1796440E-03   -0.5748018E-03   -0.8524941E-03   -0.7035431E-03    0.1189303E+00
    0.6167763E-06    0.1164089E-05   -0.2795812E-05   -0.8801117E-04   -0.1729646E-03    0.5822170E-04    0.5218039E-04   -0.7949241E+00   -0.1544581E+00   -0.1220886E+00    0.3704460E-01    0.1302672E+00    0.9582339E-01    0.1180345E-01   -0.5800587E-02    0.6242407E-02    0.6162909E-02   -0.3925098E-01   -0.7655572E-05   -0.4238878E-04    0.9680716E-05   -0.5219329E-05    0.6926263E-02
    0.9155434E-06    0.2183032E-05   -0.3004248E-05   -0.3175100E-03   -0.6820634E-03   -0.8537104E-04   -0.3163850E-03   -0.1934952E+01    0.3124917E+00   -0.9655401E+00   -0.9954181E-01    0.4119393E+00    0.2062482E+00   -0.5800587E-02    0.5031430E-01   -0.4335256E-02    0.9354295E-02   -0.3448258E-01    0.1514586E-04    0.6832579E-04   -0.1295087E-03   -0.7047374E-04   -0.7285997E-02
    0.4675697E-06   -0.6592470E-06   -0.6282566E-05   -0.1425399E-03   -0.2561627E-03   -0.2950290E-05    0.2366837E-03    0.1192547E+00    0.1417530E+00   -0.1363833E+01    0.1682659E+00    0.8653929E+00    0.1818007E-01    0.6242407E-02   -0.4335256E-02    0.2386418E-01    0.1508606E-02   -0.4292056E-01    0.8060552E-05   -0.7709907E-04    0.8639867E-05    0.3661148E-04    0.8506790E-02
    0.3113627E-06    0.4543942E-05   -0.5046082E-05   -0.8448661E-04   -0.1368080E-03    0.1485036E-03    0.3025349E-03   -0.4058535E+00    0.9628351E+00    0.3909376E-01    0.9645979E-01   -0.5579701E-01   -0.2128786E-01    0.6162909E-02    0.9354295E-02    0.1508606E-02    0.7470393E-01    0.3899950E-03    0.5625536E-05   -0.3452270E-04   -0.5247579E-04    0.9900768E-04    0.3782386E-02
   -0.9881904E-04   -0.3786434E-04   -0.6094857E-04   -0.1307906E-02   -0.4593683E-02   -0.2999312E-02   -0.4170635E-02    0.2332912E+01   -0.1158707E+02   -0.9169494E+01   -0.1491460E+01   -0.2278494E+01   -0.8948527E+00   -0.3925098E-01   -0.3448258E-01   -0.4292056E-01    0.3899950E-03    0.8125877E+01    0.1861545E-03    0.6598449E-04   -0.3500329E-03   -0.3935213E-03    0.1524292E-01
    0.2556511E-09   -0.5934718E-07   -0.2436451E-07   -0.6336411E-07   -0.4285691E-07   -0.4539452E-06    0.1215795E-05   -0.1625633E-02    0.1280624E-03   -0.1101177E-02   -0.2881982E-03    0.4868820E-03    0.1796440E-03   -0.7655572E-05    0.1514586E-04    0.8060552E-05    0.5625536E-05    0.1861545E-03    0.1016816E-05   -0.1049365E-06    0.2053046E-06   -0.1484607E-08   -0.1583135E-03
   -0.2338048E-07    0.3406005E-07    0.7410192E-07    0.1144723E-05    0.3523255E-05    0.2816860E-06   -0.1827012E-05    0.7230034E-02    0.1770505E-02   -0.1590375E-02   -0.1032067E-02    0.4434593E-03   -0.5748018E-03   -0.4238878E-04    0.6832579E-04   -0.7709907E-04   -0.3452270E-04    0.6598449E-04   -0.1049365E-06    0.5494091E-05    0.1573270E-05    0.1395567E-05    0.2541623E-03
   -0.9625117E-07    0.5651357E-06   -0.6419979E-07   -0.1381667E-05    0.1434864E-05   -0.1661015E-05    0.1030169E-05    0.7977836E-02   -0.5278644E-03    0.3202509E-02    0.5167892E-03    0.2581260E-03   -0.8524941E-03    0.9680716E-05   -0.1295087E-03    0.8639867E-05   -0.5247579E-04   -0.3500329E-03    0.2053046E-06    0.1573270E-05    0.2315729E-04    0.7188144E-05    0.3776741E-03
   -0.2012996E-06   -0.1932066E-06    0.1351004E-06    0.2163956E-05    0.6879694E-05    0.2331243E-06    0.5105768E-05    0.1930941E-02    0.4438292E-02    0.4817498E-02   -0.2658676E-03   -0.9546094E-03   -0.7035431E-03   -0.5219329E-05   -0.7047374E-04    0.3661148E-04    0.9900768E-04   -0.3935213E-03   -0.1484607E-08    0.1395567E-05    0.7188144E-05    0.1840928E-04    0.4372124E-03
    0.5017371E-06    0.7831147E-04    0.1508843E-04    0.1323940E-04    0.6891055E-03    0.7424892E-04   -0.1925025E-02    0.1350594E+02   -0.7075085E-01    0.5318171E+00   -0.2032174E+00   -0.1859795E+00    0.1189303E+00    0.6926263E-02   -0.7285997E-02    0.8506790E-02    0.3782386E-02    0.1524292E-01   -0.1583135E-03    0.2541623E-03    0.3776741E-03    0.4372124E-03    0.2850454E+00
