# omegabh2 omegach2 theta tau meffsterile nnu logA ns calPlanck acib217 xi asz143 aps100 aps143 aps143217 aps217 aksz kgal100 kgal143 kgal143217 kgal217 cal0 cal2
    0.5856135E-07    0.2765533E-06   -0.7216016E-08    0.2150489E-05    0.2927022E-05    0.2463718E-04    0.4947307E-05    0.1327741E-05    0.2118809E-07   -0.1121685E-03    0.2111535E-06    0.3134117E-04   -0.4120359E-03   -0.2260880E-03   -0.3187126E-04    0.6464065E-04   -0.3894324E-04    0.1375614E-04    0.6816208E-05    0.4800895E-05    0.6118934E-04    0.3734712E-08   -0.3596379E-08
    0.2765533E-06    0.2290772E-04   -0.1452014E-05    0.2129263E-04   -0.7942035E-03    0.8137797E-03    0.7406166E-04    0.3104479E-04   -0.2418928E-06    0.5081769E-02   -0.3679534E-04   -0.1395864E-02    0.1959645E-01    0.1004080E-01    0.1762144E-02   -0.3161427E-02    0.2073217E-02    0.3841066E-03    0.3482129E-03    0.7086573E-03   -0.5254358E-03   -0.1432434E-06    0.6093075E-06
   -0.7216016E-08   -0.1452014E-05    0.2821105E-06   -0.7845293E-06    0.3525936E-04   -0.6487794E-04   -0.3685709E-05   -0.2197402E-05    0.5837273E-07   -0.3313425E-03    0.9272487E-06    0.9803425E-04   -0.1279460E-02   -0.8831733E-03   -0.2750501E-03    0.7845510E-04   -0.1448125E-03   -0.2155046E-04   -0.8675859E-05   -0.5947833E-04    0.3038994E-04    0.1095788E-07   -0.3899749E-07
    0.2150489E-05    0.2129263E-04   -0.7845293E-06    0.4166533E-03   -0.5479374E-03    0.1398652E-02    0.8506379E-03    0.9820310E-04   -0.5976260E-06   -0.1278033E-01    0.1847358E-03    0.2122671E-02   -0.3463926E-01   -0.1089187E-01    0.6300952E-02    0.1659690E-01   -0.4980478E-02    0.7120024E-03   -0.4097634E-03   -0.7950776E-03    0.2051971E-02    0.1989074E-06   -0.1411288E-05
    0.2927022E-05   -0.7942035E-03    0.3525936E-04   -0.5479374E-03    0.5737983E-01   -0.1172181E-01   -0.1675794E-02   -0.6869883E-03    0.6128267E-05   -0.9285523E-01   -0.9626603E-03    0.3992252E-01   -0.4379643E+00   -0.1431133E+00    0.1985903E-01    0.1302997E+00   -0.5184180E-01   -0.5969789E-02   -0.9994691E-02   -0.2196542E-02    0.1822343E-01    0.5883023E-05   -0.1136416E-04
    0.2463718E-04    0.8137797E-03   -0.6487794E-04    0.1398652E-02   -0.1172181E-01    0.4395614E-01    0.4173732E-02    0.1759978E-02   -0.8613329E-05    0.2302006E+00   -0.2815603E-02   -0.5395919E-01    0.8577415E+00    0.4881012E+00    0.1186085E+00   -0.9100478E-01    0.8650578E-01    0.2046823E-01    0.8471550E-02    0.3739845E-01   -0.1705799E-01   -0.3277626E-05    0.2963168E-04
    0.4947307E-05    0.7406166E-04   -0.3685709E-05    0.8506379E-03   -0.1675794E-02    0.4173732E-02    0.1822034E-02    0.2395184E-03    0.1112970E-04   -0.1836103E-01    0.3227897E-03    0.2271638E-02   -0.3659914E-01   -0.2566983E-02    0.1965807E-01    0.3626628E-01   -0.7727526E-02    0.1894261E-02   -0.9591940E-03   -0.7051186E-03    0.5875148E-02    0.4482032E-06   -0.1982207E-05
    0.1327741E-05    0.3104479E-04   -0.2197402E-05    0.9820310E-04   -0.6869883E-03    0.1759978E-02    0.2395184E-03    0.9464666E-04    0.6286703E-07    0.2489581E-02    0.1508833E-04   -0.5520371E-03    0.4370784E-02    0.1077501E-01    0.8042115E-02    0.4149032E-02    0.2652355E-03    0.1308303E-02    0.1679687E-03    0.1068720E-02    0.6086967E-03   -0.2373205E-06    0.5477256E-06
    0.2118809E-07   -0.2418928E-06    0.5837273E-07   -0.5976260E-06    0.6128267E-05   -0.8613329E-05    0.1112970E-04    0.6286703E-07    0.6385366E-05    0.2588687E-03    0.1001914E-04    0.4438598E-04    0.1474512E-02    0.4398514E-03    0.6531799E-03    0.1684588E-02    0.1447970E-04    0.8134714E-04   -0.1376281E-04   -0.3079446E-04    0.9449775E-03   -0.9613581E-08   -0.8147497E-07
   -0.1121685E-03    0.5081769E-02   -0.3313425E-03   -0.1278033E-01   -0.9285523E-01    0.2302006E+00   -0.1836103E-01    0.2489581E-02    0.2588687E-03    0.5133981E+02   -0.4945799E+00   -0.2119763E+01    0.5210273E+02    0.5279450E+01   -0.2052080E+02   -0.6861900E+02    0.1228762E+01   -0.4374915E+00    0.1919464E+00   -0.2353612E+01   -0.2493327E+02   -0.2436386E-03    0.4803963E-02
    0.2111535E-06   -0.3679534E-04    0.9272487E-06    0.1847358E-03   -0.9626603E-03   -0.2815603E-02    0.3227897E-03    0.1508833E-04    0.1001914E-04   -0.4945799E+00    0.8093742E-01   -0.7282681E-01   -0.4293894E+00    0.8423462E+00    0.1624903E+01    0.6952242E+00    0.7252337E-01    0.1488298E-02    0.9864911E-02    0.7439996E-01    0.9794865E-01    0.4021755E-05   -0.2419172E-04
    0.3134117E-04   -0.1395864E-02    0.9803425E-04    0.2122671E-02    0.3992252E-01   -0.5395919E-01    0.2271638E-02   -0.5520371E-03    0.4438598E-04   -0.2119763E+01   -0.7282681E-01    0.3896586E+01   -0.3111674E+02   -0.4530720E+01    0.7774738E+01    0.7370072E+01   -0.3060698E+01   -0.1855130E+00    0.8659164E-01    0.2352985E+01    0.2090103E+01    0.2151535E-03   -0.4578590E-03
   -0.4120359E-03    0.1959645E-01   -0.1279460E-02   -0.3463926E-01   -0.4379643E+00    0.8577415E+00   -0.3659914E-01    0.4370784E-02    0.1474512E-02    0.5210273E+02   -0.4293894E+00   -0.3111674E+02    0.7749292E+03    0.8642966E+02   -0.5280554E+02   -0.7678435E+02    0.1652507E+02   -0.1799575E+01   -0.1213430E+01   -0.1327499E+02   -0.2359360E+02    0.4845942E-02    0.5555084E-02
   -0.2260880E-03    0.1004080E-01   -0.8831733E-03   -0.1089187E-01   -0.1431133E+00    0.4881012E+00   -0.2566983E-02    0.1077501E-01    0.4398514E-03    0.5279450E+01    0.8423462E+00   -0.4530720E+01    0.8642966E+02    0.6541653E+02    0.4128173E+02    0.1479580E+02   -0.3541462E+01   -0.3375752E+00   -0.1042702E+01    0.4130428E+01    0.2949332E+01    0.1506242E-03    0.6449131E-03
   -0.3187126E-04    0.1762144E-02   -0.2750501E-03    0.6300952E-02    0.1985903E-01    0.1186085E+00    0.1965807E-01    0.8042115E-02    0.6531799E-03   -0.2052080E+02    0.1624903E+01    0.7774738E+01   -0.5280554E+02    0.4128173E+02    0.9036831E+02    0.6710831E+02   -0.1275051E+02   -0.4622216E+00   -0.4197090E+00    0.4183507E+01    0.5529713E+01    0.8576691E-03   -0.2695634E-02
    0.6464065E-04   -0.3161427E-02    0.7845510E-04    0.1659690E-01    0.1302997E+00   -0.9100478E-01    0.3626628E-01    0.4149032E-02    0.1684588E-02   -0.6861900E+02    0.6952242E+00    0.7370072E+01   -0.7678435E+02    0.1479580E+02    0.6710831E+02    0.1309759E+03   -0.1191950E+02    0.1061058E+00   -0.5268146E+00    0.3657485E-01    0.2179921E+02    0.8129954E-03   -0.8177829E-02
   -0.3894324E-04    0.2073217E-02   -0.1448125E-03   -0.4980478E-02   -0.5184180E-01    0.8650578E-01   -0.7727526E-02    0.2652355E-03    0.1447970E-04    0.1228762E+01    0.7252337E-01   -0.3060698E+01    0.1652507E+02   -0.3541462E+01   -0.1275051E+02   -0.1191950E+02    0.6964783E+01    0.1723175E+00   -0.2688730E-01   -0.2098102E+01   -0.1844183E+01   -0.1998410E-03    0.3124050E-03
    0.1375614E-04    0.3841066E-03   -0.2155046E-04    0.7120024E-03   -0.5969789E-02    0.2046823E-01    0.1894261E-02    0.1308303E-02    0.8134714E-04   -0.4374915E+00    0.1488298E-02   -0.1855130E+00   -0.1799575E+01   -0.3375752E+00   -0.4622216E+00    0.1061058E+00    0.1723175E+00    0.3287478E+01    0.7227585E+00    0.3403033E+00    0.7787026E+00    0.4059625E-03   -0.3094439E-05
    0.6816208E-05    0.3482129E-03   -0.8675859E-05   -0.4097634E-03   -0.9994691E-02    0.8471550E-02   -0.9591940E-03    0.1679687E-03   -0.1376281E-04    0.1919464E+00    0.9864911E-02    0.8659164E-01   -0.1213430E+01   -0.1042702E+01   -0.4197090E+00   -0.5268146E+00   -0.2688730E-01    0.7227585E+00    0.3133080E+01    0.2456675E+01    0.1392635E+01   -0.4351107E-03   -0.2144377E-03
    0.4800895E-05    0.7086573E-03   -0.5947833E-04   -0.7950776E-03   -0.2196542E-02    0.3739845E-01   -0.7051186E-03    0.1068720E-02   -0.3079446E-04   -0.2353612E+01    0.7439996E-01    0.2352985E+01   -0.1327499E+02    0.4130428E+01    0.4183507E+01    0.3657485E-01   -0.2098102E+01    0.3403033E+00    0.2456675E+01    0.1778568E+02    0.2663958E+02   -0.1145187E-03    0.2443779E-02
    0.6118934E-04   -0.5254358E-03    0.3038994E-04    0.2051971E-02    0.1822343E-01   -0.1705799E-01    0.5875148E-02    0.6086967E-03    0.9449775E-03   -0.2493327E+02    0.9794865E-01    0.2090103E+01   -0.2359360E+02    0.2949332E+01    0.5529713E+01    0.2179921E+02   -0.1844183E+01    0.7787026E+00    0.1392635E+01    0.2663958E+02    0.6067809E+02   -0.5965329E-04    0.4183392E-02
    0.3734712E-08   -0.1432434E-06    0.1095788E-07    0.1989074E-06    0.5883023E-05   -0.3277626E-05    0.4482032E-06   -0.2373205E-06   -0.9613581E-08   -0.2436386E-03    0.4021755E-05    0.2151535E-03    0.4845942E-02    0.1506242E-03    0.8576691E-03    0.8129954E-03   -0.1998410E-03    0.4059625E-03   -0.4351107E-03   -0.1145187E-03   -0.5965329E-04    0.5531631E-06   -0.2089055E-08
   -0.3596379E-08    0.6093075E-06   -0.3899749E-07   -0.1411288E-05   -0.1136416E-04    0.2963168E-04   -0.1982207E-05    0.5477256E-06   -0.8147497E-07    0.4803963E-02   -0.2419172E-04   -0.4578590E-03    0.5555084E-02    0.6449131E-03   -0.2695634E-02   -0.8177829E-02    0.3124050E-03   -0.3094439E-05   -0.2144377E-03    0.2443779E-02    0.4183392E-02   -0.2089055E-08    0.2108946E-05
