# omegabh2 omegach2 theta tau omegak logA ns calPlanck acib217 xi asz143 aps100 aps143 aps143217 aps217 aksz kgal100 kgal143 kgal143217 kgal217 cal0 cal2
    0.6096193E-07   -0.3359002E-06    0.5776182E-07    0.1929392E-05   -0.3738208E-06    0.3225099E-05    0.9712324E-06    0.1982986E-07   -0.2763451E-03    0.5045277E-05    0.6356243E-04   -0.1102110E-02   -0.6525058E-03   -0.1627269E-03    0.5491565E-04   -0.8535754E-04   -0.6170683E-06   -0.9803593E-05   -0.6027085E-04   -0.3220638E-05    0.6825258E-08   -0.2679464E-07
   -0.3359002E-06    0.5238703E-05   -0.5433017E-06   -0.1788136E-04    0.5063184E-05   -0.2361696E-04   -0.1270309E-04   -0.1371010E-06    0.1050759E-02   -0.2699240E-04   -0.3523381E-03    0.6175130E-02    0.3337624E-02    0.9934418E-03    0.3330501E-03    0.3749702E-03    0.1611755E-04    0.6479146E-04    0.2225481E-03    0.2138123E-03   -0.2264162E-07    0.1341954E-06
    0.5776182E-07   -0.5433017E-06    0.2511737E-06    0.2360644E-05   -0.6791975E-06    0.3716946E-05    0.1660823E-05    0.4246943E-07   -0.1476419E-03    0.1218814E-05    0.6405427E-04   -0.9703248E-03   -0.4505726E-03   -0.1122357E-03    0.5595603E-05   -0.7685853E-04    0.4682271E-05    0.1856810E-05   -0.3565083E-04   -0.1983071E-04    0.1961372E-08   -0.1925406E-07
    0.1929392E-05   -0.1788136E-04    0.2360644E-05    0.3666836E-03   -0.1750120E-04    0.6888700E-03    0.6148193E-04   -0.1383083E-05   -0.2064534E-01    0.4173878E-03    0.4209112E-02   -0.8521265E-01   -0.3121064E-01    0.9560553E-03    0.1476897E-01   -0.7334433E-02   -0.4291703E-03   -0.1136595E-02   -0.2479321E-02    0.2247286E-02    0.1471948E-06   -0.2082219E-05
   -0.3738208E-06    0.5063184E-05   -0.6791975E-06   -0.1750120E-04    0.7182606E-05   -0.2350259E-04   -0.1271336E-04   -0.1071532E-06    0.1345091E-02   -0.3361162E-04   -0.3906407E-03    0.6637488E-02    0.3838922E-02    0.9105707E-03    0.1235915E-03    0.4560189E-03   -0.4975931E-04    0.8379403E-04    0.4573941E-03    0.4800938E-03   -0.6681322E-07    0.1914280E-06
    0.3225099E-05   -0.2361696E-04    0.3716946E-05    0.6888700E-03   -0.2350259E-04    0.1345278E-02    0.9143038E-04    0.8855914E-05   -0.3934323E-01    0.8083494E-03    0.7777788E-02   -0.1510770E+00   -0.5336850E-01    0.7516180E-02    0.3701569E-01   -0.1514342E-01   -0.1161549E-02   -0.2630520E-02   -0.5039236E-02    0.6351672E-02    0.5356435E-06   -0.3989601E-05
    0.9712324E-06   -0.1270309E-04    0.1660823E-05    0.6148193E-04   -0.1271336E-04    0.9143038E-04    0.4296913E-04    0.2327200E-06   -0.7999124E-02    0.2050988E-03    0.2203750E-02   -0.4262866E-01   -0.1422789E-01    0.1703818E-02    0.6247216E-02   -0.3713924E-02    0.2008783E-03   -0.3789395E-03   -0.7992544E-03    0.6346179E-03   -0.1508182E-06   -0.6986537E-06
    0.1982986E-07   -0.1371010E-06    0.4246943E-07   -0.1383083E-05   -0.1071532E-06    0.8855914E-05    0.2327200E-06    0.5863620E-05    0.9811389E-03   -0.1204915E-04    0.4996476E-04    0.3733634E-02    0.3663327E-03    0.1978615E-03    0.9541146E-03   -0.1623016E-03   -0.1353830E-04    0.4716553E-04    0.3117203E-04    0.6141508E-03    0.6647642E-08    0.1525007E-07
   -0.2763451E-03    0.1050759E-02   -0.1476419E-03   -0.2064534E-01    0.1345091E-02   -0.3934323E-01   -0.7999124E-02    0.9811389E-03    0.5152815E+02   -0.5094796E+00   -0.1656139E+01    0.4461002E+02    0.3011516E+01   -0.2081921E+02   -0.6921370E+02    0.4808445E+00   -0.3918819E-01    0.6230879E+00   -0.2438498E+01   -0.2542312E+02   -0.2351718E-03    0.4656007E-02
    0.5045277E-05   -0.2699240E-04    0.1218814E-05    0.4173878E-03   -0.3361162E-04    0.8083494E-03    0.2050988E-03   -0.1204915E-04   -0.5094796E+00    0.8296473E-01   -0.5941566E-01   -0.6180512E+00    0.8993141E+00    0.1778456E+01    0.7651266E+00    0.5000987E-01   -0.1330398E-01   -0.3370701E-02    0.8853533E-01    0.1118876E+00    0.9620275E-05   -0.1678868E-04
    0.6356243E-04   -0.3523381E-03    0.6405427E-04    0.4209112E-02   -0.3906407E-03    0.7777788E-02    0.2203750E-02    0.4996476E-04   -0.1656139E+01   -0.5941566E-01    0.3838510E+01   -0.2994161E+02   -0.4004767E+01    0.8086411E+01    0.6905168E+01   -0.2863110E+01   -0.1311080E+00    0.9569244E-01    0.2275335E+01    0.1699744E+01    0.1981845E-03   -0.4279874E-03
   -0.1102110E-02    0.6175130E-02   -0.9703248E-03   -0.8521265E-01    0.6637488E-02   -0.1510770E+00   -0.4262866E-01    0.3733634E-02    0.4461002E+02   -0.6180512E+00   -0.2994161E+02    0.7326636E+03    0.7219232E+02   -0.6192468E+02   -0.7223768E+02    0.1580678E+02   -0.1030924E+00    0.7923685E+00   -0.1146719E+02   -0.1807535E+02    0.4672688E-02    0.4501484E-02
   -0.6525058E-03    0.3337624E-02   -0.4505726E-03   -0.3121064E-01    0.3838922E-02   -0.5336850E-01   -0.1422789E-01    0.3663327E-03    0.3011516E+01    0.8993141E+00   -0.4004767E+01    0.7219232E+02    0.6167733E+02    0.4135622E+02    0.1605300E+02   -0.4352870E+01   -0.3516388E+00   -0.9741946E+00    0.4192036E+01    0.3672435E+01    0.1634033E-03    0.4505266E-03
   -0.1627269E-03    0.9934418E-03   -0.1122357E-03    0.9560553E-03    0.9105707E-03    0.7516180E-02    0.1703818E-02    0.1978615E-03   -0.2081921E+02    0.1778456E+01    0.8086411E+01   -0.6192468E+02    0.4135622E+02    0.9382819E+02    0.6700304E+02   -0.1281705E+02   -0.7307888E+00   -0.6231549E+00    0.4413262E+01    0.5336774E+01    0.8151050E-03   -0.2612694E-02
    0.5491565E-04    0.3330501E-03    0.5595603E-05    0.1476897E-01    0.1235915E-03    0.3701569E-01    0.6247216E-02    0.9541146E-03   -0.6921370E+02    0.7651266E+00    0.6905168E+01   -0.7223768E+02    0.1605300E+02    0.6700304E+02    0.1307141E+03   -0.1089853E+02   -0.3982837E+00   -0.9848089E+00    0.2963653E+00    0.2269774E+02    0.6713649E-03   -0.8058771E-02
   -0.8535754E-04    0.3749702E-03   -0.7685853E-04   -0.7334433E-02    0.4560189E-03   -0.1514342E-01   -0.3713924E-02   -0.1623016E-03    0.4808445E+00    0.5000987E-01   -0.2863110E+01    0.1580678E+02   -0.4352870E+01   -0.1281705E+02   -0.1089853E+02    0.6426924E+01    0.6810346E-01   -0.5233074E-01   -0.1942869E+01   -0.1320932E+01   -0.1353287E-03    0.2184031E-03
   -0.6170683E-06    0.1611755E-04    0.4682271E-05   -0.4291703E-03   -0.4975931E-04   -0.1161549E-02    0.2008783E-03   -0.1353830E-04   -0.3918819E-01   -0.1330398E-01   -0.1311080E+00   -0.1030924E+00   -0.3516388E+00   -0.7307888E+00   -0.3982837E+00    0.6810346E-01    0.3109919E+01    0.7116792E+00    0.4665977E+00    0.7800461E+00    0.4225234E-03    0.3023771E-04
   -0.9803593E-05    0.6479146E-04    0.1856810E-05   -0.1136595E-02    0.8379403E-04   -0.2630520E-02   -0.3789395E-03    0.4716553E-04    0.6230879E+00   -0.3370701E-02    0.9569244E-01    0.7923685E+00   -0.9741946E+00   -0.6231549E+00   -0.9848089E+00   -0.5233074E-01    0.7116792E+00    0.3092578E+01    0.2394357E+01    0.1233094E+01   -0.3878797E-03   -0.2098186E-03
   -0.6027085E-04    0.2225481E-03   -0.3565083E-04   -0.2479321E-02    0.4573941E-03   -0.5039236E-02   -0.7992544E-03    0.3117203E-04   -0.2438498E+01    0.8853533E-01    0.2275335E+01   -0.1146719E+02    0.4192036E+01    0.4413262E+01    0.2963653E+00   -0.1942869E+01    0.4665977E+00    0.2394357E+01    0.1755805E+02    0.2680885E+02   -0.6460675E-04    0.2576938E-02
   -0.3220638E-05    0.2138123E-03   -0.1983071E-04    0.2247286E-02    0.4800938E-03    0.6351672E-02    0.6346179E-03    0.6141508E-03   -0.2542312E+02    0.1118876E+00    0.1699744E+01   -0.1807535E+02    0.3672435E+01    0.5336774E+01    0.2269774E+02   -0.1320932E+01    0.7800461E+00    0.1233094E+01    0.2680885E+02    0.6205416E+02   -0.2845251E-04    0.4574824E-02
    0.6825258E-08   -0.2264162E-07    0.1961372E-08    0.1471948E-06   -0.6681322E-07    0.5356435E-06   -0.1508182E-06    0.6647642E-08   -0.2351718E-03    0.9620275E-05    0.1981845E-03    0.4672688E-02    0.1634033E-03    0.8151050E-03    0.6713649E-03   -0.1353287E-03    0.4225234E-03   -0.3878797E-03   -0.6460675E-04   -0.2845251E-04    0.5464889E-06   -0.6192612E-08
   -0.2679464E-07    0.1341954E-06   -0.1925406E-07   -0.2082219E-05    0.1914280E-06   -0.3989601E-05   -0.6986537E-06    0.1525007E-07    0.4656007E-02   -0.1678868E-04   -0.4279874E-03    0.4501484E-02    0.4505266E-03   -0.2612694E-02   -0.8058771E-02    0.2184031E-03    0.3023771E-04   -0.2098186E-03    0.2576938E-02    0.4574824E-02   -0.6192612E-08    0.2165933E-05
