# omegabh2 omegach2 theta tau Alens ns logA aps100 aps143 aps217 acib143 acib217 asz143 psr cibr ncib cal0 cal2 xi aksz bm_1_1 bm_1_2 bm_1_3 bm_1_4 bm_1_5 bm_2_1 bm_2_2 bm_2_3 bm_2_4 bm_2_5 bm_3_1 bm_3_2 bm_3_3 bm_3_4 bm_3_5 bm_4_1 bm_4_2 bm_4_3 bm_4_4 bm_4_5 a_ps_act_148 a_ps_act_217 a_ps_spt_95 a_ps_spt_150 a_ps_spt_220 r_ps_spt_95x150 r_ps_spt_95x220 r_ps_150x220 act_dust_s act_dust_e cal_acts_148 cal_acts_217 cal_acte_148 cal_acte_217 cal_spt_95 cal_spt_150 cal_spt_220
    0.10327E-06   -0.61860E-06    0.11788E-06    0.46404E-06    0.19439E-04    0.16889E-05   -0.31970E-06   -0.77048E-03   -0.11244E-02   -0.99263E-03   -0.33724E-05    0.90738E-04    0.27685E-04   -0.16870E-05   -0.21028E-06    0.19732E-05    0.21460E-09   -0.16205E-07   -0.55636E-05   -0.98141E-04   -0.21478E-04   -0.23070E-04   -0.75780E-05   -0.12652E-05    0.72215E-05   -0.64376E-05    0.19916E-05   -0.62759E-05   -0.12322E-05    0.69477E-05    0.44814E-05   -0.14118E-04   -0.29237E-05    0.42139E-05   -0.54456E-05    0.19978E-05   -0.13041E-04    0.22491E-05   -0.42231E-05    0.18769E-05    0.23655E-04    0.11357E-03    0.35555E-04    0.42488E-04    0.13101E-03   -0.45915E-06   -0.76470E-06   -0.13315E-06   -0.17010E-05   -0.41096E-06    0.53266E-06    0.70742E-06    0.59511E-06    0.61195E-06    0.11091E-05    0.11490E-05    0.93232E-06
   -0.61860E-06    0.83709E-05   -0.98123E-06   -0.72304E-05   -0.16616E-03   -0.19964E-04    0.50183E-05    0.68671E-02    0.62243E-02    0.57119E-02    0.32649E-04   -0.44423E-03   -0.61606E-04    0.11967E-04    0.44744E-06   -0.10973E-04   -0.28999E-08    0.60808E-07    0.80826E-05    0.34535E-03    0.23101E-03    0.39427E-07    0.48331E-04    0.36867E-04   -0.44610E-04    0.14437E-03   -0.38268E-04    0.35028E-04   -0.16627E-04    0.36389E-04    0.98952E-04    0.12702E-03   -0.24918E-04   -0.10722E-04    0.18955E-05    0.17043E-03    0.55243E-04    0.26543E-04   -0.16945E-05    0.47563E-04   -0.12964E-03   -0.74863E-03   -0.20689E-03   -0.24213E-03   -0.85260E-03    0.20163E-05    0.40595E-05   -0.13551E-06    0.11883E-04    0.24832E-07   -0.30210E-05   -0.39648E-05   -0.35315E-05   -0.40400E-05   -0.60236E-05   -0.67280E-05   -0.52355E-05
    0.11788E-06   -0.98123E-06    0.44323E-06    0.89338E-06    0.25250E-04    0.28741E-05   -0.12193E-06   -0.96210E-03   -0.88636E-03   -0.97793E-03    0.11633E-04    0.17687E-03    0.60732E-04   -0.86273E-06   -0.11299E-06    0.31750E-05    0.22558E-08   -0.30283E-07   -0.76466E-05   -0.13508E-03   -0.22174E-04   -0.87435E-05   -0.13025E-04    0.82851E-05    0.80529E-05   -0.24696E-04    0.77258E-05   -0.21781E-04   -0.78573E-05    0.13328E-04   -0.15728E-04   -0.23242E-04   -0.19151E-04    0.10997E-04    0.26604E-05   -0.19613E-04   -0.34465E-04    0.69287E-06   -0.57113E-05   -0.38673E-05    0.16901E-04    0.24743E-04    0.25431E-04    0.36265E-04    0.51061E-04    0.28649E-06    0.42162E-06    0.25121E-08   -0.23969E-05    0.22538E-06    0.50307E-06    0.57111E-06    0.49076E-06    0.47008E-06    0.98378E-06    0.98981E-06    0.76070E-06
    0.46404E-06   -0.72304E-05    0.89338E-06    0.16378E-03   -0.23742E-03    0.23907E-04    0.30779E-03   -0.12231E-01   -0.10647E-01   -0.82029E-02    0.22126E-05    0.10778E-02    0.41746E-03    0.29858E-05   -0.28167E-05    0.16465E-04   -0.20202E-07   -0.20003E-06   -0.50943E-04   -0.62015E-03   -0.27654E-03    0.22927E-03    0.56580E-04   -0.46173E-03   -0.10183E-04   -0.24926E-03   -0.27388E-03    0.27098E-03   -0.18905E-04    0.65957E-04   -0.20870E-03   -0.12303E-03   -0.30518E-03   -0.15467E-03    0.77701E-04   -0.35130E-03   -0.13605E-04   -0.29497E-03   -0.33635E-03   -0.17880E-03    0.11232E-03    0.15650E-02   -0.12790E-03    0.24693E-03    0.50462E-03    0.62553E-05    0.13121E-04    0.36813E-05    0.17668E-04    0.11508E-04    0.48968E-05    0.69792E-05    0.48719E-05    0.63718E-05    0.57324E-05    0.68680E-05    0.25874E-05
    0.19439E-04   -0.16616E-03    0.25250E-04   -0.23742E-03    0.12238E-01    0.42300E-03   -0.82922E-03   -0.35337E+00   -0.23419E+00   -0.22012E+00   -0.64866E-03    0.27717E-01    0.90242E-02   -0.28970E-03   -0.32671E-04    0.54572E-03   -0.28032E-06   -0.24960E-05   -0.23709E-02   -0.40116E-01   -0.76488E-02   -0.32147E-02   -0.29284E-02    0.70557E-03    0.71702E-03   -0.16991E-02    0.32738E-02   -0.35522E-02    0.16067E-02   -0.50904E-03    0.24460E-03   -0.44426E-02   -0.26707E-02    0.41169E-02   -0.67030E-03   -0.75731E-03   -0.16790E-02    0.98470E-03    0.19414E-02   -0.10746E-03    0.69608E-02    0.22596E-01    0.13156E-01    0.12042E-01    0.32117E-01   -0.23307E-03   -0.31494E-03   -0.10686E-03    0.19659E-03    0.68565E-04    0.12304E-03    0.15014E-03    0.14067E-03    0.12869E-03    0.24486E-03    0.24157E-03    0.19029E-03
    0.16889E-05   -0.19964E-04    0.28741E-05    0.23907E-04    0.42300E-03    0.64650E-04   -0.18454E-05   -0.47963E-01   -0.29056E-01   -0.23101E-01   -0.48070E-05    0.21586E-02    0.89536E-03   -0.41137E-04   -0.14494E-04    0.47384E-04    0.20235E-08    0.84473E-07   -0.16692E-03   -0.24495E-02   -0.81062E-03   -0.19539E-03   -0.21273E-03   -0.47495E-04    0.10834E-03   -0.90029E-04    0.21522E-03   -0.19005E-03   -0.12766E-03   -0.44363E-04   -0.17352E-03   -0.48984E-03   -0.78453E-04    0.29286E-03   -0.21579E-04   -0.13594E-03   -0.17745E-03    0.53029E-05   -0.10403E-03   -0.19547E-03    0.45811E-03    0.27675E-02    0.73518E-03    0.84986E-03    0.26054E-02   -0.10758E-04   -0.24038E-04   -0.35183E-07   -0.36482E-04   -0.56343E-05    0.12753E-04    0.14903E-04    0.14330E-04    0.13738E-04    0.23909E-04    0.23717E-04    0.17024E-04
   -0.31970E-06    0.50183E-05   -0.12193E-06    0.30779E-03   -0.82922E-03   -0.18454E-05    0.62711E-03   -0.17487E-01   -0.10284E-01   -0.45298E-02   -0.23850E-05    0.13177E-02    0.84196E-03    0.24675E-04   -0.48992E-05    0.16875E-04   -0.12602E-07   -0.32488E-07   -0.13177E-03   -0.83251E-03    0.41642E-03    0.41233E-03    0.20373E-03   -0.78871E-03   -0.11943E-03    0.19484E-03   -0.56929E-03    0.60488E-03   -0.75880E-04    0.19594E-03   -0.17367E-03    0.14283E-03   -0.72340E-03   -0.36293E-03    0.10917E-03   -0.40960E-04    0.22064E-03   -0.45784E-03   -0.61922E-03   -0.15747E-03   -0.49343E-04    0.14622E-02   -0.65243E-03   -0.27657E-04   -0.10615E-02    0.83211E-05    0.26110E-04    0.67862E-05    0.56966E-04    0.22119E-04    0.41168E-05    0.56338E-05    0.27856E-05    0.42053E-05    0.13515E-06   -0.40826E-06   -0.57749E-05
   -0.77048E-03    0.68671E-02   -0.96210E-03   -0.12231E-01   -0.35337E+00   -0.47963E-01   -0.17487E-01    0.16201E+04    0.88419E+02    0.72858E+01    0.84901E+00    0.50880E+01   -0.11053E+02    0.13033E-01   -0.45453E-01   -0.23904E-01    0.14554E-02   -0.34053E-02    0.86838E+00    0.70488E+01    0.17432E+02   -0.77978E+01    0.29279E+00    0.77920E+00   -0.20959E+00   -0.13599E+01   -0.54261E+01   -0.71142E+00   -0.53710E+00   -0.15235E+01    0.15419E+01    0.20557E+01    0.17980E+01   -0.19419E+01   -0.40460E+01    0.65101E+00   -0.15634E+01   -0.26388E+01   -0.13959E+00    0.29804E+01    0.46713E+00   -0.26005E+01    0.51341E+01   -0.84782E+00   -0.14694E+01   -0.14454E-02   -0.30729E+00   -0.92908E-01    0.17158E-01   -0.16511E-01   -0.27334E-01    0.33918E-02   -0.28960E-01    0.96686E-02   -0.79262E-01   -0.31739E-01    0.13875E-01
   -0.11244E-02    0.62243E-02   -0.88636E-03   -0.10647E-01   -0.23419E+00   -0.29056E-01   -0.10284E-01    0.88419E+02    0.68880E+02    0.19816E+02    0.28297E+00    0.43229E+00   -0.21262E+01    0.49900E-01    0.34195E-01   -0.27981E-01    0.12390E-04   -0.58059E-03    0.23274E+00    0.13548E+01    0.53298E-01    0.15302E-01    0.26947E-01    0.74398E-01   -0.22996E-01    0.30367E+00   -0.16220E+00    0.23946E-01    0.82944E-01    0.36992E-01   -0.16685E+00    0.22916E+00   -0.47265E-01   -0.17284E+00    0.10301E+00    0.11501E+00    0.66825E-01   -0.19973E+00   -0.10553E-01    0.26404E+00    0.84251E-01   -0.25139E+01    0.71567E+00   -0.49847E+00   -0.17762E+01    0.18646E-01   -0.25510E-01   -0.27963E-01    0.64986E-01    0.41747E-01   -0.14017E-01   -0.10596E-01   -0.15978E-01   -0.84871E-02   -0.29201E-01   -0.23615E-01   -0.13254E-01
   -0.99263E-03    0.57119E-02   -0.97793E-03   -0.82029E-02   -0.22012E+00   -0.23101E-01   -0.45298E-02    0.72858E+01    0.19816E+02    0.10428E+03   -0.93637E+00   -0.36451E+02    0.73281E+00   -0.42264E+00   -0.40457E-01   -0.47878E+00   -0.22612E-04    0.58380E-03   -0.10810E+00    0.66665E+00    0.18260E+00    0.54270E+00   -0.53750E-01    0.87022E+00   -0.43285E+00    0.65325E+00   -0.61842E+00    0.49826E+00   -0.14293E-01    0.11513E-01   -0.35632E+00    0.37565E+00    0.17745E+00    0.34553E+00    0.29596E+00    0.15344E+00    0.45828E+00   -0.39633E+00   -0.48596E+00   -0.32900E-01   -0.13827E+00    0.18605E+02   -0.10582E+01    0.21285E+00    0.94556E+01   -0.51560E-01   -0.94018E-01   -0.31700E-02    0.21191E-01    0.65054E-01   -0.78835E-02   -0.31492E-01   -0.75249E-02   -0.34144E-01   -0.13094E-01   -0.16242E-01   -0.61684E-01
   -0.33724E-05    0.32649E-04    0.11633E-04    0.22126E-05   -0.64866E-03   -0.48070E-05   -0.23850E-05    0.84901E+00    0.28297E+00   -0.93637E+00    0.66627E+00    0.13200E+01    0.58355E+00    0.29760E-02   -0.40261E-02    0.94194E-04   -0.65121E-05    0.64521E-04    0.15559E-02   -0.10386E+01    0.12976E-01   -0.18974E-01    0.27062E-01   -0.55605E-02    0.19779E-01   -0.15526E-01    0.13521E-01   -0.20265E-01    0.37670E-01   -0.23969E-01    0.30212E-01   -0.48051E-01   -0.17669E-01   -0.21389E-01   -0.20680E-01    0.94652E-02   -0.10403E-01    0.19698E-01    0.30064E-01    0.40571E-01    0.31743E-01   -0.29790E+00   -0.22075E+00   -0.40332E-01   -0.13136E+00    0.48004E-01    0.44248E-01   -0.42151E-02    0.14241E-02   -0.32457E-02    0.28683E-04   -0.27596E-03    0.18831E-04   -0.34337E-04   -0.84325E-03    0.56396E-03    0.20269E-02
    0.90738E-04   -0.44423E-03    0.17687E-03    0.10778E-02    0.27717E-01    0.21586E-02    0.13177E-02    0.50880E+01    0.43229E+00   -0.36451E+02    0.13200E+01    0.22064E+02    0.18700E+01    0.24583E+00    0.27827E-01    0.28437E+00    0.17431E-04   -0.93188E-04   -0.24301E+00   -0.41208E+01    0.18151E+00   -0.30939E+00    0.30098E-01   -0.57482E+00    0.35798E+00   -0.19559E+00    0.20175E+00   -0.36522E+00    0.30406E+00   -0.96396E-01    0.15878E-01   -0.48071E+00   -0.23826E+00   -0.42537E+00   -0.23605E+00   -0.57321E-01   -0.34350E+00    0.97682E-01    0.28706E+00    0.34542E+00   -0.22799E+00   -0.12409E+02   -0.12174E+00   -0.63099E+00   -0.79025E+01    0.74057E-01    0.89668E-01   -0.86604E-02   -0.15672E-02   -0.19009E-01   -0.85492E-03    0.56184E-02   -0.12909E-02    0.85941E-02   -0.22748E-03   -0.60096E-03    0.22470E-01
    0.27685E-04   -0.61606E-04    0.60732E-04    0.41746E-03    0.90242E-02    0.89536E-03    0.84196E-03   -0.11053E+02   -0.21262E+01    0.73281E+00    0.58355E+00    0.18700E+01    0.20988E+01    0.17240E-01    0.23841E-01    0.13675E-01    0.34887E-05   -0.90474E-04   -0.17522E+00   -0.25813E+01    0.82748E-01   -0.32879E-01   -0.14545E-01   -0.71440E-01    0.99350E-01    0.78846E-01   -0.87421E-02   -0.74867E-01    0.36050E-01    0.89771E-02   -0.66263E-01   -0.10686E+00   -0.12437E+00   -0.16359E-01    0.12228E-01    0.43755E-01   -0.80236E-01   -0.28112E-01   -0.30221E-01    0.47095E-01   -0.85077E-01   -0.73606E+00   -0.86097E+00   -0.90937E-01   -0.10518E+01    0.45607E-01    0.71812E-01   -0.24714E-02   -0.37241E-02   -0.32425E-02    0.63213E-03   -0.33342E-02    0.66638E-03   -0.29612E-02    0.39891E-02    0.62523E-03   -0.15350E-02
   -0.16870E-05    0.11967E-04   -0.86273E-06    0.29858E-05   -0.28970E-03   -0.41137E-04    0.24675E-04    0.13033E-01    0.49900E-01   -0.42264E+00    0.29760E-02    0.24583E+00    0.17240E-01    0.54576E-02   -0.36713E-04    0.34250E-02    0.56087E-06   -0.36560E-05    0.25483E-04   -0.15947E-01    0.12156E-02    0.81028E-03    0.11287E-02   -0.57442E-02    0.40379E-02    0.46602E-03   -0.82303E-03   -0.18185E-02    0.10062E-02    0.17499E-02    0.25688E-02    0.20939E-02   -0.40378E-02   -0.34781E-02    0.48587E-03    0.29024E-02   -0.17031E-02   -0.22082E-02    0.45503E-03   -0.31972E-03   -0.45627E-03   -0.17529E+00   -0.85627E-02   -0.35413E-02   -0.12239E+00    0.51871E-03    0.17721E-02    0.41799E-03    0.11081E-03    0.10007E-03   -0.27016E-04   -0.17195E-04   -0.43999E-04    0.25941E-04    0.12412E-04   -0.51126E-04    0.14852E-03
   -0.21028E-06    0.44744E-06   -0.11299E-06   -0.28167E-05   -0.32671E-04   -0.14494E-04   -0.48992E-05   -0.45453E-01    0.34195E-01   -0.40457E-01   -0.40261E-02    0.27827E-01    0.23841E-01   -0.36713E-04    0.32476E-02   -0.27609E-03    0.25536E-06    0.53092E-05   -0.31663E-03   -0.15685E-01    0.16792E-02   -0.35877E-02   -0.86615E-03   -0.99576E-03    0.29058E-02   -0.35737E-03   -0.21636E-02   -0.21319E-02    0.47592E-03    0.11144E-02    0.53582E-03   -0.36680E-02   -0.54433E-03    0.64716E-03   -0.26432E-03    0.11510E-02   -0.36753E-02   -0.10712E-02   -0.25618E-03    0.11605E-02    0.70320E-02    0.65470E-02   -0.14919E-01    0.38283E-02    0.82346E-02    0.12130E-03    0.15420E-02   -0.50092E-03   -0.11981E-03   -0.18729E-03   -0.86395E-05    0.45807E-04    0.55256E-05    0.42462E-04    0.53608E-04    0.34117E-05    0.78254E-04
    0.19732E-05   -0.10973E-04    0.31750E-05    0.16465E-04    0.54572E-03    0.47384E-04    0.16875E-04   -0.23904E-01   -0.27981E-01   -0.47878E+00    0.94194E-04    0.28437E+00    0.13675E-01    0.34250E-02   -0.27609E-03    0.49814E-02    0.43524E-06   -0.10459E-04   -0.33154E-02   -0.27425E-01    0.41903E-02   -0.62813E-02   -0.99401E-03   -0.97018E-02    0.59419E-02   -0.12692E-02    0.69434E-02   -0.78512E-02    0.76978E-02   -0.42986E-02   -0.47762E-02   -0.10908E-01   -0.23028E-02   -0.92970E-02   -0.53144E-02   -0.34095E-02   -0.47015E-02    0.50374E-02    0.93116E-02    0.83794E-02   -0.63033E-02   -0.19449E+00    0.24330E-02   -0.84406E-02   -0.13517E+00   -0.23349E-03    0.27740E-03    0.30695E-03   -0.10804E-03   -0.25892E-03   -0.59306E-06    0.37121E-04   -0.10838E-04    0.82431E-04    0.77235E-04   -0.16003E-04    0.22068E-03
    0.21460E-09   -0.28999E-08    0.22558E-08   -0.20202E-07   -0.28032E-06    0.20235E-08   -0.12602E-07    0.14554E-02    0.12390E-04   -0.22612E-04   -0.65121E-05    0.17431E-04    0.34887E-05    0.56087E-06    0.25536E-06    0.43524E-06    0.15593E-06    0.57669E-08   -0.54125E-06   -0.63188E-05   -0.24635E-04   -0.18046E-04    0.84020E-05    0.11760E-04   -0.35932E-05    0.12721E-04    0.46172E-05   -0.12647E-05    0.10650E-04   -0.78504E-05    0.71559E-05   -0.13902E-05    0.30226E-05    0.21526E-05    0.75755E-06    0.11921E-04    0.10761E-04   -0.39375E-05    0.43078E-05    0.38168E-05    0.13174E-05   -0.15723E-04    0.90540E-05    0.24193E-05   -0.25826E-04   -0.81168E-06   -0.42442E-06   -0.45486E-07   -0.62088E-06    0.24038E-06   -0.23062E-07   -0.30906E-07    0.32415E-07   -0.20532E-07   -0.98353E-07   -0.44730E-10   -0.26830E-06
   -0.16205E-07    0.60808E-07   -0.30283E-07   -0.20003E-06   -0.24960E-05    0.84473E-07   -0.32488E-07   -0.34053E-02   -0.58059E-03    0.58380E-03    0.64521E-04   -0.93188E-04   -0.90474E-04   -0.36560E-05    0.53092E-05   -0.10459E-04    0.57669E-08    0.11574E-05    0.16375E-04    0.26135E-04    0.78956E-04    0.89275E-04   -0.26473E-04    0.21486E-05   -0.31920E-04    0.42144E-03    0.39472E-04    0.45151E-04    0.48013E-04    0.37549E-04   -0.38687E-03    0.17916E-04   -0.96408E-04    0.79202E-04    0.40011E-04    0.37644E-04    0.11274E-03   -0.50312E-04   -0.81772E-04    0.72527E-04    0.45856E-04    0.37660E-03    0.19905E-04    0.29258E-04    0.40049E-03    0.48376E-05    0.19416E-05   -0.33506E-05    0.45536E-06    0.13937E-05    0.13767E-06    0.88714E-06    0.22461E-06    0.81378E-06   -0.70771E-06    0.17714E-06    0.57371E-06
   -0.55636E-05    0.80826E-05   -0.76466E-05   -0.50943E-04   -0.23709E-02   -0.16692E-03   -0.13177E-03    0.86838E+00    0.23274E+00   -0.10810E+00    0.15559E-02   -0.24301E+00   -0.17522E+00    0.25483E-04   -0.31663E-03   -0.33154E-02   -0.54125E-06    0.16375E-04    0.57298E-01    0.34623E+00   -0.63574E-02    0.25073E-02    0.11568E-01    0.13915E-01   -0.11642E-01   -0.35944E-02    0.13493E-01    0.59657E-02    0.24582E-02   -0.14139E-01    0.15189E-01    0.71569E-02    0.20872E-01   -0.38465E-02   -0.25900E-02   -0.30945E-03    0.22042E-01    0.11826E-01    0.25479E-01   -0.48252E-02    0.53756E-01    0.70959E-01    0.58659E-02    0.45717E-01    0.11034E+00    0.38171E-02    0.79006E-02    0.11950E-02    0.34995E-03   -0.17972E-03   -0.13237E-04    0.28037E-03   -0.11973E-04    0.25351E-03   -0.24954E-03    0.16971E-03    0.42576E-03
   -0.98141E-04    0.34535E-03   -0.13508E-03   -0.62015E-03   -0.40116E-01   -0.24495E-02   -0.83251E-03    0.70488E+01    0.13548E+01    0.66665E+00   -0.10386E+01   -0.41208E+01   -0.25813E+01   -0.15947E-01   -0.15685E-01   -0.27425E-01   -0.63188E-05    0.26135E-04    0.34623E+00    0.49370E+01   -0.90603E-01    0.60140E-01    0.43878E-01    0.95998E-01   -0.10600E+00   -0.24143E-01    0.52703E-01    0.89980E-01   -0.38607E-01   -0.29856E-01    0.73690E-01    0.17384E+00    0.19750E+00    0.21407E-02    0.19829E-01   -0.17847E-01    0.15279E+00    0.65593E-01    0.90958E-01   -0.86394E-01    0.39583E-01    0.11538E+01    0.41323E+00    0.17370E+00    0.14376E+01   -0.57187E-01   -0.42080E-01    0.18258E-01   -0.40084E-02   -0.77764E-02   -0.17065E-04    0.36216E-02   -0.37661E-04    0.30100E-02   -0.13962E-02    0.39504E-03    0.11037E-02
   -0.21478E-04    0.23101E-03   -0.22174E-04   -0.27654E-03   -0.76488E-02   -0.81062E-03    0.41642E-03    0.17432E+02    0.53298E-01    0.18260E+00    0.12976E-01    0.18151E+00    0.82748E-01    0.12156E-02    0.16792E-02    0.41903E-02   -0.24635E-04    0.78956E-04   -0.63574E-02   -0.90603E-01    0.69543E+00   -0.19691E+00   -0.18484E-02    0.10502E-01    0.26936E-01    0.23466E+00   -0.90366E-01   -0.44001E-01    0.20999E-02   -0.48397E-01    0.39382E-01    0.93933E-01   -0.19539E-01   -0.37501E-01   -0.14285E+00    0.21434E+00    0.35124E-01   -0.28689E-01    0.23929E-01    0.12154E+00   -0.50893E-04   -0.16785E+00   -0.40064E-01   -0.17676E-01   -0.19206E+00    0.43640E-03    0.33089E-02   -0.62717E-05   -0.78532E-03   -0.48263E-02   -0.32223E-04   -0.18148E-03    0.18855E-04   -0.12484E-03    0.14586E-03   -0.36814E-03   -0.67358E-04
   -0.23070E-04    0.39427E-07   -0.87435E-05    0.22927E-03   -0.32147E-02   -0.19539E-03    0.41233E-03   -0.77978E+01    0.15302E-01    0.54270E+00   -0.18974E-01   -0.30939E+00   -0.32879E-01    0.81028E-03   -0.35877E-02   -0.62813E-02   -0.18046E-04    0.89275E-04    0.25073E-02    0.60140E-01   -0.19691E+00    0.98165E+00   -0.35966E-01   -0.14130E-01   -0.81015E-01   -0.23117E+00    0.19768E+00    0.99907E-01    0.92191E-02    0.66554E-01   -0.24737E+00   -0.67077E-01   -0.15264E-01    0.16802E-01    0.24281E+00   -0.38230E+00    0.28651E-01    0.93234E-01   -0.54453E-02   -0.22802E+00   -0.59926E-02    0.15480E+00   -0.22505E-01    0.36953E-03    0.77618E-01   -0.40782E-03   -0.20024E-02    0.34116E-03    0.12621E-02    0.46714E-02   -0.10524E-03   -0.30621E-03   -0.22534E-03   -0.31540E-03   -0.71574E-03   -0.38426E-03   -0.35401E-03
   -0.75780E-05    0.48331E-04   -0.13025E-04    0.56580E-04   -0.29284E-02   -0.21273E-03    0.20373E-03    0.29279E+00    0.26947E-01   -0.53750E-01    0.27062E-01    0.30098E-01   -0.14545E-01    0.11287E-02   -0.86615E-03   -0.99401E-03    0.84020E-05   -0.26473E-04    0.11568E-01    0.43878E-01   -0.18484E-02   -0.35966E-01    0.89052E+00   -0.62312E-02   -0.45993E-02   -0.22848E-01   -0.12542E-01    0.11660E+00    0.71678E-01    0.14491E+00    0.68832E-01    0.13699E-01   -0.14421E-01   -0.22846E-01    0.46380E-01    0.28960E-01   -0.21544E-01    0.53459E-01   -0.13269E+00    0.13760E+00    0.74758E-02   -0.31417E-01    0.17016E-01    0.39406E-02   -0.88600E-01    0.12773E-02    0.27781E-02    0.52869E-03    0.30617E-02    0.23471E-02   -0.13310E-04    0.43900E-04   -0.93193E-04    0.89691E-04   -0.11479E-03    0.78612E-04   -0.10061E-04
   -0.12652E-05    0.36867E-04    0.82851E-05   -0.46173E-03    0.70557E-03   -0.47495E-04   -0.78871E-03    0.77920E+00    0.74398E-01    0.87022E+00   -0.55605E-02   -0.57482E+00   -0.71440E-01   -0.57442E-02   -0.99576E-03   -0.97018E-02    0.11760E-04    0.21486E-05    0.13915E-01    0.95998E-01    0.10502E-01   -0.14130E-01   -0.62312E-02    0.11219E+01    0.14193E-01    0.10988E+00   -0.10092E+00    0.10958E+00   -0.13305E+00    0.36299E-01    0.11401E+00    0.14927E+00    0.14671E+00    0.22166E+00   -0.14680E+00    0.14544E+00    0.98330E-01    0.59613E-02   -0.14029E+00    0.29639E-01    0.21825E-01    0.36747E+00    0.51362E-01    0.27396E-01    0.32244E+00   -0.92423E-03   -0.18565E-02   -0.22167E-03    0.22293E-02    0.37074E-02    0.17022E-05    0.46304E-04    0.13198E-03   -0.26309E-04   -0.43548E-04    0.77930E-04   -0.41609E-03
    0.72215E-05   -0.44610E-04    0.80529E-05   -0.10183E-04    0.71702E-03    0.10834E-03   -0.11943E-03   -0.20959E+00   -0.22996E-01   -0.43285E+00    0.19779E-01    0.35798E+00    0.99350E-01    0.40379E-02    0.29058E-02    0.59419E-02   -0.35932E-05   -0.31920E-04   -0.11642E-01   -0.10600E+00    0.26936E-01   -0.81015E-01   -0.45993E-02    0.14193E-01    0.94711E+00    0.41227E-01    0.35759E-01   -0.71382E-01    0.15551E+00    0.12456E+00    0.75629E-01   -0.12111E+00   -0.15470E+00    0.48276E-01   -0.69290E-01    0.12047E+00   -0.13053E+00    0.96146E-01   -0.14227E-01    0.11034E+00   -0.11515E-01   -0.25852E+00   -0.42281E-01   -0.13050E-01   -0.11366E+00    0.18555E-02    0.53721E-02    0.24146E-03    0.28732E-02   -0.46888E-02    0.38169E-04    0.20068E-03   -0.17506E-04   -0.19483E-04    0.48975E-03    0.34072E-03    0.55084E-03
   -0.64376E-05    0.14437E-03   -0.24696E-04   -0.24926E-03   -0.16991E-02   -0.90029E-04    0.19484E-03   -0.13599E+01    0.30367E+00    0.65325E+00   -0.15526E-01   -0.19559E+00    0.78846E-01    0.46602E-03   -0.35737E-03   -0.12692E-02    0.12721E-04    0.42144E-03   -0.35944E-02   -0.24143E-01    0.23466E+00   -0.23117E+00   -0.22848E-01    0.10988E+00    0.41227E-01    0.83778E+00   -0.49787E-01    0.36145E-01   -0.15069E-01    0.18587E-01    0.10472E+00    0.17328E+00   -0.63512E-01    0.71686E-01   -0.10253E+00    0.68509E+00    0.25154E+00   -0.21576E-01   -0.73202E-01    0.17001E+00    0.56847E-03    0.10356E+00   -0.61924E-01    0.15244E-01    0.96288E-01    0.47765E-03    0.23940E-02    0.87417E-03   -0.55931E-03   -0.38235E-02    0.30383E-03   -0.21182E-04    0.35843E-03    0.59009E-04    0.11435E-02    0.14465E-03   -0.21147E-03
    0.19916E-05   -0.38268E-04    0.77258E-05   -0.27388E-03    0.32738E-02    0.21522E-03   -0.56929E-03   -0.54261E+01   -0.16220E+00   -0.61842E+00    0.13521E-01    0.20175E+00   -0.87421E-02   -0.82303E-03   -0.21636E-02    0.69434E-02    0.46172E-05    0.39472E-04    0.13493E-01    0.52703E-01   -0.90366E-01    0.19768E+00   -0.12542E-01   -0.10092E+00    0.35759E-01   -0.49787E-01    0.90203E+00   -0.25904E-01    0.54119E-01   -0.37988E-01   -0.53488E-02   -0.48894E-01   -0.12685E-01   -0.28565E-01    0.20600E+00   -0.14081E+00    0.22944E+00    0.67020E+00    0.33669E+00   -0.16924E+00   -0.26724E-02   -0.19572E+00    0.50144E-02    0.10194E-01   -0.14633E+00    0.14266E-02    0.33638E-02    0.93875E-03    0.20864E-02   -0.16424E-02    0.17273E-03   -0.17031E-04    0.21210E-03   -0.81647E-04    0.17622E-04    0.18555E-03    0.77975E-05
   -0.62759E-05    0.35028E-04   -0.21781E-04    0.27098E-03   -0.35522E-02   -0.19005E-03    0.60488E-03   -0.71142E+00    0.23946E-01    0.49826E+00   -0.20265E-01   -0.36522E+00   -0.74867E-01   -0.18185E-02   -0.21319E-02   -0.78512E-02   -0.12647E-05    0.45151E-04    0.59657E-02    0.89980E-01   -0.44001E-01    0.99907E-01    0.11660E+00    0.10958E+00   -0.71382E-01    0.36145E-01   -0.25904E-01    0.89124E+00   -0.18916E-02    0.50042E-01    0.66825E-01   -0.36530E-01    0.74047E-01    0.17149E+00   -0.81759E-01   -0.13617E+00    0.54137E+00    0.10381E+00   -0.59440E+00    0.16434E+00   -0.19050E-02    0.24312E+00    0.36692E-01    0.24976E-02    0.16185E+00   -0.25771E-02   -0.45803E-02    0.18093E-03   -0.16458E-02    0.11028E-02   -0.57169E-04   -0.80659E-04   -0.10695E-03    0.71566E-04   -0.33639E-03    0.46135E-04   -0.59037E-04
   -0.12322E-05   -0.16627E-04   -0.78573E-05   -0.18905E-04    0.16067E-02   -0.12766E-03   -0.75880E-04   -0.53710E+00    0.82944E-01   -0.14293E-01    0.37670E-01    0.30406E+00    0.36050E-01    0.10062E-02    0.47592E-03    0.76978E-02    0.10650E-04    0.48013E-04    0.24582E-02   -0.38607E-01    0.20999E-02    0.92191E-02    0.71678E-01   -0.13305E+00    0.15551E+00   -0.15069E-01    0.54119E-01   -0.18916E-02    0.92767E+00    0.80260E-01   -0.52941E-01   -0.10427E+00   -0.17680E+00   -0.39713E-01   -0.71562E-01   -0.82442E-01    0.15771E-01    0.33797E-01    0.25309E+00    0.64156E+00   -0.33239E-02   -0.24834E+00   -0.28561E-01   -0.35843E-02   -0.21400E+00    0.31065E-02    0.58395E-02    0.22494E-03    0.44524E-03   -0.61336E-03    0.75660E-05   -0.26719E-04   -0.72873E-04   -0.65765E-06   -0.22372E-03   -0.22829E-03   -0.32944E-03
    0.69477E-05    0.36389E-04    0.13328E-04    0.65957E-04   -0.50904E-03   -0.44363E-04    0.19594E-03   -0.15235E+01    0.36992E-01    0.11513E-01   -0.23969E-01   -0.96396E-01    0.89771E-02    0.17499E-02    0.11144E-02   -0.42986E-02   -0.78504E-05    0.37549E-04   -0.14139E-01   -0.29856E-01   -0.48397E-01    0.66554E-01    0.14491E+00    0.36299E-01    0.12456E+00    0.18587E-01   -0.37988E-01    0.50042E-01    0.80260E-01    0.97949E+00   -0.15582E-01    0.74155E-01   -0.67528E-01    0.12901E+00   -0.34528E-01    0.15618E+00   -0.51280E+00    0.33200E+00   -0.37025E+00    0.26374E+00    0.24692E-02    0.18377E+00    0.37303E-01    0.10390E-01    0.13244E+00   -0.35114E-02   -0.19406E-02   -0.42464E-03    0.85045E-03    0.34301E-02   -0.42192E-05    0.31067E-03   -0.21557E-04    0.88376E-04   -0.78037E-04   -0.59306E-04    0.24385E-03
    0.44814E-05    0.98952E-04   -0.15728E-04   -0.20870E-03    0.24460E-03   -0.17352E-03   -0.17367E-03    0.15419E+01   -0.16685E+00   -0.35632E+00    0.30212E-01    0.15878E-01   -0.66263E-01    0.25688E-02    0.53582E-03   -0.47762E-02    0.71559E-05   -0.38687E-03    0.15189E-01    0.73690E-01    0.39382E-01   -0.24737E+00    0.68832E-01    0.11401E+00    0.75629E-01    0.10472E+00   -0.53488E-02    0.66825E-01   -0.52941E-01   -0.15582E-01    0.89483E+00    0.91190E-01    0.46929E-01    0.16551E-01   -0.10609E+00    0.66329E+00    0.14732E+00    0.11831E+00    0.21239E-02   -0.41021E-01    0.28858E-01    0.82943E-01    0.44506E-01    0.15479E-01    0.14078E+00    0.25115E-02    0.18564E-02   -0.73355E-03   -0.78479E-03   -0.43274E-03    0.64992E-04    0.55507E-03    0.62915E-04    0.48047E-03   -0.13255E-03    0.21609E-03    0.56795E-03
   -0.14118E-04    0.12702E-03   -0.23242E-04   -0.12303E-03   -0.44426E-02   -0.48984E-03    0.14283E-03    0.20557E+01    0.22916E+00    0.37565E+00   -0.48051E-01   -0.48071E+00   -0.10686E+00    0.20939E-02   -0.36680E-02   -0.10908E-01   -0.13902E-05    0.17916E-04    0.71569E-02    0.17384E+00    0.93933E-01   -0.67077E-01    0.13699E-01    0.14927E+00   -0.12111E+00    0.17328E+00   -0.48894E-01   -0.36530E-01   -0.10427E+00    0.74155E-01    0.91190E-01    0.97787E+00    0.88712E-01   -0.17090E-01   -0.23556E-01    0.19296E+00    0.18436E+00   -0.18617E-01    0.16042E+00    0.15171E+00   -0.29960E-02    0.35420E+00    0.32023E-01    0.11584E-01    0.24813E+00   -0.36856E-02   -0.56953E-02    0.69970E-03   -0.20153E-02   -0.67439E-03   -0.62793E-04    0.26998E-03   -0.14483E-04    0.45932E-04   -0.56464E-03   -0.14089E-03   -0.60939E-03
   -0.29237E-05   -0.24918E-04   -0.19151E-04   -0.30518E-03   -0.26707E-02   -0.78453E-04   -0.72340E-03    0.17980E+01   -0.47265E-01    0.17745E+00   -0.17669E-01   -0.23826E+00   -0.12437E+00   -0.40378E-02   -0.54433E-03   -0.23028E-02    0.30226E-05   -0.96408E-04    0.20872E-01    0.19750E+00   -0.19539E-01   -0.15264E-01   -0.14421E-01    0.14671E+00   -0.15470E+00   -0.63512E-01   -0.12685E-01    0.74047E-01   -0.17680E+00   -0.67528E-01    0.46929E-01    0.88712E-01    0.99050E+00    0.29871E-01    0.15108E-01   -0.66444E-01    0.11935E+00    0.14673E+00    0.14935E+00   -0.10935E+00    0.97489E-02    0.18233E+00    0.49641E-01   -0.66215E-03    0.13718E+00   -0.14015E-02   -0.16854E-02    0.14226E-03   -0.38953E-02   -0.15897E-02   -0.20353E-03    0.53718E-03    0.82937E-04    0.27296E-03   -0.64618E-03   -0.37062E-04    0.41868E-03
    0.42139E-05   -0.10722E-04    0.10997E-04   -0.15467E-03    0.41169E-02    0.29286E-03   -0.36293E-03   -0.19419E+01   -0.17284E+00    0.34553E+00   -0.21389E-01   -0.42537E+00   -0.16359E-01   -0.34781E-02    0.64716E-03   -0.92970E-02    0.21526E-05    0.79202E-04   -0.38465E-02    0.21407E-02   -0.37501E-01    0.16802E-01   -0.22846E-01    0.22166E+00    0.48276E-01    0.71686E-01   -0.28565E-01    0.17149E+00   -0.39713E-01    0.12901E+00    0.16551E-01   -0.17090E-01    0.29871E-01    0.92136E+00   -0.82027E-02    0.40823E-01    0.67376E-01    0.99394E-01   -0.27905E+00    0.10101E+00    0.66076E-02    0.39244E+00    0.33876E-01    0.11514E-01    0.26169E+00   -0.30188E-02   -0.50234E-02   -0.68275E-03    0.20434E-02   -0.67908E-04    0.84311E-04    0.18638E-03    0.17919E-03    0.26692E-03    0.39448E-03    0.17278E-03    0.28061E-03
   -0.54456E-05    0.18955E-05    0.26604E-05    0.77701E-04   -0.67030E-03   -0.21579E-04    0.10917E-03   -0.40460E+01    0.10301E+00    0.29596E+00   -0.20680E-01   -0.23605E+00    0.12228E-01    0.48587E-03   -0.26432E-03   -0.53144E-02    0.75755E-06    0.40011E-04   -0.25900E-02    0.19829E-01   -0.14285E+00    0.24281E+00    0.46380E-01   -0.14680E+00   -0.69290E-01   -0.10253E+00    0.20600E+00   -0.81759E-01   -0.71562E-01   -0.34528E-01   -0.10609E+00   -0.23556E-01    0.15108E-01   -0.82027E-02    0.91701E+00   -0.16945E+00    0.14246E-01    0.46759E-01    0.18761E+00   -0.11491E+00   -0.11649E-01    0.19128E+00   -0.19919E-01    0.13448E-01    0.34042E-01   -0.14796E-03   -0.15620E-03    0.31626E-03    0.11686E-02    0.77522E-03    0.12525E-03   -0.79036E-04   -0.93885E-04   -0.13075E-03   -0.34814E-03   -0.91842E-04   -0.45647E-03
    0.19978E-05    0.17043E-03   -0.19613E-04   -0.35130E-03   -0.75731E-03   -0.13594E-03   -0.40960E-04    0.65101E+00    0.11501E+00    0.15344E+00    0.94652E-02   -0.57321E-01    0.43755E-01    0.29024E-02    0.11510E-02   -0.34095E-02    0.11921E-04    0.37644E-04   -0.30945E-03   -0.17847E-01    0.21434E+00   -0.38230E+00    0.28960E-01    0.14544E+00    0.12047E+00    0.68509E+00   -0.14081E+00   -0.13617E+00   -0.82442E-01    0.15618E+00    0.66329E+00    0.19296E+00   -0.66444E-01    0.40823E-01   -0.16945E+00    0.10387E+01    0.72751E-02    0.29815E-01   -0.60574E-01    0.93308E-01    0.20271E-01    0.10657E+00   -0.20871E-01    0.20055E-01    0.16476E+00    0.18646E-02    0.32742E-02   -0.12921E-03   -0.66483E-03   -0.26672E-02    0.26484E-03    0.39088E-03    0.30046E-03    0.35869E-03    0.91031E-03    0.24297E-03    0.37321E-03
   -0.13041E-04    0.55243E-04   -0.34465E-04   -0.13605E-04   -0.16790E-02   -0.17745E-03    0.22064E-03   -0.15634E+01    0.66825E-01    0.45828E+00   -0.10403E-01   -0.34350E+00   -0.80236E-01   -0.17031E-02   -0.36753E-02   -0.47015E-02    0.10761E-04    0.11274E-03    0.22042E-01    0.15279E+00    0.35124E-01    0.28651E-01   -0.21544E-01    0.98330E-01   -0.13053E+00    0.25154E+00    0.22944E+00    0.54137E+00    0.15771E-01   -0.51280E+00    0.14732E+00    0.18436E+00    0.11935E+00    0.67376E-01    0.14246E-01    0.72751E-02    0.89835E+00    0.92607E-02    0.37170E-01   -0.22163E-01    0.54958E-03    0.16093E+00    0.50773E-02    0.11141E-01    0.85570E-01    0.36710E-03   -0.12198E-02    0.10257E-02   -0.10308E-02   -0.25292E-02    0.81334E-04   -0.49611E-04    0.11416E-03    0.64182E-04   -0.18997E-03    0.96731E-04   -0.50972E-03
    0.22491E-05    0.26543E-04    0.69287E-06   -0.29497E-03    0.98470E-03    0.53029E-05   -0.45784E-03   -0.26388E+01   -0.19973E+00   -0.39633E+00    0.19698E-01    0.97682E-01   -0.28112E-01   -0.22082E-02   -0.10712E-02    0.50374E-02   -0.39375E-05   -0.50312E-04    0.11826E-01    0.65593E-01   -0.28689E-01    0.93234E-01    0.53459E-01    0.59613E-02    0.96146E-01   -0.21576E-01    0.67020E+00    0.10381E+00    0.33797E-01    0.33200E+00    0.11831E+00   -0.18617E-01    0.14673E+00    0.99394E-01    0.46759E-01    0.29815E-01    0.92607E-02    0.85935E+00    0.36560E-01    0.34713E-01    0.51251E-02   -0.89059E-01    0.34836E-01    0.98936E-02   -0.33446E-01    0.45598E-03    0.28088E-02    0.30140E-03    0.12668E-02   -0.21111E-02    0.13443E-03    0.14184E-03    0.16068E-03   -0.43739E-05   -0.74811E-05    0.11638E-03    0.42302E-03
   -0.42231E-05   -0.16945E-05   -0.57113E-05   -0.33635E-03    0.19414E-02   -0.10403E-03   -0.61922E-03   -0.13959E+00   -0.10553E-01   -0.48596E+00    0.30064E-01    0.28706E+00   -0.30221E-01    0.45503E-03   -0.25618E-03    0.93116E-02    0.43078E-05   -0.81772E-04    0.25479E-01    0.90958E-01    0.23929E-01   -0.54453E-02   -0.13269E+00   -0.14029E+00   -0.14227E-01   -0.73202E-01    0.33669E+00   -0.59440E+00    0.25309E+00   -0.37025E+00    0.21239E-02    0.16042E+00    0.14935E+00   -0.27905E+00    0.18761E+00   -0.60574E-01    0.37170E-01    0.36560E-01    0.10087E+01   -0.35399E-01    0.95516E-02   -0.25412E+00   -0.16049E-01    0.11605E-02   -0.23474E+00    0.41335E-02    0.66674E-02    0.60877E-03   -0.28290E-03   -0.23641E-02   -0.91787E-06    0.23426E-03    0.14914E-03   -0.34379E-04   -0.38579E-03   -0.10817E-03   -0.28226E-03
    0.18769E-05    0.47563E-04   -0.38673E-05   -0.17880E-03   -0.10746E-03   -0.19547E-03   -0.15747E-03    0.29804E+01    0.26404E+00   -0.32900E-01    0.40571E-01    0.34542E+00    0.47095E-01   -0.31972E-03    0.11605E-02    0.83794E-02    0.38168E-05    0.72527E-04   -0.48252E-02   -0.86394E-01    0.12154E+00   -0.22802E+00    0.13760E+00    0.29639E-01    0.11034E+00    0.17001E+00   -0.16924E+00    0.16434E+00    0.64156E+00    0.26374E+00   -0.41021E-01    0.15171E+00   -0.10935E+00    0.10101E+00   -0.11491E+00    0.93308E-01   -0.22163E-01    0.34713E-01   -0.35399E-01    0.95817E+00   -0.19860E-02   -0.21699E+00   -0.44935E-02   -0.98977E-02   -0.18415E+00    0.20875E-02    0.39324E-02   -0.23224E-03   -0.26119E-02   -0.34427E-02    0.15690E-04    0.39902E-04   -0.65601E-04    0.19694E-03    0.20829E-03   -0.16209E-03    0.62788E-04
    0.23655E-04   -0.12964E-03    0.16901E-04    0.11232E-03    0.69608E-02    0.45811E-03   -0.49343E-04    0.46713E+00    0.84251E-01   -0.13827E+00    0.31743E-01   -0.22799E+00   -0.85077E-01   -0.45627E-03    0.70320E-02   -0.63033E-02    0.13174E-05    0.45856E-04    0.53756E-01    0.39583E-01   -0.50893E-04   -0.59926E-02    0.74758E-02    0.21825E-01   -0.11515E-01    0.56847E-03   -0.26724E-02   -0.19050E-02   -0.33239E-02    0.24692E-02    0.28858E-01   -0.29960E-02    0.97489E-02    0.66076E-02   -0.11649E-01    0.20271E-01    0.54958E-03    0.51251E-02    0.95516E-02   -0.19860E-02    0.33475E+00    0.13710E+00    0.51802E-01    0.14751E+00    0.45051E+00    0.91441E-02    0.11830E-01   -0.48238E-02   -0.19885E-02   -0.15711E-02    0.63370E-03    0.18675E-03    0.88039E-03    0.17254E-03   -0.33067E-03    0.34705E-03    0.15343E-02
    0.11357E-03   -0.74863E-03    0.24743E-04    0.15650E-02    0.22596E-01    0.27675E-02    0.14622E-02   -0.26005E+01   -0.25139E+01    0.18605E+02   -0.29790E+00   -0.12409E+02   -0.73606E+00   -0.17529E+00    0.65470E-02   -0.19449E+00   -0.15723E-04    0.37660E-03    0.70959E-01    0.11538E+01   -0.16785E+00    0.15480E+00   -0.31417E-01    0.36747E+00   -0.25852E+00    0.10356E+00   -0.19572E+00    0.24312E+00   -0.24834E+00    0.18377E+00    0.82943E-01    0.35420E+00    0.18233E+00    0.39244E+00    0.19128E+00    0.10657E+00    0.16093E+00   -0.89059E-01   -0.25412E+00   -0.21699E+00    0.13710E+00    0.16861E+02    0.17233E+00    0.38805E+00    0.59698E+01   -0.20217E-01   -0.53040E-01   -0.13554E-01   -0.54335E-02    0.13191E-01    0.19811E-02    0.23055E-01    0.30148E-02    0.14125E-01   -0.40308E-03    0.32138E-02   -0.85077E-02
    0.35555E-04   -0.20689E-03    0.25431E-04   -0.12790E-03    0.13156E-01    0.73518E-03   -0.65243E-03    0.51341E+01    0.71567E+00   -0.10582E+01   -0.22075E+00   -0.12174E+00   -0.86097E+00   -0.85627E-02   -0.14919E-01    0.24330E-02    0.90540E-05    0.19905E-04    0.58659E-02    0.41323E+00   -0.40064E-01   -0.22505E-01    0.17016E-01    0.51362E-01   -0.42281E-01   -0.61924E-01    0.50144E-02    0.36692E-01   -0.28561E-01    0.37303E-01    0.44506E-01    0.32023E-01    0.49641E-01    0.33876E-01   -0.19919E-01   -0.20871E-01    0.50773E-02    0.34836E-01   -0.16049E-01   -0.44935E-02    0.51802E-01    0.17233E+00    0.23805E+01    0.28595E-01    0.28483E+00   -0.92722E-01   -0.10695E+00   -0.37612E-02    0.48582E-02    0.10033E-01   -0.33632E-03    0.15619E-02   -0.25947E-03    0.14949E-02    0.10906E-02    0.38365E-03    0.11729E-02
    0.42488E-04   -0.24213E-03    0.36265E-04    0.24693E-03    0.12042E-01    0.84986E-03   -0.27657E-04   -0.84782E+00   -0.49847E+00    0.21285E+00   -0.40332E-01   -0.63099E+00   -0.90937E-01   -0.35413E-02    0.38283E-02   -0.84406E-02    0.24193E-05    0.29258E-04    0.45717E-01    0.17370E+00   -0.17676E-01    0.36953E-03    0.39406E-02    0.27396E-01   -0.13050E-01    0.15244E-01    0.10194E-01    0.24976E-02   -0.35843E-02    0.10390E-01    0.15479E-01    0.11584E-01   -0.66215E-03    0.11514E-01    0.13448E-01    0.20055E-01    0.11141E-01    0.98936E-02    0.11605E-02   -0.98977E-02    0.14751E+00    0.38805E+00    0.28595E-01    0.24715E+00    0.33914E+00    0.37095E-02    0.10526E-01   -0.13065E-03   -0.38219E-03    0.15498E-02    0.30565E-03    0.16247E-03    0.35249E-03    0.13224E-03    0.72235E-03    0.55783E-03    0.14399E-03
    0.13101E-03   -0.85260E-03    0.51061E-04    0.50462E-03    0.32117E-01    0.26054E-02   -0.10615E-02   -0.14694E+01   -0.17762E+01    0.94556E+01   -0.13136E+00   -0.79025E+01   -0.10518E+01   -0.12239E+00    0.82346E-02   -0.13517E+00   -0.25826E-04    0.40049E-03    0.11034E+00    0.14376E+01   -0.19206E+00    0.77618E-01   -0.88600E-01    0.32244E+00   -0.11366E+00    0.96288E-01   -0.14633E+00    0.16185E+00   -0.21400E+00    0.13244E+00    0.14078E+00    0.24813E+00    0.13718E+00    0.26169E+00    0.34042E-01    0.16476E+00    0.85570E-01   -0.33446E-01   -0.23474E+00   -0.18415E+00    0.45051E+00    0.59698E+01    0.28483E+00    0.33914E+00    0.17404E+02   -0.98149E-02   -0.73729E-01   -0.27775E-01   -0.14385E-01   -0.52179E-02    0.20665E-02    0.25695E-02    0.23764E-02    0.17886E-02   -0.47526E-03    0.46400E-02    0.31399E-01
   -0.45915E-06    0.20163E-05    0.28649E-06    0.62553E-05   -0.23307E-03   -0.10758E-04    0.83211E-05   -0.14454E-02    0.18646E-01   -0.51560E-01    0.48004E-01    0.74057E-01    0.45607E-01    0.51871E-03    0.12130E-03   -0.23349E-03   -0.81168E-06    0.48376E-05    0.38171E-02   -0.57187E-01    0.43640E-03   -0.40782E-03    0.12773E-02   -0.92423E-03    0.18555E-02    0.47765E-03    0.14266E-02   -0.25771E-02    0.31065E-02   -0.35114E-02    0.25115E-02   -0.36856E-02   -0.14015E-02   -0.30188E-02   -0.14796E-03    0.18646E-02    0.36710E-03    0.45598E-03    0.41335E-02    0.20875E-02    0.91441E-02   -0.20217E-01   -0.92722E-01    0.37095E-02   -0.98149E-02    0.81386E-02    0.73520E-02   -0.19897E-03    0.55078E-04   -0.27878E-03    0.12204E-04   -0.38915E-04    0.46886E-05   -0.27195E-04   -0.10536E-03    0.30149E-04    0.12974E-03
