# omegabh2 omegach2 theta tau mnu logA ns calPlanck galfTE100 galfTE100143 galfTE100217 galfTE143 galfTE143217 galfTE217 cal0 cal2
  5.3743492E-08  -9.9432226E-08   2.2125570E-08   3.7267407E-07   4.7176094E-06   1.0532806E-06   1.2137722E-06  -1.2997741E-09  -9.0835761E-08  -1.2301409E-07   9.5064396E-08  -4.6815661E-07  -3.2864866E-07  -2.3461231E-06  -2.2746128E-09   1.4381550E-09
 -9.9432226E-08   2.7138453E-06  -1.0542942E-07  -1.7845337E-06  -1.0935809E-04   5.2488460E-06  -5.0919294E-06  -4.9754661E-08   6.7411280E-07   6.7971740E-07  -8.9277495E-07   2.3187808E-06   3.1070248E-06   2.0604014E-05   1.5574599E-08  -8.8761175E-09
  2.2125570E-08  -1.0542942E-07   2.1621292E-07   1.7583878E-07   8.3995289E-06   1.9045715E-07   6.3493628E-07  -1.3897597E-08  -4.0018386E-07  -1.6439857E-07   2.9519366E-07  -1.7639788E-07   4.1072971E-07  -1.2686446E-06  -1.7222661E-10   3.7584642E-09
  3.7267407E-07  -1.7845337E-06   1.7583878E-07   7.2558142E-05   8.2564982E-05   1.4914916E-04   2.3872845E-05  -3.2272712E-07  -6.1424351E-06  -2.7596425E-06  -8.8549297E-06  -7.5374747E-06  -5.0667234E-06  -2.8750162E-06  -3.8556067E-08  -6.2937413E-09
  4.7176094E-06  -1.0935809E-04   8.3995289E-06   8.2564982E-05   9.9287769E-03  -2.4730859E-04   1.7091102E-04   1.3890881E-06  -3.8325978E-05  -3.6817127E-05   1.2194406E-04  -8.7320972E-05  -1.7744894E-04  -1.0907769E-03  -3.5971241E-07   3.9890389E-07
  1.0532806E-06   5.2488460E-06   1.9045715E-07   1.4914916E-04  -2.4730859E-04   4.1212261E-04   6.3564409E-05   1.3162328E-05  -8.9918677E-06  -3.2169740E-06  -2.8064284E-05  -8.6903484E-06   2.4414989E-05   1.9933965E-04   3.3632233E-09  -1.1854726E-07
  1.2137722E-06  -5.0919294E-06   6.3493628E-07   2.3872845E-05   1.7091102E-04   6.3564409E-05   1.0541063E-04   5.3360540E-07  -9.3053086E-06  -4.1116302E-06   9.6191770E-06  -1.5276289E-05   1.2140918E-05   8.5557434E-05  -1.3728288E-07  -7.1533825E-09
 -1.2997741E-09  -4.9754661E-08  -1.3897597E-08  -3.2272712E-07   1.3890881E-06   1.3162328E-05   5.3360540E-07   6.4735194E-06   8.1702883E-07  -5.3982221E-07  -2.5994618E-06  -2.6928828E-06   1.6407753E-07   2.0424724E-05  -1.0641503E-08  -1.5452066E-08
 -9.0835761E-08   6.7411280E-07  -4.0018386E-07  -6.1424351E-06  -3.8325978E-05  -8.9918677E-06  -9.3053086E-06   8.1702883E-07   1.4463940E-03   2.6486851E-04   1.0317324E-04  -3.5724451E-04  -7.3562003E-05  -3.9697083E-05  -1.8759987E-07  -1.6436212E-07
 -1.2301409E-07   6.7971740E-07  -1.6439857E-07  -2.7596425E-06  -3.6817127E-05  -3.2169740E-06  -4.1116302E-06  -5.3982221E-07   2.6486851E-04   8.8949121E-04   2.1173656E-05   7.6016648E-04   7.4429018E-05  -6.4863369E-04   2.7160195E-08   9.8572779E-08
  9.5064396E-08  -8.9277495E-07   2.9519366E-07  -8.8549297E-06   1.2194406E-04  -2.8064284E-05   9.6191770E-06  -2.5994618E-06   1.0317324E-04   2.1173656E-05   7.2706495E-03  -2.9445765E-04   6.2694323E-04   4.5022012E-03   7.7583456E-07   2.0453874E-07
 -4.6815661E-07   2.3187808E-06  -1.7639788E-07  -7.5374747E-06  -8.7320972E-05  -8.6903484E-06  -1.5276289E-05  -2.6928828E-06  -3.5724451E-04   7.6016648E-04  -2.9445765E-04   2.9359214E-03   5.5066612E-04  -1.1710421E-03   4.1893807E-07   1.7596849E-07
 -3.2864866E-07   3.1070248E-06   4.1072971E-07  -5.0667234E-06  -1.7744894E-04   2.4414989E-05   1.2140918E-05   1.6407753E-07  -7.3562003E-05   7.4429018E-05   6.2694323E-04   5.5066612E-04   6.4764089E-03   7.6182721E-03   2.4982434E-07  -1.1997316E-07
 -2.3461231E-06   2.0604014E-05  -1.2686446E-06  -2.8750162E-06  -1.0907769E-03   1.9933965E-04   8.5557434E-05   2.0424724E-05  -3.9697083E-05  -6.4863369E-04   4.5022012E-03  -1.1710421E-03   7.6182721E-03   7.2770668E-02  -2.6047089E-07   8.0128154E-07
 -2.2746128E-09   1.5574599E-08  -1.7222661E-10  -3.8556067E-08  -3.5971241E-07   3.3632233E-09  -1.3728288E-07  -1.0641503E-08  -1.8759987E-07   2.7160195E-08   7.7583456E-07   4.1893807E-07   2.4982434E-07  -2.6047089E-07   4.9148935E-07  -1.6671271E-09
  1.4381550E-09  -8.8761175E-09   3.7584642E-09  -6.2937413E-09   3.9890389E-07  -1.1854726E-07  -7.1533825E-09  -1.5452066E-08  -1.6436212E-07   9.8572779E-08   2.0453874E-07   1.7596849E-07  -1.1997316E-07   8.0128154E-07  -1.6671271E-09   4.1098864E-07
