# omegabh2 omegach2 theta tau meffsterile nnu logA ns r calPlanck acib217 xi asz143 aps100 aps143 aps143217 aps217 aksz kgal100 kgal143 kgal143217 kgal217 galfEE100 galfEE100143 galfEE100217 galfEE143 galfEE143217 galfEE217 galfTE100 galfTE100143 galfTE100217 galfTE143 galfTE143217 galfTE217 cal0 cal2
    0.3370069E-07    0.1369948E-06    0.2397811E-08    0.1432358E-05   -0.2457438E-05    0.1224991E-04    0.3067517E-05    0.8223473E-06    0.2756640E-06    0.2563484E-07   -0.5102514E-04    0.2557309E-05    0.1469733E-04   -0.2034485E-03   -0.1215461E-03   -0.2820267E-05    0.1753172E-04   -0.2218737E-04    0.7220840E-05   -0.2014390E-07    0.1030181E-04    0.2383279E-04    0.1316195E-06    0.5088318E-07   -0.3273577E-07    0.4205143E-07   -0.1892244E-07    0.7938180E-07   -0.4132640E-06   -0.1810076E-06   -0.5962589E-06   -0.1412494E-06   -0.2252707E-06   -0.1400129E-05    0.1760379E-08   -0.2234907E-08
    0.1369948E-06    0.1120184E-04   -0.6822638E-06    0.3565892E-05   -0.2834476E-03    0.3185597E-03    0.2299822E-04    0.8656852E-05    0.3893150E-05    0.2565242E-06    0.2624944E-02   -0.1663703E-04   -0.6315528E-03    0.9874129E-02    0.4207788E-02    0.2643155E-03   -0.2210440E-02    0.9813333E-03    0.2017116E-03   -0.1082838E-04    0.1917157E-03   -0.3789585E-03    0.5610476E-06    0.4212204E-07    0.6608240E-06    0.3018454E-06   -0.1216762E-06   -0.1878919E-05   -0.3136103E-06    0.3121672E-06   -0.1081292E-04    0.8634138E-06    0.6470211E-05    0.1545088E-04   -0.2624970E-07    0.2692156E-06
    0.2397811E-08   -0.6822638E-06    0.1414937E-06    0.6553147E-06   -0.5564299E-06   -0.2555382E-04    0.9991516E-07   -0.3469470E-06   -0.4928115E-06   -0.2537873E-07   -0.2326838E-03    0.3211358E-05    0.6379726E-04   -0.1087105E-02   -0.4449561E-03   -0.4297336E-04    0.1094336E-03   -0.9240566E-04   -0.1091428E-04   -0.4062350E-06    0.1087851E-04    0.9706324E-04    0.4980499E-08   -0.2436606E-07   -0.5053966E-07   -0.1685716E-07   -0.9552169E-07    0.1079579E-06   -0.8512288E-06   -0.2892342E-06    0.2953847E-06   -0.3009246E-07   -0.8159777E-06   -0.2048173E-05    0.1701255E-08   -0.9210002E-08
    0.1432358E-05    0.3565892E-05    0.6553147E-06    0.2292981E-03   -0.2225316E-03    0.6495293E-03    0.4393121E-03    0.6368224E-04   -0.7319563E-05   -0.3633223E-05   -0.5048034E-02    0.9054714E-04    0.1384219E-02   -0.2835236E-01   -0.1091119E-01   -0.1753959E-02    0.1407510E-02   -0.1558420E-02    0.1190588E-03    0.1558514E-03   -0.3322254E-03   -0.9864316E-05    0.9054757E-05    0.3560711E-05    0.3763037E-05    0.3978443E-05   -0.2265311E-05    0.2381241E-07   -0.1586607E-04   -0.6637505E-05   -0.1105559E-04   -0.1287629E-04   -0.6490806E-05   -0.7552901E-04   -0.3107620E-06   -0.4462585E-06
   -0.2457438E-05   -0.2834476E-03   -0.5564299E-06   -0.2225316E-03    0.4464272E-01    0.1860141E-02   -0.4301890E-03   -0.4889934E-03   -0.5753104E-03   -0.1415894E-04    0.3193856E-01   -0.9336097E-03   -0.1126734E-01    0.1838392E+00    0.1570436E+00    0.8437243E-01    0.8417377E-01    0.2060837E-01   -0.4606003E-02   -0.6927623E-03   -0.8640998E-02   -0.3646829E-01   -0.9832188E-04   -0.1756478E-04    0.1719346E-04   -0.4176191E-04    0.5420819E-04    0.1183283E-03   -0.1750899E-05    0.1731154E-04    0.5151274E-04    0.1880469E-04   -0.1536541E-03   -0.3102011E-03   -0.1739070E-05   -0.2312628E-05
    0.1224991E-04    0.3185597E-03   -0.2555382E-04    0.6495293E-03    0.1860141E-02    0.1626850E-01    0.1849345E-02    0.5540041E-03    0.2019148E-03    0.1130949E-04    0.1018742E+00   -0.7802385E-03   -0.2108811E-01    0.3503498E+00    0.1656237E+00    0.2235267E-01   -0.6213056E-01    0.3664133E-01    0.7606936E-02    0.1663406E-02    0.8012369E-02   -0.2585059E-01    0.5725938E-04    0.2066437E-04    0.2174802E-04    0.2167067E-04   -0.1302107E-04   -0.5018550E-04   -0.5975141E-04    0.4733513E-05   -0.2561966E-03   -0.1433494E-04    0.7106230E-04    0.2379583E-03   -0.2929778E-05    0.8167441E-05
    0.3067517E-05    0.2299822E-04    0.9991516E-07    0.4393121E-03   -0.4301890E-03    0.1849345E-02    0.8973629E-03    0.1335675E-03   -0.2662755E-05    0.5380134E-05   -0.5145008E-02    0.1963668E-03    0.1581633E-02   -0.3149335E-01   -0.1035648E-01    0.1473035E-02    0.6113151E-02   -0.2024887E-02    0.3105181E-03   -0.1858627E-03   -0.9365547E-03   -0.1074008E-03    0.1955434E-04    0.7353691E-05    0.8164911E-05    0.8557730E-05   -0.5979353E-05   -0.2642847E-05   -0.2599362E-04   -0.1033422E-04   -0.4618884E-04   -0.2443885E-04   -0.7372809E-06   -0.1131927E-03   -0.4666158E-06   -0.6918036E-06
    0.8223473E-06    0.8656852E-05   -0.3469470E-06    0.6368224E-04   -0.4889934E-03    0.5540041E-03    0.1335675E-03    0.5091485E-04    0.4363293E-04    0.1277603E-05   -0.3137766E-02    0.1079679E-03    0.9053684E-03   -0.1948011E-01   -0.4809097E-02    0.2186087E-02    0.4159806E-02   -0.2166967E-02    0.4401250E-03   -0.4889804E-04    0.8852381E-04    0.8638847E-03    0.8915262E-05    0.2810748E-05   -0.2887932E-06    0.2957394E-05   -0.1586015E-05   -0.1749078E-05   -0.4074499E-06    0.8898941E-06   -0.9405908E-06   -0.4614565E-05   -0.4003851E-05   -0.1766397E-04   -0.2896756E-06   -0.1808749E-06
    0.2756640E-06    0.3893150E-05   -0.4928115E-06   -0.7319563E-05   -0.5753104E-03    0.2019148E-03   -0.2662755E-05    0.4363293E-04    0.1519719E-02    0.1023009E-04   -0.6701407E-02    0.3889198E-03    0.1685020E-02   -0.3298429E-01   -0.4209575E-02    0.8337546E-02    0.1029323E-01   -0.2743697E-02   -0.2556647E-02   -0.2255393E-04    0.4834478E-03    0.1919504E-02   -0.2257541E-04   -0.1236492E-04   -0.4853402E-05   -0.1161956E-04   -0.8813425E-05   -0.2399396E-04    0.1924905E-03    0.5251241E-04    0.3013710E-04   -0.3520725E-04   -0.1542341E-04    0.6694208E-04   -0.7031447E-06   -0.9756462E-06
    0.2563484E-07    0.2565242E-06   -0.2537873E-07   -0.3633223E-05   -0.1415894E-04    0.1130949E-04    0.5380134E-05    0.1277603E-05    0.1023009E-04    0.6328504E-05    0.7978028E-03    0.9391086E-05    0.1012784E-04    0.3146466E-02    0.6924868E-03    0.6508148E-03    0.1330575E-02   -0.7644284E-04    0.3179381E-05    0.2070615E-04   -0.1911675E-04    0.5826452E-03    0.1774790E-05    0.5075896E-06   -0.3332672E-06    0.6721142E-06   -0.6818780E-06   -0.9754968E-06    0.3557568E-05    0.1029111E-05   -0.4252708E-05   -0.8321903E-06    0.9614169E-06    0.4402882E-05   -0.3189224E-08   -0.4227626E-07
   -0.5102514E-04    0.2624944E-02   -0.2326838E-03   -0.5048034E-02    0.3193856E-01    0.1018742E+00   -0.5145008E-02   -0.3137766E-02   -0.6701407E-02    0.7978028E-03    0.4974106E+02   -0.4822093E+00   -0.1348856E+01    0.4325451E+02    0.1452263E+01   -0.2023224E+02   -0.6711086E+02    0.2308438E+00   -0.2273755E+00    0.3707599E+00   -0.3178644E+01   -0.2560154E+02   -0.1236487E-02    0.6323176E-04    0.1102893E-02    0.8553964E-03   -0.1609850E-02   -0.3868411E-02   -0.1139247E-02    0.1929331E-02    0.8813081E-02    0.6911731E-03   -0.7900645E-02   -0.4982502E-02   -0.1730634E-03    0.4504594E-02
    0.2557309E-05   -0.1663703E-04    0.3211358E-05    0.9054714E-04   -0.9336097E-03   -0.7802385E-03    0.1963668E-03    0.1079679E-03    0.3889198E-03    0.9391086E-05   -0.4822093E+00    0.8225931E-01   -0.7830753E-01   -0.3680360E+00    0.9315845E+00    0.1717868E+01    0.7110555E+00    0.8576946E-01   -0.9674907E-02   -0.1202699E-01    0.8064074E-01    0.1027710E+00    0.4752849E-04    0.2512144E-04   -0.1912256E-04    0.6256800E-05    0.2128918E-04    0.6418047E-04    0.1355382E-05    0.8578846E-04   -0.3712049E-03   -0.7210832E-04   -0.2240269E-03   -0.5079210E-03    0.8591610E-05   -0.1555834E-04
    0.1469733E-04   -0.6315528E-03    0.6379726E-04    0.1384219E-02   -0.1126734E-01   -0.2108811E-01    0.1581633E-02    0.9053684E-03    0.1685020E-02    0.1012784E-04   -0.1348856E+01   -0.7830753E-01    0.3805406E+01   -0.2908236E+02   -0.3770684E+01    0.7666328E+01    0.6508741E+01   -0.2890897E+01   -0.1697571E+00    0.1793113E+00    0.2602364E+01    0.2124871E+01    0.1994564E-03    0.5111370E-04    0.1654553E-03    0.7341725E-04    0.6243590E-03    0.2537929E-03   -0.2347075E-02   -0.4763073E-03    0.2596276E-02    0.2715766E-03    0.1980439E-02    0.2028393E-02    0.1892057E-03   -0.3525508E-03
   -0.2034485E-03    0.9874129E-02   -0.1087105E-02   -0.2835236E-01    0.1838392E+00    0.3503498E+00   -0.3149335E-01   -0.1948011E-01   -0.3298429E-01    0.3146466E-02    0.4325451E+02   -0.3680360E+00   -0.2908236E+02    0.7223663E+03    0.7244047E+02   -0.5308595E+02   -0.6849703E+02    0.1310393E+02   -0.1441395E+00   -0.5282760E+00   -0.1474284E+02   -0.2276291E+02   -0.3841230E-02    0.3321198E-03    0.2139935E-04   -0.1068470E-02   -0.3867763E-02   -0.1870901E-01    0.3097990E-01    0.5494630E-02    0.2834895E-02    0.7646376E-02   -0.3124210E-02   -0.4237676E-01    0.4513159E-02    0.3849212E-02
   -0.1215461E-03    0.4207788E-02   -0.4449561E-03   -0.1091119E-01    0.1570436E+00    0.1656237E+00   -0.1035648E-01   -0.4809097E-02   -0.4209575E-02    0.6924868E-03    0.1452263E+01    0.9315845E+00   -0.3770684E+01    0.7244047E+02    0.5947397E+02    0.4139226E+02    0.1658916E+02   -0.4533197E+01   -0.2610795E+00   -0.1166627E+01    0.4298852E+01    0.4638684E+01   -0.1234313E-02    0.3887257E-04    0.2139918E-02   -0.8171528E-03    0.7271165E-03   -0.2270090E-02   -0.6305051E-03    0.2786897E-02   -0.1087353E-01   -0.1582035E-04   -0.1601428E-02    0.4528816E-02    0.2309463E-03    0.3490285E-03
   -0.2820267E-05    0.2643155E-03   -0.4297336E-04   -0.1753959E-02    0.8437243E-01    0.2235267E-01    0.1473035E-02    0.2186087E-02    0.8337546E-02    0.6508148E-03   -0.2023224E+02    0.1717868E+01    0.7666328E+01   -0.5308595E+02    0.4139226E+02    0.9112639E+02    0.6482053E+02   -0.1230669E+02   -0.5885245E+00   -0.5332037E+00    0.5434774E+01    0.7275462E+01    0.1123883E-02    0.3782944E-03    0.1632361E-02   -0.4752839E-03    0.4195515E-02    0.1365264E-02   -0.1205478E-02    0.2780822E-02   -0.1249110E-02    0.1574898E-02    0.3312030E-02    0.4291019E-02    0.8425456E-03   -0.2329112E-02
    0.1753172E-04   -0.2210440E-02    0.1094336E-03    0.1407510E-02    0.8417377E-01   -0.6213056E-01    0.6113151E-02    0.4159806E-02    0.1029323E-01    0.1330575E-02   -0.6711086E+02    0.7110555E+00    0.6508741E+01   -0.6849703E+02    0.1658916E+02    0.6482053E+02    0.1273715E+03   -0.1063674E+02   -0.8553329E-01   -0.5174888E+00    0.1678217E+01    0.2380560E+02    0.1742162E-02   -0.1012328E-03    0.4805475E-04   -0.1534351E-02    0.4647308E-02    0.1584962E-02    0.6076889E-02   -0.1439255E-02   -0.3257203E-02   -0.5904607E-03    0.2049396E-01    0.3315046E-01    0.6386373E-03   -0.7713174E-02
   -0.2218737E-04    0.9813333E-03   -0.9240566E-04   -0.1558420E-02    0.2060837E-01    0.3664133E-01   -0.2024887E-02   -0.2166967E-02   -0.2743697E-02   -0.7644284E-04    0.2308438E+00    0.8576946E-01   -0.2890897E+01    0.1310393E+02   -0.4533197E+01   -0.1230669E+02   -0.1063674E+02    0.6549279E+01    0.8410703E-01   -0.1610442E+00   -0.2399670E+01   -0.2023386E+01   -0.2803367E-03   -0.1043833E-03   -0.5581149E-03    0.9335744E-04   -0.6522891E-03    0.2238582E-03    0.7157795E-03    0.9277793E-04   -0.3314306E-02    0.8654654E-04   -0.3675332E-02   -0.4634609E-03   -0.1507163E-03    0.1453682E-03
    0.7220840E-05    0.2017116E-03   -0.1091428E-04    0.1190588E-03   -0.4606003E-02    0.7606936E-02    0.3105181E-03    0.4401250E-03   -0.2556647E-02    0.3179381E-05   -0.2273755E+00   -0.9674907E-02   -0.1697571E+00   -0.1441395E+00   -0.2610795E+00   -0.5885245E+00   -0.8553329E-01    0.8410703E-01    0.3155695E+01    0.7348471E+00    0.3997226E+00    0.8466709E+00   -0.1006925E-04    0.2176744E-04    0.1224940E-03    0.1122457E-04    0.8828988E-04   -0.4391312E-03   -0.2587467E-02    0.5902726E-03    0.4563449E-03    0.4712203E-03   -0.1582275E-03   -0.3008773E-03    0.4228336E-03    0.3441549E-04
   -0.2014390E-07   -0.1082838E-04   -0.4062350E-06    0.1558514E-03   -0.6927623E-03    0.1663406E-02   -0.1858627E-03   -0.4889804E-04   -0.2255393E-04    0.2070615E-04    0.3707599E+00   -0.1202699E-01    0.1793113E+00   -0.5282760E+00   -0.1166627E+01   -0.5332037E+00   -0.5174888E+00   -0.1610442E+00    0.7348471E+00    0.3083914E+01    0.2390075E+01    0.1306560E+01    0.3272516E-03    0.4389336E-04    0.2670409E-03    0.5670182E-04    0.1988720E-03    0.5103276E-03    0.2977207E-02    0.6620572E-04   -0.2167902E-02   -0.2490319E-03    0.2612928E-03    0.4533530E-02   -0.4180724E-03   -0.2263750E-03
    0.1030181E-04    0.1917157E-03    0.1087851E-04   -0.3322254E-03   -0.8640998E-02    0.8012369E-02   -0.9365547E-03    0.8852381E-04    0.4834478E-03   -0.1911675E-04   -0.3178644E+01    0.8064074E-01    0.2602364E+01   -0.1474284E+02    0.4298852E+01    0.5434774E+01    0.1678217E+01   -0.2399670E+01    0.3997226E+00    0.2390075E+01    0.1792795E+02    0.2721639E+02    0.8479255E-04    0.1094919E-03    0.6931885E-03   -0.1305851E-03   -0.1074154E-03   -0.9204394E-03   -0.6588184E-02   -0.7095622E-03   -0.1946735E-01   -0.6924689E-03   -0.1718955E-03   -0.6060448E-02   -0.7506669E-04    0.2350079E-02
    0.2383279E-04   -0.3789585E-03    0.9706324E-04   -0.9864316E-05   -0.3646829E-01   -0.2585059E-01   -0.1074008E-03    0.8638847E-03    0.1919504E-02    0.5826452E-03   -0.2560154E+02    0.1027710E+00    0.2124871E+01   -0.2276291E+02    0.4638684E+01    0.7275462E+01    0.2380560E+02   -0.2023386E+01    0.8466709E+00    0.1306560E+01    0.2721639E+02    0.6176607E+02    0.6340689E-03    0.9702382E-04   -0.2298552E-03   -0.5603137E-03   -0.5163704E-03   -0.1199880E-03   -0.9219613E-02   -0.1400260E-02   -0.3332808E-01   -0.2007013E-03   -0.1853061E-02   -0.1649784E-01   -0.1231385E-04    0.4143221E-02
    0.1316195E-06    0.5610476E-06    0.4980499E-08    0.9054757E-05   -0.9832188E-04    0.5725938E-04    0.1955434E-04    0.8915262E-05   -0.2257541E-04    0.1774790E-05   -0.1236487E-02    0.4752849E-04    0.1994564E-03   -0.3841230E-02   -0.1234313E-02    0.1123883E-02    0.1742162E-02   -0.2803367E-03   -0.1006925E-04    0.3272516E-03    0.8479255E-04    0.6340689E-03    0.1257521E-03    0.1141321E-04   -0.1866958E-06    0.3538840E-05    0.1610466E-05    0.1034040E-04   -0.1827988E-04   -0.1786483E-05    0.1085646E-04    0.2650671E-05    0.1714092E-05   -0.2363489E-05   -0.1212178E-06   -0.1087934E-06
    0.5088318E-07    0.4212204E-07   -0.2436606E-07    0.3560711E-05   -0.1756478E-04    0.2066437E-04    0.7353691E-05    0.2810748E-05   -0.1236492E-04    0.5075896E-06    0.6323176E-04    0.2512144E-04    0.5111370E-04    0.3321198E-03    0.3887257E-04    0.3782944E-03   -0.1012328E-03   -0.1043833E-03    0.2176744E-04    0.4389336E-04    0.1094919E-03    0.9702382E-04    0.1141321E-04    0.1382590E-04   -0.1541192E-06    0.6251773E-05   -0.3904442E-06    0.2336368E-06   -0.3454803E-05   -0.2653457E-05   -0.1655669E-04   -0.9245544E-06   -0.6127033E-06   -0.3791150E-07   -0.3448746E-08    0.3834773E-07
   -0.3273577E-07    0.6608240E-06   -0.5053966E-07    0.3763037E-05    0.1719346E-04    0.2174802E-04    0.8164911E-05   -0.2887932E-06   -0.4853402E-05   -0.3332672E-06    0.1102893E-02   -0.1912256E-04    0.1654553E-03    0.2139935E-04    0.2139918E-02    0.1632361E-02    0.4805475E-04   -0.5581149E-03    0.1224940E-03    0.2670409E-03    0.6931885E-03   -0.2298552E-03   -0.1866958E-06   -0.1541192E-06    0.2279574E-03   -0.1367177E-05   -0.1168157E-05    0.1432477E-04   -0.2119851E-04   -0.6356726E-05   -0.3025429E-04   -0.1584559E-05    0.1126418E-04   -0.1396894E-04    0.4504939E-07    0.4539648E-08
    0.4205143E-07    0.3018454E-06   -0.1685716E-07    0.3978443E-05   -0.4176191E-04    0.2167067E-04    0.8557730E-05    0.2957394E-05   -0.1161956E-04    0.6721142E-06    0.8553964E-03    0.6256800E-05    0.7341725E-04   -0.1068470E-02   -0.8171528E-03   -0.4752839E-03   -0.1534351E-02    0.9335744E-04    0.1122457E-04    0.5670182E-04   -0.1305851E-03   -0.5603137E-03    0.3538840E-05    0.6251773E-05   -0.1367177E-05    0.2944508E-04   -0.1320923E-05   -0.1607298E-05   -0.3467726E-05   -0.2705429E-05    0.4468815E-05   -0.1078464E-05    0.2305773E-05    0.4493102E-05   -0.4661075E-07    0.1586836E-07
   -0.1892244E-07   -0.1216762E-06   -0.9552169E-07   -0.2265311E-05    0.5420819E-04   -0.1302107E-04   -0.5979353E-05   -0.1586015E-05   -0.8813425E-05   -0.6818780E-06   -0.1609850E-02    0.2128918E-04    0.6243590E-03   -0.3867763E-02    0.7271165E-03    0.4195515E-02    0.4647308E-02   -0.6522891E-03    0.8828988E-04    0.1988720E-03   -0.1074154E-03   -0.5163704E-03    0.1610466E-05   -0.3904442E-06   -0.1168157E-05   -0.1320923E-05    0.3896711E-03    0.9551204E-05    0.1818486E-04    0.4732951E-05    0.4517435E-04    0.1800091E-05   -0.9387050E-05   -0.5065901E-05   -0.6260572E-07   -0.2924247E-06
    0.7938180E-07   -0.1878919E-05    0.1079579E-06    0.2381241E-07    0.1183283E-03   -0.5018550E-04   -0.2642847E-05   -0.1749078E-05   -0.2399396E-04   -0.9754968E-06   -0.3868411E-02    0.6418047E-04    0.2537929E-03   -0.1870901E-01   -0.2270090E-02    0.1365264E-02    0.1584962E-02    0.2238582E-03   -0.4391312E-03    0.5103276E-03   -0.9204394E-03   -0.1199880E-03    0.1034040E-04    0.2336368E-06    0.1432477E-04   -0.1607298E-05    0.9551204E-05    0.3443336E-02    0.7353340E-04    0.1617883E-04   -0.2748588E-04    0.4908186E-05   -0.4512671E-04   -0.2172373E-03   -0.1634028E-06   -0.1472024E-05
   -0.4132640E-06   -0.3136103E-06   -0.8512288E-06   -0.1586607E-04   -0.1750899E-05   -0.5975141E-04   -0.2599362E-04   -0.4074499E-06    0.1924905E-03    0.3557568E-05   -0.1139247E-02    0.1355382E-05   -0.2347075E-02    0.3097990E-01   -0.6305051E-03   -0.1205478E-02    0.6076889E-02    0.7157795E-03   -0.2587467E-02    0.2977207E-02   -0.6588184E-02   -0.9219613E-02   -0.1827988E-04   -0.3454803E-05   -0.2119851E-04   -0.3467726E-05    0.1818486E-04    0.7353340E-04    0.5886484E-02    0.1840005E-02    0.1674411E-02   -0.7063644E-03   -0.1920050E-03   -0.8967606E-04    0.1004190E-05   -0.1696209E-05
   -0.1810076E-06    0.3121672E-06   -0.2892342E-06   -0.6637505E-05    0.1731154E-04    0.4733513E-05   -0.1033422E-04    0.8898941E-06    0.5251241E-04    0.1029111E-05    0.1929331E-02    0.8578846E-04   -0.4763073E-03    0.5494630E-02    0.2786897E-02    0.2780822E-02   -0.1439255E-02    0.9277793E-04    0.5902726E-03    0.6620572E-04   -0.7095622E-03   -0.1400260E-02   -0.1786483E-05   -0.2653457E-05   -0.6356726E-05   -0.2705429E-05    0.4732951E-05    0.1617883E-04    0.1840005E-02    0.1238171E-02    0.8468522E-03    0.2121389E-03   -0.3246007E-04   -0.2263014E-03   -0.2154799E-06    0.1493149E-06
   -0.5962589E-06   -0.1081292E-04    0.2953847E-06   -0.1105559E-04    0.5151274E-04   -0.2561966E-03   -0.4618884E-04   -0.9405908E-06    0.3013710E-04   -0.4252708E-05    0.8813081E-02   -0.3712049E-03    0.2596276E-02    0.2834895E-02   -0.1087353E-01   -0.1249110E-02   -0.3257203E-02   -0.3314306E-02    0.4563449E-03   -0.2167902E-02   -0.1946735E-01   -0.3332808E-01    0.1085646E-04   -0.1655669E-04   -0.3025429E-04    0.4468815E-05    0.4517435E-04   -0.2748588E-04    0.1674411E-02    0.8468522E-03    0.3327293E-01   -0.4737488E-03    0.1366262E-02    0.1054980E-01   -0.7363432E-06   -0.1353361E-05
   -0.1412494E-06    0.8634138E-06   -0.3009246E-07   -0.1287629E-04    0.1880469E-04   -0.1433494E-04   -0.2443885E-04   -0.4614565E-05   -0.3520725E-04   -0.8321903E-06    0.6911731E-03   -0.7210832E-04    0.2715766E-03    0.7646376E-02   -0.1582035E-04    0.1574898E-02   -0.5904607E-03    0.8654654E-04    0.4712203E-03   -0.2490319E-03   -0.6924689E-03   -0.2007013E-03    0.2650671E-05   -0.9245544E-06   -0.1584559E-05   -0.1078464E-05    0.1800091E-05    0.4908186E-05   -0.7063644E-03    0.2121389E-03   -0.4737488E-03    0.1387035E-02    0.2323061E-03   -0.3864422E-03    0.2565895E-06    0.2609272E-06
   -0.2252707E-06    0.6470211E-05   -0.8159777E-06   -0.6490806E-05   -0.1536541E-03    0.7106230E-04   -0.7372809E-06   -0.4003851E-05   -0.1542341E-04    0.9614169E-06   -0.7900645E-02   -0.2240269E-03    0.1980439E-02   -0.3124210E-02   -0.1601428E-02    0.3312030E-02    0.2049396E-01   -0.3675332E-02   -0.1582275E-03    0.2612928E-03   -0.1718955E-03   -0.1853061E-02    0.1714092E-05   -0.6127033E-06    0.1126418E-04    0.2305773E-05   -0.9387050E-05   -0.4512671E-04   -0.1920050E-03   -0.3246007E-04    0.1366262E-02    0.2323061E-03    0.5042137E-02    0.3786366E-02    0.5385776E-06   -0.2344702E-05
   -0.1400129E-05    0.1545088E-04   -0.2048173E-05   -0.7552901E-04   -0.3102011E-03    0.2379583E-03   -0.1131927E-03   -0.1766397E-04    0.6694208E-04    0.4402882E-05   -0.4982502E-02   -0.5079210E-03    0.2028393E-02   -0.4237676E-01    0.4528816E-02    0.4291019E-02    0.3315046E-01   -0.4634609E-03   -0.3008773E-03    0.4533530E-02   -0.6060448E-02   -0.1649784E-01   -0.2363489E-05   -0.3791150E-07   -0.1396894E-04    0.4493102E-05   -0.5065901E-05   -0.2172373E-03   -0.8967606E-04   -0.2263014E-03    0.1054980E-01   -0.3864422E-03    0.3786366E-02    0.3522591E-01   -0.1956577E-05   -0.5786468E-05
    0.1760379E-08   -0.2624970E-07    0.1701255E-08   -0.3107620E-06   -0.1739070E-05   -0.2929778E-05   -0.4666158E-06   -0.2896756E-06   -0.7031447E-06   -0.3189224E-08   -0.1730634E-03    0.8591610E-05    0.1892057E-03    0.4513159E-02    0.2309463E-03    0.8425456E-03    0.6386373E-03   -0.1507163E-03    0.4228336E-03   -0.4180724E-03   -0.7506669E-04   -0.1231385E-04   -0.1212178E-06   -0.3448746E-08    0.4504939E-07   -0.4661075E-07   -0.6260572E-07   -0.1634028E-06    0.1004190E-05   -0.2154799E-06   -0.7363432E-06    0.2565895E-06    0.5385776E-06   -0.1956577E-05    0.5229995E-06    0.1182388E-07
   -0.2234907E-08    0.2692156E-06   -0.9210002E-08   -0.4462585E-06   -0.2312628E-05    0.8167441E-05   -0.6918036E-06   -0.1808749E-06   -0.9756462E-06   -0.4227626E-07    0.4504594E-02   -0.1555834E-04   -0.3525508E-03    0.3849212E-02    0.3490285E-03   -0.2329112E-02   -0.7713174E-02    0.1453682E-03    0.3441549E-04   -0.2263750E-03    0.2350079E-02    0.4143221E-02   -0.1087934E-06    0.3834773E-07    0.4539648E-08    0.1586836E-07   -0.2924247E-06   -0.1472024E-05   -0.1696209E-05    0.1493149E-06   -0.1353361E-05    0.2609272E-06   -0.2344702E-05   -0.5786468E-05    0.1182388E-07    0.2061677E-05
