# omegabh2 omegach2 theta tau w wa logA ns calPlanck acib217 xi asz143 aps100 aps143 aps143217 aps217 aksz kgal100 kgal143 kgal143217 kgal217 cal0 cal2
  4.2986169E-08  -1.6450330E-07   3.7828462E-08   3.4109199E-07  -1.7059177E-06   2.3950015E-05   4.4734504E-07   5.0695422E-07   2.6724019E-08  -1.3675146E-04   2.3110130E-06   4.7106884E-05  -6.7116023E-04  -4.6180607E-04  -1.6935857E-04  -5.1848865E-05  -6.0043050E-05   7.4802334E-06  -2.5334079E-06   7.6904908E-07   4.8348574E-05   3.1244381E-09  -3.4123657E-09
 -1.6450330E-07   3.4457585E-06  -3.0941591E-07  -3.4244647E-06   5.6405017E-05  -4.9471762E-04   1.2402258E-06  -7.6356332E-06  -1.1912328E-07  -3.2844785E-05  -1.0472314E-06  -6.8184242E-05   8.3109528E-04   1.0591166E-03   7.6003889E-04   7.7813402E-04   2.3424845E-05  -7.8474923E-05  -1.7455778E-05   4.0276828E-05   1.0347875E-04  -2.2939811E-08   1.0524053E-08
  3.7828462E-08  -3.0941591E-07   2.1326127E-07   4.6785616E-07  -8.2413630E-06   6.7806999E-05   4.7972138E-07   9.6229386E-07   3.3760920E-08  -6.6059806E-05   2.9970916E-07   1.2240988E-05  -1.0468802E-04  -1.8596265E-04  -1.0785446E-04  -2.9449931E-05  -6.6993045E-06   3.7097409E-06  -5.1493120E-06  -7.2799368E-06   2.7910790E-05   4.8581420E-09  -2.6141755E-09
  3.4109199E-07  -3.4244647E-06   4.6785616E-07   6.5331766E-05  -9.9020240E-05   6.3740446E-04   1.2267974E-04   1.0898024E-05   3.1268718E-08  -1.4764247E-03   1.9070564E-05   7.7424711E-04  -1.4733229E-02  -6.0520530E-03  -1.1043692E-03  -7.7768439E-05  -1.2722638E-03   3.0205590E-05  -1.8315293E-04  -4.5552621E-04  -3.9324542E-04  -3.5411552E-08  -8.2405001E-08
 -1.7059177E-06   5.6405017E-05  -8.2413630E-06  -9.9020240E-05   7.2000878E-02  -2.0126949E-01  -6.4674341E-05  -1.3718085E-04  -8.1720587E-07   1.3414008E-02   1.2456474E-04   4.1220898E-04   7.5523921E-02   7.5740276E-03  -2.2284198E-05  -2.0087908E-02   9.6762747E-04  -5.4046844E-03  -7.9183453E-03  -4.7753315E-03  -1.1870377E-02   1.3631825E-07  -1.2850733E-07
  2.3950015E-05  -4.9471762E-04   6.7806999E-05   6.3740446E-04  -2.0126949E-01   6.2147660E-01   1.4279274E-04   1.1553819E-03   2.0361435E-05  -5.1756684E-02   6.2157740E-05   5.1920567E-03  -2.9725612E-01  -1.3717377E-01  -8.0935597E-02  -4.7042310E-03  -5.5490232E-03   2.1585254E-02   2.2612370E-02   1.0844653E-02   3.3189431E-02   1.9199355E-06  -7.4596715E-07
  4.4734504E-07   1.2402258E-06   4.7972138E-07   1.2267974E-04  -6.4674341E-05   1.4279274E-04   2.7690562E-04   2.2689516E-06   1.2010020E-05  -3.2782920E-03   7.9092790E-05   1.4225690E-03  -2.3677183E-02  -8.5688488E-03   1.8568406E-03   7.0687321E-03  -3.3242356E-03  -5.8841502E-04  -1.0785528E-03  -1.4151489E-03   6.7778493E-04   6.1282648E-08  -1.8348828E-07
  5.0695422E-07  -7.6356332E-06   9.6229386E-07   1.0898024E-05  -1.3718085E-04   1.1553819E-03   2.2689516E-06   2.8128923E-05   3.3782907E-07  -4.5711837E-03   9.8708583E-05   1.2079322E-03  -2.5790538E-02  -8.6254506E-03   2.5404660E-04   3.6958900E-03  -2.5221794E-03   5.4977024E-04  -2.9283079E-04  -2.9716598E-04   1.2887199E-03  -7.8257326E-08  -1.0064525E-07
  2.6724019E-08  -1.1912328E-07   3.3760920E-08   3.1268718E-08  -8.1720587E-07   2.0361435E-05   1.2010020E-05   3.3782907E-07   6.0556413E-06   6.7435238E-04  -9.5408262E-07   1.7393164E-05   3.7960016E-03   5.1496623E-04   2.7619676E-04   1.0931101E-03  -3.4153194E-06  -3.3017433E-05  -3.8126474E-05  -3.2901104E-05   7.0614473E-04   9.5156902E-09  -1.5087553E-08
 -1.3675146E-04  -3.2844785E-05  -6.6059806E-05  -1.4764247E-03   1.3414008E-02  -5.1756684E-02  -3.2782920E-03  -4.5711837E-03   6.7435238E-04   4.5134268E+01  -3.7343515E-01  -1.1228451E+00   3.7890267E+01   2.4534891E+00  -1.3058562E+01  -5.5441029E+01   1.3901284E-01   9.1109266E-02   4.5532849E-01  -6.1999716E+00  -3.4105157E+01  -1.6993204E-04   7.2159333E-04
  2.3110130E-06  -1.0472314E-06   2.9970916E-07   1.9070564E-05   1.2456474E-04   6.2157740E-05   7.9092790E-05   9.8708583E-05  -9.5408262E-07  -3.7343515E-01   8.1394120E-02  -3.3511529E-02  -5.6045892E-01   8.8984677E-01   1.6497044E+00   5.9620722E-01   3.0337700E-02  -1.0987502E-03   1.6402701E-02   1.1933364E-01   1.4922008E-01   4.9588552E-06  -1.6052940E-06
  4.7106884E-05  -6.8184242E-05   1.2240988E-05   7.7424711E-04   4.1220898E-04   5.1920567E-03   1.4225690E-03   1.2079322E-03   1.7393164E-05  -1.1228451E+00  -3.3511529E-02   3.9332813E+00  -3.1104089E+01  -3.2723984E+00   8.0767925E+00   5.7655488E+00  -2.9035969E+00  -2.0378615E-01   1.7996479E-01   2.7025457E+00   3.4694929E+00   1.1432089E-04  -4.7992702E-05
 -6.7116023E-04   8.3109528E-04  -1.0468802E-04  -1.4733229E-02   7.5523921E-02  -2.9725612E-01  -2.3677183E-02  -2.5790538E-02   3.7960016E-03   3.7890267E+01  -5.6045892E-01  -3.1104089E+01   7.9002550E+02   7.2439972E+01  -5.5223612E+01  -6.2689617E+01   1.5011254E+01  -6.3639841E+00   5.6431319E+00  -1.2009379E+01  -2.4142874E+01   3.5634971E-03   4.6775337E-04
 -4.6180607E-04   1.0591166E-03  -1.8596265E-04  -6.0520530E-03   7.5740276E-03  -1.3717377E-01  -8.5688488E-03  -8.6254506E-03   5.1496623E-04   2.4534891E+00   8.8984677E-01  -3.2723984E+00   7.2439972E+01   6.3767465E+01   4.1157047E+01   1.5902902E+01  -4.9836455E+00  -5.6060505E-01  -1.3002073E+00   3.4398746E+00   4.0339494E+00   7.1415187E-05   8.4531768E-05
 -1.6935857E-04   7.6003889E-04  -1.0785446E-04  -1.1043692E-03  -2.2284198E-05  -8.0935597E-02   1.8568406E-03   2.5404660E-04   2.7619676E-04  -1.3058562E+01   1.6497044E+00   8.0767925E+00  -5.5223612E+01   4.1157047E+01   8.5894507E+01   5.4468647E+01  -1.2652736E+01  -8.7791102E-01  -5.4265774E-01   5.2914775E+00   8.7619768E+00   4.1456833E-04  -4.2685850E-04
 -5.1848865E-05   7.7813402E-04  -2.9449931E-05  -7.7768439E-05  -2.0087908E-02  -4.7042310E-03   7.0687321E-03   3.6958900E-03   1.0931101E-03  -5.5441029E+01   5.9620722E-01   5.7655488E+00  -6.2689617E+01   1.5902902E+01   5.4468647E+01   1.0527942E+02  -9.9959015E+00  -6.6399452E-01  -1.1478580E+00   5.8962568E+00   3.4204477E+01   3.9227885E-04  -1.3903639E-03
 -6.0043050E-05   2.3424845E-05  -6.6993045E-06  -1.2722638E-03   9.6762747E-04  -5.5490232E-03  -3.3242356E-03  -2.5221794E-03  -3.4153194E-06   1.3901284E-01   3.0337700E-02  -2.9035969E+00   1.5011254E+01  -4.9836455E+00  -1.2652736E+01  -9.9959015E+00   6.2743547E+00   1.5201776E-01  -2.3034714E-01  -2.1798316E+00  -2.4946933E+00  -6.1446107E-05   3.2454095E-05
  7.4802334E-06  -7.8474923E-05   3.7097409E-06   3.0205590E-05  -5.4046844E-03   2.1585254E-02  -5.8841502E-04   5.4977024E-04  -3.3017433E-05   9.1109266E-02  -1.0987502E-03  -2.0378615E-01  -6.3639841E+00  -5.6060505E-01  -8.7791102E-01  -6.6399452E-01   1.5201776E-01   3.4039014E+00   5.9988496E-01   2.1416084E-01   1.7803056E-01   1.5799591E-04  -2.4713306E-06
 -2.5334079E-06  -1.7455778E-05  -5.1493120E-06  -1.8315293E-04  -7.9183453E-03   2.2612370E-02  -1.0785528E-03  -2.9283079E-04  -3.8126474E-05   4.5532849E-01   1.6402701E-02   1.7996479E-01   5.6431319E+00  -1.3002073E+00  -5.4265774E-01  -1.1478580E+00  -2.3034714E-01   5.9988496E-01   3.2087912E+00   2.7814205E+00   2.8284723E+00  -1.7520539E-04  -4.5323992E-05
  7.6904908E-07   4.0276828E-05  -7.2799368E-06  -4.5552621E-04  -4.7753315E-03   1.0844653E-02  -1.4151489E-03  -2.9716598E-04  -3.2901104E-05  -6.1999716E+00   1.1933364E-01   2.7025457E+00  -1.2009379E+01   3.4398746E+00   5.2914775E+00   5.8962568E+00  -2.1798316E+00   2.1416084E-01   2.7814205E+00   1.0939830E+01   1.9595983E+01   1.0416508E-06   3.9129140E-04
  4.8348574E-05   1.0347875E-04   2.7910790E-05  -3.9324542E-04  -1.1870377E-02   3.3189431E-02   6.7778493E-04   1.2887199E-03   7.0614473E-04  -3.4105157E+01   1.4922008E-01   3.4694929E+00  -2.4142874E+01   4.0339494E+00   8.7619768E+00   3.4204477E+01  -2.4946933E+00   1.7803056E-01   2.8284723E+00   1.9595983E+01   5.4288064E+01   8.4769635E-05   8.9373758E-04
  3.1244381E-09  -2.2939811E-08   4.8581420E-09  -3.5411552E-08   1.3631825E-07   1.9199355E-06   6.1282648E-08  -7.8257326E-08   9.5156902E-09  -1.6993204E-04   4.9588552E-06   1.1432089E-04   3.5634971E-03   7.1415187E-05   4.1456833E-04   3.9227885E-04  -6.1446107E-05   1.5799591E-04  -1.7520539E-04   1.0416508E-06   8.4769635E-05   3.6868195E-07   1.1478525E-09
 -3.4123657E-09   1.0524053E-08  -2.6141755E-09  -8.2405001E-08  -1.2850733E-07  -7.4596715E-07  -1.8348828E-07  -1.0064525E-07  -1.5087553E-08   7.2159333E-04  -1.6052940E-06  -4.7992702E-05   4.6775337E-04   8.4531768E-05  -4.2685850E-04  -1.3903639E-03   3.2454095E-05  -2.4713306E-06  -4.5323992E-05   3.9129140E-04   8.9373758E-04   1.1478525E-09   3.8334785E-07
