# omegabh2 omegach2 theta tau Alens ns logA aps100 aps143 aps217 acib143 acib217 asz143 psr cibr ncib cal0 cal2 xi aksz bm_1_1 bm_1_2 bm_1_3 bm_1_4 bm_1_5 bm_2_1 bm_2_2 bm_2_3 bm_2_4 bm_2_5 bm_3_1 bm_3_2 bm_3_3 bm_3_4 bm_3_5 bm_4_1 bm_4_2 bm_4_3 bm_4_4 bm_4_5
    0.82637E-07   -0.21986E-06    0.64709E-07    0.25658E-06    0.14254E-04    0.86534E-06    0.27343E-06   -0.18035E-02   -0.81422E-03   -0.21728E-03   -0.16099E-03   -0.24586E-03    0.21131E-04    0.14345E-06   -0.82330E-05   -0.15533E-05    0.53331E-09   -0.62045E-08    0.24492E-06   -0.71102E-04   -0.98281E-05   -0.11454E-04    0.12870E-05   -0.25949E-05    0.32285E-05    0.94894E-05    0.10666E-05   -0.20978E-05   -0.15773E-05   -0.34366E-05   -0.10534E-04   -0.29605E-05    0.92187E-06    0.81910E-05    0.54023E-05    0.13040E-06    0.15515E-05   -0.21052E-05   -0.11005E-05    0.78329E-06
   -0.21986E-06    0.31793E-05   -0.24338E-06   -0.32034E-05   -0.64303E-04   -0.77841E-05    0.95523E-06    0.35835E-02    0.23286E-02    0.95030E-03    0.20058E-03    0.44546E-03    0.54607E-04    0.71372E-06    0.21033E-04   -0.80637E-06    0.36192E-08    0.30946E-07   -0.17920E-06    0.16716E-03    0.66490E-04    0.15237E-04   -0.93112E-05    0.18071E-04   -0.15404E-04    0.67712E-05    0.28188E-04    0.27314E-04    0.12580E-04    0.38967E-04    0.49308E-04   -0.17954E-04   -0.92492E-05   -0.30777E-05   -0.56248E-04    0.34995E-04    0.34839E-05    0.53052E-04   -0.20429E-04    0.96270E-05
    0.64709E-07   -0.24338E-06    0.35025E-06    0.40668E-06    0.10952E-04    0.11235E-05    0.64440E-06    0.11476E-03   -0.43188E-03   -0.22279E-03   -0.99932E-05   -0.89627E-04   -0.23469E-04   -0.15697E-05   -0.31109E-05   -0.21196E-05   -0.71939E-09    0.91317E-08   -0.21852E-05   -0.15166E-04    0.76068E-07   -0.61527E-05   -0.53746E-05    0.18496E-04   -0.26601E-05    0.45195E-05   -0.13341E-04   -0.39938E-06    0.44948E-05   -0.12470E-04   -0.11832E-04    0.17156E-05    0.41860E-05    0.10874E-04    0.21337E-05   -0.65360E-05    0.77816E-05   -0.17775E-04    0.16815E-05    0.57229E-05
    0.25658E-06   -0.32034E-05    0.40668E-06    0.16474E-03   -0.32680E-03    0.15377E-04    0.32080E-03   -0.18607E-01   -0.48945E-02    0.57635E-02   -0.19794E-02   -0.36083E-02   -0.59043E-03    0.14665E-04   -0.19452E-03    0.25173E-04    0.18342E-07   -0.35648E-06   -0.75629E-04   -0.10221E-02   -0.76269E-04   -0.44397E-04    0.74381E-04    0.40431E-03    0.63003E-04    0.99810E-04    0.37256E-03    0.25651E-03   -0.97894E-04   -0.45498E-04   -0.72900E-05   -0.13222E-03   -0.24334E-04    0.87402E-04    0.52870E-04   -0.42952E-04    0.28246E-03    0.28641E-03   -0.70139E-04    0.12236E-03
    0.14254E-04   -0.64303E-04    0.10952E-04   -0.32680E-03    0.11437E-01    0.24036E-03   -0.74163E-03   -0.64006E+00   -0.11333E+00    0.47784E-03   -0.62942E-01   -0.72559E-01   -0.33885E-02    0.24629E-03   -0.34707E-02   -0.11310E-04    0.17746E-06   -0.11289E-05    0.95805E-03   -0.39201E-01   -0.28318E-02    0.23967E-02    0.13999E-02    0.18016E-02    0.14266E-02    0.30434E-02    0.57419E-03   -0.19981E-02    0.30371E-03   -0.15987E-03   -0.48266E-02   -0.53526E-04    0.10129E-02    0.94787E-03    0.23103E-02   -0.52043E-03   -0.81334E-03   -0.36717E-03    0.32635E-03   -0.42884E-03
    0.86534E-06   -0.77841E-05    0.11235E-05    0.15377E-04    0.24036E-03    0.38451E-04    0.12274E-04   -0.61998E-01   -0.87918E-02    0.64866E-02   -0.68185E-02   -0.79388E-02   -0.81913E-04    0.31365E-04   -0.24768E-03   -0.24431E-04   -0.35029E-07   -0.98427E-07    0.54114E-04   -0.29605E-02   -0.96258E-04   -0.84830E-04    0.12687E-04   -0.47777E-04    0.72021E-04    0.20994E-03    0.81736E-05   -0.34766E-05   -0.17258E-03   -0.15131E-03   -0.82417E-04    0.24870E-04   -0.12843E-03    0.86121E-04    0.11792E-03    0.82113E-04    0.14372E-03   -0.12195E-03   -0.65581E-05   -0.10726E-03
    0.27343E-06    0.95523E-06    0.64440E-06    0.32080E-03   -0.74163E-03    0.12274E-04    0.64906E-03   -0.49160E-01    0.45870E-03    0.20701E-01   -0.70535E-02   -0.92537E-02   -0.18958E-02    0.50273E-04   -0.52356E-03    0.68452E-04    0.12395E-06   -0.32547E-06   -0.11626E-03   -0.34953E-02    0.58383E-03    0.10518E-03    0.99392E-04    0.92401E-03    0.59347E-04    0.58816E-03    0.98958E-03    0.54193E-03   -0.20023E-03   -0.38105E-04    0.80546E-04   -0.25609E-03   -0.69584E-04    0.89800E-04   -0.99650E-04    0.23816E-03    0.72193E-03    0.82311E-03   -0.99024E-04    0.20915E-03
   -0.18035E-02    0.35835E-02    0.11476E-03   -0.18607E-01   -0.64006E+00   -0.61998E-01   -0.49160E-01    0.26760E+04    0.86957E+02   -0.12007E+03    0.10589E+03    0.90990E+02   -0.78205E+02   -0.10485E+01   -0.58697E+00    0.14502E+01    0.80546E-03   -0.20939E-02   -0.64729E+00   -0.16760E+02    0.11031E+02   -0.10607E+02    0.10069E+01    0.68691E+00    0.51512E+00   -0.56870E+00   -0.71532E+01   -0.20571E+01    0.76561E+00   -0.36824E+00   -0.61727E-01    0.11269E+00    0.10238E+01   -0.73838E+00   -0.30843E+01    0.81581E+00   -0.36042E+01   -0.40994E+01   -0.39535E+00    0.36415E+01
   -0.81422E-03    0.23286E-02   -0.43188E-03   -0.48945E-02   -0.11333E+00   -0.87918E-02    0.45870E-03    0.86957E+02    0.17045E+03    0.45614E+02   -0.25850E+02   -0.42013E+01   -0.81417E+01   -0.33075E+00   -0.57538E-01   -0.18188E+00    0.12735E-03    0.31663E-02    0.10362E+01   -0.13060E+02    0.82875E+00    0.45128E+00    0.20103E-01    0.27774E+00    0.21684E-01   -0.17651E+01   -0.52566E+00   -0.10710E+00   -0.25493E+00    0.11127E+00    0.13846E+01    0.19545E+00    0.19673E+00   -0.31492E+00   -0.95650E-01   -0.29180E+00   -0.52759E+00   -0.63027E-01    0.19599E+00   -0.46487E+00
   -0.21728E-03    0.95030E-03   -0.22279E-03    0.57635E-02    0.47784E-03    0.64866E-02    0.20701E-01   -0.12007E+03    0.45614E+02    0.18008E+03   -0.23069E+02   -0.59197E+02    0.52001E+01   -0.76586E-01   -0.74222E+00   -0.99351E+00    0.16068E-03   -0.41688E-02    0.37923E+00   -0.10386E+02    0.11656E+01    0.10725E+01   -0.79258E-01   -0.50408E-02   -0.14103E-01    0.10756E+01    0.56719E+00   -0.14292E-01   -0.47257E+00    0.98675E-01   -0.70936E+00    0.86594E+00   -0.43272E+00    0.42594E+00    0.41078E-01    0.21410E+00    0.68947E+00    0.34874E+00    0.34381E+00   -0.66231E+00
   -0.16099E-03    0.20058E-03   -0.99932E-05   -0.19794E-02   -0.62942E-01   -0.68185E-02   -0.70535E-02    0.10589E+03   -0.25850E+02   -0.23069E+02    0.21526E+02    0.13080E+02   -0.33023E+01    0.38807E-01    0.74851E-01    0.23613E+00   -0.10439E-03   -0.11602E-02    0.32532E-01   -0.50628E+00   -0.70721E+00   -0.56083E+00   -0.26028E-01    0.48898E-01    0.78456E-01    0.83548E+00   -0.18711E-01   -0.38557E-01    0.16502E+00    0.48583E-01   -0.56549E+00   -0.14182E+00   -0.42105E-01   -0.28881E-01   -0.92749E-02    0.26854E+00    0.54919E-01   -0.12939E+00   -0.17040E+00    0.29096E+00
   -0.24586E-03    0.44546E-03   -0.89627E-04   -0.36083E-02   -0.72559E-01   -0.79388E-02   -0.92537E-02    0.90990E+02   -0.42013E+01   -0.59197E+02    0.13080E+02    0.28034E+02   -0.29224E+01    0.78055E-01    0.29851E+00    0.50473E+00   -0.51907E-04    0.16790E-02   -0.17904E+00   -0.93267E+00   -0.41458E+00   -0.49667E+00    0.57696E-01    0.45314E-01   -0.18594E-01   -0.33373E+00   -0.25116E+00   -0.12461E-01    0.30165E+00   -0.82993E-01    0.23157E+00   -0.50551E+00    0.21640E+00   -0.31683E+00   -0.17627E+00   -0.50111E-01   -0.28116E+00   -0.16281E+00   -0.11477E+00    0.35236E+00
    0.21131E-04    0.54607E-04   -0.23469E-04   -0.59043E-03   -0.33885E-02   -0.81913E-04   -0.18958E-02   -0.78205E+02   -0.81417E+01    0.52001E+01   -0.33023E+01   -0.29224E+01    0.77816E+01    0.64348E-01    0.25759E+00   -0.13296E+00    0.37610E-04   -0.15685E-03   -0.11449E-01    0.23704E+00    0.24888E+00    0.18316E+00   -0.71106E-02   -0.49339E-01   -0.42118E-01   -0.59789E-01    0.88112E-01   -0.69995E-02   -0.40895E-02   -0.75586E-01   -0.79402E-01   -0.11431E-01    0.11040E-01   -0.23532E-01    0.79560E-02   -0.11733E+00    0.26698E-01    0.56330E-01    0.61034E-01   -0.29291E-03
    0.14345E-06    0.71372E-06   -0.15697E-05    0.14665E-04    0.24629E-03    0.31365E-04    0.50273E-04   -0.10485E+01   -0.33075E+00   -0.76586E-01    0.38807E-01    0.78055E-01    0.64348E-01    0.80120E-02   -0.50480E-02    0.72742E-02    0.10751E-05   -0.22634E-04    0.41975E-02   -0.16311E-01    0.68502E-02    0.43353E-02    0.10705E-02   -0.10695E-02   -0.14281E-02    0.10124E-01    0.70995E-03    0.16587E-03   -0.24297E-02   -0.17346E-02   -0.93720E-02   -0.22262E-02   -0.25168E-03   -0.24360E-02   -0.59982E-03    0.13322E-02    0.14059E-02   -0.33108E-02   -0.43732E-02   -0.18225E-02
   -0.82330E-05    0.21033E-04   -0.31109E-05   -0.19452E-03   -0.34707E-02   -0.24768E-03   -0.52356E-03   -0.58697E+00   -0.57538E-01   -0.74222E+00    0.74851E-01    0.29851E+00    0.25759E+00   -0.50480E-02    0.50093E-01   -0.12255E-01    0.10619E-05    0.78575E-04    0.23486E-02    0.65704E-02   -0.16193E-01   -0.31209E-02   -0.61604E-03   -0.11019E-01   -0.54737E-02   -0.36284E-01    0.80646E-03   -0.15122E-02    0.11705E-02    0.10395E-02    0.36275E-01    0.78614E-03    0.65568E-02   -0.27195E-03   -0.15361E-02   -0.27935E-02   -0.59208E-02    0.83991E-02    0.11759E-01   -0.55647E-02
   -0.15533E-05   -0.80637E-06   -0.21196E-05    0.25173E-04   -0.11310E-04   -0.24431E-04    0.68452E-04    0.14502E+01   -0.18188E+00   -0.99351E+00    0.23613E+00    0.50473E+00   -0.13296E+00    0.72742E-02   -0.12255E-01    0.20875E-01   -0.30261E-06   -0.10749E-04   -0.24451E-02   -0.19527E-01    0.30552E-02   -0.10129E-01    0.77743E-03    0.29690E-03    0.21003E-03    0.10367E-01    0.18384E-02   -0.18467E-02    0.91945E-02   -0.63629E-02   -0.14104E-01   -0.20600E-01    0.25181E-02   -0.12640E-01   -0.91468E-02   -0.15451E-02   -0.28639E-02   -0.16234E-02   -0.20270E-02    0.13405E-01
    0.53331E-09    0.36192E-08   -0.71939E-09    0.18342E-07    0.17746E-06   -0.35029E-07    0.12395E-06    0.80546E-03    0.12735E-03    0.16068E-03   -0.10439E-03   -0.51907E-04    0.37610E-04    0.10751E-05    0.10619E-05   -0.30261E-06    0.16057E-06    0.81303E-08   -0.41195E-06   -0.25017E-04   -0.22290E-04   -0.22089E-05    0.17836E-06   -0.78631E-05    0.68126E-05    0.35167E-05    0.11874E-04    0.70351E-05    0.94891E-05    0.29337E-05   -0.21164E-06   -0.32963E-05   -0.19133E-05    0.64380E-05    0.45136E-05    0.60126E-06    0.42049E-05    0.10010E-04   -0.31010E-05    0.77803E-05
   -0.62045E-08    0.30946E-07    0.91317E-08   -0.35648E-06   -0.11289E-05   -0.98427E-07   -0.32547E-06   -0.20939E-02    0.31663E-02   -0.41688E-02   -0.11602E-02    0.16790E-02   -0.15685E-03   -0.22634E-04    0.78575E-04   -0.10749E-04    0.81303E-08    0.16194E-05   -0.10547E-04   -0.34668E-04    0.91432E-04    0.19656E-04    0.84630E-05   -0.18228E-04   -0.30292E-04    0.21000E-03    0.19025E-04    0.82911E-05    0.53692E-04    0.62890E-04   -0.23936E-03   -0.21175E-04   -0.38795E-04    0.12062E-04   -0.70852E-05   -0.15696E-05    0.10037E-04    0.93570E-06   -0.48400E-04    0.56946E-04
    0.24492E-06   -0.17920E-06   -0.21852E-05   -0.75629E-04    0.95805E-03    0.54114E-04   -0.11626E-03   -0.64729E+00    0.10362E+01    0.37923E+00    0.32532E-01   -0.17904E+00   -0.11449E-01    0.41975E-02    0.23486E-02   -0.24451E-02   -0.41195E-06   -0.10547E-04    0.83299E-01    0.22842E-03    0.99093E-03    0.52241E-03   -0.10880E-02   -0.95961E-03    0.27426E-02    0.11737E-02    0.63504E-02    0.38093E-05    0.85912E-03   -0.97869E-03   -0.10440E-02   -0.48224E-02   -0.10128E-01   -0.48565E-02    0.61261E-02   -0.77357E-03    0.22798E-02    0.21436E-02    0.11377E-02   -0.42531E-02
   -0.71102E-04    0.16716E-03   -0.15166E-04   -0.10221E-02   -0.39201E-01   -0.29605E-02   -0.34953E-02   -0.16760E+02   -0.13060E+02   -0.10386E+02   -0.50628E+00   -0.93267E+00    0.23704E+00   -0.16311E-01    0.65704E-02   -0.19527E-01   -0.25017E-04   -0.34668E-04    0.22842E-03    0.76709E+01   -0.59515E-01    0.16057E-01   -0.49447E-01   -0.53816E-01    0.23753E-01   -0.32954E-01    0.59111E-01    0.15470E-01    0.46461E-01   -0.40109E-01    0.32166E-01   -0.10943E-01   -0.84126E-01    0.34002E-01    0.50989E-01   -0.20736E-01    0.42663E-01    0.14979E-01    0.23762E-01    0.33294E-01
   -0.98281E-05    0.66490E-04    0.76068E-07   -0.76269E-04   -0.28318E-02   -0.96258E-04    0.58383E-03    0.11031E+02    0.82875E+00    0.11656E+01   -0.70721E+00   -0.41458E+00    0.24888E+00    0.68502E-02   -0.16193E-01    0.30552E-02   -0.22290E-04    0.91432E-04    0.99093E-03   -0.59515E-01    0.67251E+00   -0.13567E+00    0.13733E-01    0.26424E-01    0.13770E-02    0.18496E+00   -0.48472E-01   -0.40417E-01   -0.16631E-01   -0.59811E-01    0.27953E-01    0.31370E-01   -0.17688E-01   -0.49358E-01   -0.12039E+00    0.16221E+00    0.35239E-01   -0.10455E-01    0.29239E-01    0.60375E-01
   -0.11454E-04    0.15237E-04   -0.61527E-05   -0.44397E-04    0.23967E-02   -0.84830E-04    0.10518E-03   -0.10607E+02    0.45128E+00    0.10725E+01   -0.56083E+00   -0.49667E+00    0.18316E+00    0.43353E-02   -0.31209E-02   -0.10129E-01   -0.22089E-05    0.19656E-04    0.52241E-03    0.16057E-01   -0.13567E+00    0.93636E+00   -0.18735E-01   -0.21652E-01    0.95779E-02   -0.16217E+00    0.20049E+00    0.43313E-01   -0.16155E-01    0.47718E-01   -0.13080E+00    0.39044E-01    0.36602E-01    0.18305E-01    0.17753E+00   -0.23690E+00    0.30839E-01    0.11453E+00    0.32891E-01   -0.22090E+00
    0.12870E-05   -0.93112E-05   -0.53746E-05    0.74381E-04    0.13999E-02    0.12687E-04    0.99392E-04    0.10069E+01    0.20103E-01   -0.79258E-01   -0.26028E-01    0.57696E-01   -0.71106E-02    0.10705E-02   -0.61604E-03    0.77743E-03    0.17836E-06    0.84630E-05   -0.10880E-02   -0.49447E-01    0.13733E-01   -0.18735E-01    0.97116E+00    0.54016E-02   -0.11184E-01   -0.32437E-01   -0.36106E-01    0.14181E+00   -0.45941E-02    0.65888E-01   -0.22665E-01    0.37492E-01   -0.22520E-01   -0.29390E-01    0.90011E-01   -0.51155E-01    0.20666E-01   -0.27137E-02   -0.16527E+00    0.92552E-01
   -0.25949E-05    0.18071E-04    0.18496E-04    0.40431E-03    0.18016E-02   -0.47777E-04    0.92401E-03    0.68691E+00    0.27774E+00   -0.50408E-02    0.48898E-01    0.45314E-01   -0.49339E-01   -0.10695E-02   -0.11019E-01    0.29690E-03   -0.78631E-05   -0.18228E-04   -0.95961E-03   -0.53816E-01    0.26424E-01   -0.21652E-01    0.54016E-02    0.10201E+01   -0.20549E-01    0.75463E-01   -0.93802E-01    0.97261E-01   -0.82342E-01    0.53235E-01    0.78522E-01    0.92768E-01    0.44982E-01    0.15744E+00   -0.11865E+00    0.10338E+00    0.53221E-01   -0.61292E-02   -0.14388E+00    0.69954E-01
    0.32285E-05   -0.15404E-04   -0.26601E-05    0.63003E-04    0.14266E-02    0.72021E-04    0.59347E-04    0.51512E+00    0.21684E-01   -0.14103E-01    0.78456E-01   -0.18594E-01   -0.42118E-01   -0.14281E-02   -0.54737E-02    0.21003E-03    0.68126E-05   -0.30292E-04    0.27426E-02    0.23753E-01    0.13770E-02    0.95779E-02   -0.11184E-01   -0.20549E-01    0.99080E+00    0.24979E-01    0.45767E-01   -0.51228E-01    0.43201E-01    0.68574E-01    0.67585E-01   -0.10226E+00   -0.63357E-01    0.37759E-01    0.77497E-01    0.89079E-01   -0.86422E-01    0.10073E+00   -0.13365E-01    0.13374E-02
    0.94894E-05    0.67712E-05    0.45195E-05    0.99810E-04    0.30434E-02    0.20994E-03    0.58816E-03   -0.56870E+00   -0.17651E+01    0.10756E+01    0.83548E+00   -0.33373E+00   -0.59789E-01    0.10124E-01   -0.36284E-01    0.10367E-01    0.35167E-05    0.21000E-03    0.11737E-02   -0.32954E-01    0.18496E+00   -0.16217E+00   -0.32437E-01    0.75463E-01    0.24979E-01    0.88950E+00   -0.23054E-02    0.59912E-02   -0.12196E-01   -0.25855E-02    0.49467E-02    0.12270E+00   -0.10200E+00    0.33028E-01   -0.72049E-01    0.65568E+00    0.25778E+00   -0.49414E-01   -0.62846E-01    0.88932E-01
    0.10666E-05    0.28188E-04   -0.13341E-04    0.37256E-03    0.57419E-03    0.81736E-05    0.98958E-03   -0.71532E+01   -0.52566E+00    0.56719E+00   -0.18711E-01   -0.25116E+00    0.88112E-01    0.70995E-03    0.80646E-03    0.18384E-02    0.11874E-04    0.19025E-04    0.63504E-02    0.59111E-01   -0.48472E-01    0.20049E+00   -0.36106E-01   -0.93802E-01    0.45767E-01   -0.23054E-02    0.10251E+01    0.15107E-01   -0.24780E-01   -0.78942E-02    0.51187E-01   -0.67106E-02   -0.29236E-01   -0.20905E-01    0.14442E+00   -0.75970E-01    0.27505E+00    0.79887E+00    0.29360E+00   -0.22382E+00
   -0.20978E-05    0.27314E-04   -0.39938E-06    0.25651E-03   -0.19981E-02   -0.34766E-05    0.54193E-03   -0.20571E+01   -0.10710E+00   -0.14292E-01   -0.38557E-01   -0.12461E-01   -0.69995E-02    0.16587E-03   -0.15122E-02   -0.18467E-02    0.70351E-05    0.82911E-05    0.38093E-05    0.15470E-01   -0.40417E-01    0.43313E-01    0.14181E+00    0.97261E-01   -0.51228E-01    0.59912E-02    0.15107E-01    0.98372E+00    0.31774E-01   -0.49883E-02    0.60327E-01   -0.52258E-01    0.13469E+00    0.16553E+00   -0.13516E+00   -0.20354E+00    0.63621E+00    0.13764E+00   -0.58027E+00    0.21380E+00
   -0.15773E-05    0.12580E-04    0.44948E-05   -0.97894E-04    0.30371E-03   -0.17258E-03   -0.20023E-03    0.76561E+00   -0.25493E+00   -0.47257E+00    0.16502E+00    0.30165E+00   -0.40895E-02   -0.24297E-02    0.11705E-02    0.91945E-02    0.94891E-05    0.53692E-04    0.85912E-03    0.46461E-01   -0.16631E-01   -0.16155E-01   -0.45941E-02   -0.82342E-01    0.43201E-01   -0.12196E-01   -0.24780E-01    0.31774E-01    0.96567E+00   -0.32745E-02   -0.30153E-01   -0.97488E-01   -0.14638E+00   -0.42461E-01   -0.92117E-01   -0.84391E-01    0.84453E-01   -0.68957E-01    0.26934E+00    0.66816E+00
   -0.34366E-05    0.38967E-04   -0.12470E-04   -0.45498E-04   -0.15987E-03   -0.15131E-03   -0.38105E-04   -0.36824E+00    0.11127E+00    0.98675E-01    0.48583E-01   -0.82993E-01   -0.75586E-01   -0.17346E-02    0.10395E-02   -0.63629E-02    0.29337E-05    0.62890E-04   -0.97869E-03   -0.40109E-01   -0.59811E-01    0.47718E-01    0.65888E-01    0.53235E-01    0.68574E-01   -0.25855E-02   -0.78942E-02   -0.49883E-02   -0.32745E-02    0.99077E+00   -0.72973E-01    0.86286E-01    0.22332E-01    0.16581E+00    0.32708E-01    0.11878E+00   -0.56712E+00    0.38137E+00   -0.35424E+00    0.22898E+00
   -0.10534E-04    0.49308E-04   -0.11832E-04   -0.72900E-05   -0.48266E-02   -0.82417E-04    0.80546E-04   -0.61727E-01    0.13846E+01   -0.70936E+00   -0.56549E+00    0.23157E+00   -0.79402E-01   -0.93720E-02    0.36275E-01   -0.14104E-01   -0.21164E-06   -0.23936E-03   -0.10440E-02    0.32166E-01    0.27953E-01   -0.13080E+00   -0.22665E-01    0.78522E-01    0.67585E-01    0.49467E-02    0.51187E-01    0.60327E-01   -0.30153E-01   -0.72973E-01    0.93157E+00    0.22144E-02   -0.12741E-01   -0.10534E-01   -0.37552E-01    0.59531E+00    0.16967E+00    0.11655E+00    0.71132E-01   -0.10224E+00
   -0.29605E-05   -0.17954E-04    0.17156E-05   -0.13222E-03   -0.53526E-04    0.24870E-04   -0.25609E-03    0.11269E+00    0.19545E+00    0.86594E+00   -0.14182E+00   -0.50551E+00   -0.11431E-01   -0.22262E-02    0.78614E-03   -0.20600E-01   -0.32963E-05   -0.21175E-04   -0.48224E-02   -0.10943E-01    0.31370E-01    0.39044E-01    0.37492E-01    0.92768E-01   -0.10226E+00    0.12270E+00   -0.67106E-02   -0.52258E-01   -0.97488E-01    0.86286E-01    0.22144E-02    0.98994E+00   -0.70466E-02    0.34468E-02    0.17660E-01    0.10091E+00    0.15642E+00   -0.17014E-01    0.14642E+00    0.15187E+00
    0.92187E-06   -0.92492E-05    0.41860E-05   -0.24334E-04    0.10129E-02   -0.12843E-03   -0.69584E-04    0.10238E+01    0.19673E+00   -0.43272E+00   -0.42105E-01    0.21640E+00    0.11040E-01   -0.25168E-03    0.65568E-02    0.25181E-02   -0.19133E-05   -0.38795E-04   -0.10128E-01   -0.84126E-01   -0.17688E-01    0.36602E-01   -0.22520E-01    0.44982E-01   -0.63357E-01   -0.10200E+00   -0.29236E-01    0.13469E+00   -0.14638E+00    0.22332E-01   -0.12741E-01   -0.70466E-02    0.10021E+01   -0.36438E-02   -0.56555E-02   -0.12445E+00    0.48485E-01    0.17888E+00    0.33422E-01   -0.86164E-01
    0.81910E-05   -0.30777E-05    0.10874E-04    0.87402E-04    0.94787E-03    0.86121E-04    0.89800E-04   -0.73838E+00   -0.31492E+00    0.42594E+00   -0.28881E-01   -0.31683E+00   -0.23532E-01   -0.24360E-02   -0.27195E-03   -0.12640E-01    0.64380E-05    0.12062E-04   -0.48565E-02    0.34002E-01   -0.49358E-01    0.18305E-01   -0.29390E-01    0.15744E+00    0.37759E-01    0.33028E-01   -0.20905E-01    0.16553E+00   -0.42461E-01    0.16581E+00   -0.10534E-01    0.34468E-02   -0.36438E-02    0.10134E+01   -0.38430E-02    0.52641E-03    0.36253E-01    0.12776E+00   -0.29142E+00    0.12169E+00
    0.54023E-05   -0.56248E-04    0.21337E-05    0.52870E-04    0.23103E-02    0.11792E-03   -0.99650E-04   -0.30843E+01   -0.95650E-01    0.41078E-01   -0.92749E-02   -0.17627E+00    0.79560E-02   -0.59982E-03   -0.15361E-02   -0.91468E-02    0.45136E-05   -0.70852E-05    0.61261E-02    0.50989E-01   -0.12039E+00    0.17753E+00    0.90011E-01   -0.11865E+00    0.77497E-01   -0.72049E-01    0.14442E+00   -0.13516E+00   -0.92117E-01    0.32708E-01   -0.37552E-01    0.17660E-01   -0.56555E-02   -0.38430E-02    0.98828E+00   -0.63091E-01   -0.70529E-01    0.33357E-01    0.16071E+00   -0.89106E-01
    0.13040E-06    0.34995E-04   -0.65360E-05   -0.42952E-04   -0.52043E-03    0.82113E-04    0.23816E-03    0.81581E+00   -0.29180E+00    0.21410E+00    0.26854E+00   -0.50111E-01   -0.11733E+00    0.13322E-02   -0.27935E-02   -0.15451E-02    0.60126E-06   -0.15696E-05   -0.77357E-03   -0.20736E-01    0.16221E+00   -0.23690E+00   -0.51155E-01    0.10338E+00    0.89079E-01    0.65568E+00   -0.75970E-01   -0.20354E+00   -0.84391E-01    0.11878E+00    0.59531E+00    0.10091E+00   -0.12445E+00    0.52641E-03   -0.63091E-01    0.97245E+00   -0.12919E-01    0.55650E-02    0.26505E-02   -0.24883E-01
    0.15515E-05    0.34839E-05    0.77816E-05    0.28246E-03   -0.81334E-03    0.14372E-03    0.72193E-03   -0.36042E+01   -0.52759E+00    0.68947E+00    0.54919E-01   -0.28116E+00    0.26698E-01    0.14059E-02   -0.59208E-02   -0.28639E-02    0.42049E-05    0.10037E-04    0.22798E-02    0.42663E-01    0.35239E-01    0.30839E-01    0.20666E-01    0.53221E-01   -0.86422E-01    0.25778E+00    0.27505E+00    0.63621E+00    0.84453E-01   -0.56712E+00    0.16967E+00    0.15642E+00    0.48485E-01    0.36253E-01   -0.70529E-01   -0.12919E-01    0.10094E+01    0.28771E-02    0.26243E-01    0.10583E-02
   -0.21052E-05    0.53052E-04   -0.17775E-04    0.28641E-03   -0.36717E-03   -0.12195E-03    0.82311E-03   -0.40994E+01   -0.63027E-01    0.34874E+00   -0.12939E+00   -0.16281E+00    0.56330E-01   -0.33108E-02    0.83991E-02   -0.16234E-02    0.10010E-04    0.93570E-06    0.21436E-02    0.14979E-01   -0.10455E-01    0.11453E+00   -0.27137E-02   -0.61292E-02    0.10073E+00   -0.49414E-01    0.79887E+00    0.13764E+00   -0.68957E-01    0.38137E+00    0.11655E+00   -0.17014E-01    0.17888E+00    0.12776E+00    0.33357E-01    0.55650E-02    0.28771E-02    0.10147E+01   -0.82451E-02   -0.25921E-01
   -0.11005E-05   -0.20429E-04    0.16815E-05   -0.70139E-04    0.32635E-03   -0.65581E-05   -0.99024E-04   -0.39535E+00    0.19599E+00    0.34381E+00   -0.17040E+00   -0.11477E+00    0.61034E-01   -0.43732E-02    0.11759E-01   -0.20270E-02   -0.31010E-05   -0.48400E-04    0.11377E-02    0.23762E-01    0.29239E-01    0.32891E-01   -0.16527E+00   -0.14388E+00   -0.13365E-01   -0.62846E-01    0.29360E+00   -0.58027E+00    0.26934E+00   -0.35424E+00    0.71132E-01    0.14642E+00    0.33422E-01   -0.29142E+00    0.16071E+00    0.26505E-02    0.26243E-01   -0.82451E-02    0.94850E+00   -0.39213E-01
    0.78329E-06    0.96270E-05    0.57229E-05    0.12236E-03   -0.42884E-03   -0.10726E-03    0.20915E-03    0.36415E+01   -0.46487E+00   -0.66231E+00    0.29096E+00    0.35236E+00   -0.29291E-03   -0.18225E-02   -0.55647E-02    0.13405E-01    0.77803E-05    0.56946E-04   -0.42531E-02    0.33294E-01    0.60375E-01   -0.22090E+00    0.92552E-01    0.69954E-01    0.13374E-02    0.88932E-01   -0.22382E+00    0.21380E+00    0.66816E+00    0.22898E+00   -0.10224E+00    0.15187E+00   -0.86164E-01    0.12169E+00   -0.89106E-01   -0.24883E-01    0.10583E-02   -0.25921E-01   -0.39213E-01    0.99921E+00
