# omegabh2 omegach2 theta tau logA ns aps100 aps143 aps217 acib143 acib217 asz143 psr cibr ncib xi aksz cal0 cal2 calTE calEE bm_1_1
    0.2524532E-07   -0.1185571E-06    0.1655270E-07    0.4463187E-06    0.6707357E-06    0.3298774E-06   -0.3136277E-03   -0.1600401E-03    0.1341271E-03   -0.4386598E-04   -0.1395183E-03   -0.1268688E-07    0.4879984E-06   -0.7855458E-06   -0.2124821E-05    0.1754692E-05   -0.5188363E-04    0.8173703E-08   -0.1143374E-07   -0.4503669E-07   -0.1884410E-06   -0.4592783E-05
   -0.1185571E-06    0.2019216E-05   -0.1611701E-06   -0.4377842E-05   -0.3763480E-05   -0.4677223E-05    0.3761320E-02    0.1222545E-02   -0.4414404E-03    0.1547830E-03    0.5934279E-03   -0.8021633E-04    0.5663201E-07   -0.4362614E-05    0.1238898E-04    0.3447840E-05    0.1316479E-03   -0.2919314E-07    0.8639346E-07   -0.3661549E-06   -0.7513391E-06    0.6048540E-04
    0.1655270E-07   -0.1611701E-06    0.1027790E-06    0.4640204E-06    0.5681297E-06    0.5445710E-06   -0.7912973E-04   -0.2708359E-04   -0.2862323E-04   -0.5709740E-05   -0.7914615E-05    0.1450684E-04    0.5689842E-06    0.1612353E-05    0.6418661E-07    0.1870362E-05   -0.1460890E-04    0.1136790E-07   -0.3893410E-07   -0.4588200E-07    0.7403996E-07   -0.1055401E-04
    0.4463187E-06   -0.4377842E-05    0.4640204E-06    0.1431457E-03    0.2753152E-03    0.1742160E-04   -0.3118079E-01   -0.5018184E-02    0.5971952E-02   -0.2563741E-02   -0.5083269E-02   -0.4189477E-03    0.3803601E-04   -0.1331216E-03   -0.4088634E-04    0.6159946E-04   -0.2629768E-02   -0.7113556E-09    0.4586852E-08   -0.8839169E-05   -0.3593161E-05   -0.1733012E-03
    0.6707357E-06   -0.3763480E-05    0.5681297E-06    0.2753152E-03    0.5471627E-03    0.2250730E-04   -0.5609546E-01   -0.2848993E-02    0.1619846E-01   -0.6473789E-02   -0.1025988E-01   -0.1646357E-02    0.7868806E-04   -0.3466826E-03   -0.3616865E-04    0.1741712E-03   -0.6461744E-02    0.1765925E-06    0.1664985E-05   -0.1698346E-04   -0.5478653E-05    0.2662185E-03
    0.3298774E-06   -0.4677223E-05    0.5445710E-06    0.1742160E-04    0.2250730E-04    0.2323851E-04   -0.1978259E-01   -0.2468591E-02    0.1183319E-01   -0.3534439E-02   -0.7194850E-02   -0.6857675E-03    0.2022337E-04   -0.6610768E-04   -0.7289603E-04    0.3937622E-04   -0.2901470E-02   -0.5199981E-07    0.3643138E-06    0.9453399E-07   -0.1101272E-06    0.3834271E-04
   -0.3136277E-03    0.3761320E-02   -0.7912973E-04   -0.3118079E-01   -0.5609546E-01   -0.1978259E-01    0.2367198E+04    0.9699972E+02   -0.1022131E+03    0.4931333E+02    0.6746860E+02   -0.5321852E+02   -0.8569768E+00   -0.1117427E+01    0.5867365E+00    0.7189913E+00   -0.1177787E+02    0.1620528E-02    0.4049288E-02    0.1435819E-02   -0.2828668E-02    0.1171920E+02
   -0.1600401E-03    0.1222545E-02   -0.2708359E-04   -0.5018184E-02   -0.2848993E-02   -0.2468591E-02    0.9699972E+02    0.9939222E+02    0.1744153E+02   -0.1407208E+02    0.4224419E+01   -0.6438201E+01   -0.1680964E+00    0.1262493E+00    0.9034999E-01    0.8949870E+00   -0.1191512E+02    0.4298862E-03    0.1623724E-02    0.1716667E-02    0.4618961E-02    0.2529314E+00
    0.1341271E-03   -0.4414404E-03   -0.2862323E-04    0.5971952E-02    0.1619846E-01    0.1183319E-01   -0.1022131E+03    0.1744153E+02    0.2532178E+03   -0.2049372E+02   -0.1133471E+03    0.2646856E+01   -0.3417039E-01   -0.1051642E+01   -0.1569165E+01    0.4161946E+00   -0.8829284E+01    0.4126310E-03   -0.2203301E-02    0.3966538E-03    0.4315652E-02   -0.3148332E-01
   -0.4386598E-04    0.1547830E-03   -0.5709740E-05   -0.2563741E-02   -0.6473789E-02   -0.3534439E-02    0.4931333E+02   -0.1407208E+02   -0.2049372E+02    0.1672272E+02    0.1196904E+02   -0.1753487E+01    0.1622892E-01   -0.1020411E+00    0.1701581E+00    0.1786321E+00   -0.3957132E+00   -0.3137361E-03   -0.1108882E-02    0.1042561E-03   -0.1273721E-02   -0.1465656E+00
   -0.1395183E-03    0.5934279E-03   -0.7914615E-05   -0.5083269E-02   -0.1025988E-01   -0.7194850E-02    0.6746860E+02    0.4224419E+01   -0.1133471E+03    0.1196904E+02    0.6078982E+02   -0.8040635E+00    0.7268912E-01    0.4568798E+00    0.9377091E+00   -0.2087757E+00   -0.1387677E+01   -0.9704810E-04    0.7357837E-03    0.5473151E-03   -0.2756308E-03    0.1083848E+00
   -0.1268688E-07   -0.8021633E-04    0.1450684E-04   -0.4189477E-03   -0.1646357E-02   -0.6857675E-03   -0.5321852E+02   -0.6438201E+01    0.2646856E+01   -0.1753487E+01   -0.8040635E+00    0.6538558E+01    0.9201268E-01    0.2475040E+00   -0.3778490E-02   -0.5598064E-01   -0.2063618E+00    0.9432821E-04   -0.9230549E-03   -0.1515681E-03    0.2014874E-04    0.1373796E+00
    0.4879984E-06    0.5663201E-07    0.5689842E-06    0.3803601E-04    0.7868806E-04    0.2022337E-04   -0.8569768E+00   -0.1680964E+00   -0.3417039E-01    0.1622892E-01    0.7268912E-01    0.9201268E-01    0.1168864E-01   -0.4762406E-02    0.4419041E-02    0.6172534E-02   -0.1998717E-01    0.7163930E-05   -0.2333817E-04    0.1261207E-04   -0.1886334E-04    0.1389020E-02
   -0.7855458E-06   -0.4362614E-05    0.1612353E-05   -0.1331216E-03   -0.3466826E-03   -0.6610768E-04   -0.1117427E+01    0.1262493E+00   -0.1051642E+01   -0.1020411E+00    0.4568798E+00    0.2475040E+00   -0.4762406E-02    0.5885901E-01   -0.2676877E-02    0.4749477E-02   -0.3226689E-01   -0.9157393E-06    0.5055478E-04   -0.1617330E-04   -0.1639026E-04    0.5414370E-02
   -0.2124821E-05    0.1238898E-04    0.6418661E-07   -0.4088634E-04   -0.3616865E-04   -0.7289603E-04    0.5867365E+00    0.9034999E-01   -0.1569165E+01    0.1701581E+00    0.9377091E+00   -0.3778490E-02    0.4419041E-02   -0.2676877E-02    0.2390647E-01   -0.8408259E-03   -0.1297702E-01    0.4689542E-05   -0.7513920E-04    0.4856605E-05    0.1546640E-04    0.7958584E-02
    0.1754692E-05    0.3447840E-05    0.1870362E-05    0.6159946E-04    0.1741712E-03    0.3937622E-04    0.7189913E+00    0.8949870E+00    0.4161946E+00    0.1786321E+00   -0.2087757E+00   -0.5598064E-01    0.6172534E-02    0.4749477E-02   -0.8408259E-03    0.7850065E-01   -0.4066052E-02    0.7423088E-06   -0.3569788E-04    0.3000832E-04   -0.3508450E-04    0.6218179E-02
   -0.5188363E-04    0.1316479E-03   -0.1460890E-04   -0.2629768E-02   -0.6461744E-02   -0.2901470E-02   -0.1177787E+02   -0.1191512E+02   -0.8829284E+01   -0.3957132E+00   -0.1387677E+01   -0.2063618E+00   -0.1998717E-01   -0.3226689E-01   -0.1297702E-01   -0.4066052E-02    0.7258428E+01   -0.1892006E-04   -0.2144260E-03   -0.1724329E-03   -0.4715976E-03   -0.4638238E-02
    0.8173703E-08   -0.2919314E-07    0.1136790E-07   -0.7113556E-09    0.1765925E-06   -0.5199981E-07    0.1620528E-02    0.4298862E-03    0.4126310E-03   -0.3137361E-03   -0.9704810E-04    0.9432821E-04    0.7163930E-05   -0.9157393E-06    0.4689542E-05    0.7423088E-06   -0.1892006E-04    0.8550882E-06    0.9566604E-07    0.5918372E-07   -0.1605072E-07   -0.9708147E-04
   -0.1143374E-07    0.8639346E-07   -0.3893410E-07    0.4586852E-08    0.1664985E-05    0.3643138E-06    0.4049288E-02    0.1623724E-02   -0.2203301E-02   -0.1108882E-02    0.7357837E-03   -0.9230549E-03   -0.2333817E-04    0.5055478E-04   -0.7513920E-04   -0.3569788E-04   -0.2144260E-03    0.9566604E-07    0.5595747E-05    0.1167549E-05    0.1324898E-05    0.2091635E-03
   -0.4503669E-07   -0.3661549E-06   -0.4588200E-07   -0.8839169E-05   -0.1698346E-04    0.9453399E-07    0.1435819E-02    0.1716667E-02    0.3966538E-03    0.1042561E-03    0.5473151E-03   -0.1515681E-03    0.1261207E-04   -0.1617330E-04    0.4856605E-05    0.3000832E-04   -0.1724329E-03    0.5918372E-07    0.1167549E-05    0.2277573E-04    0.6642677E-05    0.3024031E-03
   -0.1884410E-06   -0.7513391E-06    0.7403996E-07   -0.3593161E-05   -0.5478653E-05   -0.1101272E-06   -0.2828668E-02    0.4618961E-02    0.4315652E-02   -0.1273721E-02   -0.2756308E-03    0.2014874E-04   -0.1886334E-04   -0.1639026E-04    0.1546640E-04   -0.3508450E-04   -0.4715976E-03   -0.1605072E-07    0.1324898E-05    0.6642677E-05    0.1897154E-04    0.4025057E-03
   -0.4592783E-05    0.6048540E-04   -0.1055401E-04   -0.1733012E-03    0.2662185E-03    0.3834271E-04    0.1171920E+02    0.2529314E+00   -0.3148332E-01   -0.1465656E+00    0.1083848E+00    0.1373796E+00    0.1389020E-02    0.5414370E-02    0.7958584E-02    0.6218179E-02   -0.4638238E-02   -0.9708147E-04    0.2091635E-03    0.3024031E-03    0.4025057E-03    0.2565438E+00
