# omegabh2 omegach2 theta tau nnu ns logA r aps100 aps143 aps217 acib143 acib217 asz143 psr cibr ncib cal0 cal2 xi aksz bm_1_1
    0.2027070E-06    0.1197952E-05   -0.2959670E-07    0.3103311E-05    0.1534659E-03    0.6931795E-05    0.8510971E-05    0.3264114E-05    0.2479204E-02    0.1217118E-03   -0.7434795E-03    0.2116629E-03    0.4789064E-03    0.8625488E-04   -0.2291701E-05    0.1278680E-04   -0.1828056E-05   -0.1634449E-08    0.8356965E-08   -0.3797528E-05    0.1234351E-03    0.1353559E-04
    0.1197952E-05    0.3570387E-04   -0.2602311E-05    0.1245280E-04    0.2335016E-02    0.6361994E-04    0.9550753E-04    0.3464306E-05    0.7939696E-01    0.2031221E-01   -0.1137055E-01    0.5058082E-02    0.1408441E-01    0.8970150E-03   -0.4000189E-04    0.2785708E-03    0.6043591E-05   -0.3332917E-07    0.4841339E-06   -0.8015135E-04    0.2666227E-02    0.5896225E-03
   -0.2959670E-07   -0.2602311E-05    0.4972366E-06   -0.7322728E-07   -0.1550221E-03   -0.3272647E-05   -0.5060521E-05    0.2291033E-06   -0.5557372E-02   -0.1686240E-02    0.6578980E-03   -0.2970446E-03   -0.9904165E-03   -0.4080236E-04    0.1479415E-05   -0.1788069E-04   -0.1903917E-05    0.5386126E-08   -0.3722401E-07    0.6156308E-05   -0.1717665E-03   -0.4070755E-04
    0.3103311E-05    0.1245280E-04   -0.7322728E-07    0.2345336E-03    0.2379916E-02    0.1308580E-03    0.4870730E-03   -0.3090344E-05    0.1563780E-01   -0.1413066E-02   -0.5909552E-02    0.3210497E-03    0.2573698E-02    0.9448788E-03   -0.4498575E-05    0.5452412E-04   -0.3028627E-04   -0.2616703E-07    0.1523837E-06   -0.1428172E-04    0.6143760E-03    0.1147491E-03
    0.1534659E-03    0.2335016E-02   -0.1550221E-03    0.2379916E-02    0.2057340E+00    0.7354216E-02    0.9207743E-02    0.2568463E-02    0.5590875E+01    0.1281385E+01   -0.1074845E+01    0.4336209E+00    0.1112852E+01    0.9839736E-01   -0.3338745E-02    0.2380388E-01   -0.5376590E-03   -0.2775471E-05    0.3358626E-04   -0.7356718E-02    0.2242776E+00    0.3461588E-01
    0.6931795E-05    0.6361994E-04   -0.3272647E-05    0.1308580E-03    0.7354216E-02    0.3270567E-03    0.3775725E-03    0.1667945E-03    0.1207982E+00    0.3312266E-01   -0.1889254E-01    0.8055959E-02    0.2455344E-01    0.2957342E-02   -0.5110613E-04    0.5438716E-03   -0.1472194E-04   -0.1162286E-06    0.1226338E-05   -0.1847777E-03    0.5191073E-02    0.1091343E-02
    0.8510971E-05    0.9550753E-04   -0.5060521E-05    0.4870730E-03    0.9207743E-02    0.3775725E-03    0.1161217E-02   -0.1692636E-04    0.1750271E+00    0.4337790E-01   -0.1877387E-01    0.5739820E-02    0.2667489E-01    0.2484288E-02   -0.3272984E-04    0.4615320E-03    0.1075020E-04   -0.7061984E-07    0.1733209E-05   -0.1275549E-03    0.4936427E-02    0.2126360E-02
    0.3264114E-05    0.3464306E-05    0.2291033E-06   -0.3090344E-05    0.2568463E-02    0.1667945E-03   -0.1692636E-04    0.1401632E-02    0.3770442E-01    0.7132355E-03   -0.7057526E-02    0.2868046E-02    0.5459500E-02    0.2298505E-02   -0.1623687E-04    0.2778016E-03   -0.9398976E-05    0.8055471E-07   -0.7798422E-06   -0.8151513E-04    0.1034461E-02    0.3854060E-06
    0.2479204E-02    0.7939696E-01   -0.5557372E-02    0.1563780E-01    0.5590875E+01    0.1207982E+00    0.1750271E+00    0.3770442E-01    0.3691980E+04    0.1580190E+03   -0.1847251E+03    0.8354218E+02    0.1356458E+03   -0.5935524E+02   -0.9845369E+00    0.5474663E+00    0.4487985E+00    0.4852169E-03   -0.7142681E-03   -0.2923275E+00   -0.1032930E+02    0.1665941E+02
    0.1217118E-03    0.2031221E-01   -0.1686240E-02   -0.1413066E-02    0.1281385E+01    0.3312266E-01    0.4337790E-01    0.7132355E-03    0.1580190E+03    0.2116716E+03    0.3367174E+02   -0.3711210E+02    0.5305539E+01   -0.9146442E+01   -0.7260625E-01    0.2123725E+00    0.4299820E-01   -0.4183562E-04    0.1359370E-02    0.1358554E+01   -0.1194014E+02    0.7538415E+00
   -0.7434795E-03   -0.1137055E-01    0.6578980E-03   -0.5909552E-02   -0.1074845E+01   -0.1889254E-01   -0.1877387E-01   -0.7057526E-02   -0.1847251E+03    0.3367174E+02    0.3352048E+03   -0.3695842E+02   -0.1429566E+03   -0.1391938E+01    0.1685297E+00   -0.1948182E+01   -0.8628575E+00    0.1000577E-03   -0.3340641E-02    0.6191868E+00   -0.1112628E+02    0.1015511E+01
    0.2116629E-03    0.5058082E-02   -0.2970446E-03    0.3210497E-03    0.4336209E+00    0.8055959E-02    0.5739820E-02    0.2868046E-02    0.8354218E+02   -0.3711210E+02   -0.3695842E+02    0.3201557E+02    0.2103495E+02   -0.5621444E+00   -0.5413121E-01    0.1949871E+00    0.4883929E-01   -0.2333750E-05   -0.2852269E-03    0.3344839E-01   -0.4380419E+00   -0.4575955E+00
    0.4789064E-03    0.1408441E-01   -0.9904165E-03    0.2573698E-02    0.1112852E+01    0.2455344E-01    0.2667489E-01    0.5459500E-02    0.1356458E+03    0.5305539E+01   -0.1429566E+03    0.2103495E+02    0.7607068E+02    0.1070367E+01   -0.3548396E-01    0.9526384E+00    0.5533235E+00   -0.3635734E-04    0.1752074E-02   -0.3689176E+00   -0.5555903E+00   -0.1823332E+00
    0.8625488E-04    0.8970150E-03   -0.4080236E-04    0.9448788E-03    0.9839736E-01    0.2957342E-02    0.2484288E-02    0.2298505E-02   -0.5935524E+02   -0.9146442E+01   -0.1391938E+01   -0.5621444E+00    0.1070367E+01    0.7739976E+01    0.2839583E-01    0.2814998E+00   -0.3641548E-01    0.1538255E-04   -0.1104259E-03   -0.7529582E-01   -0.3089475E-01    0.1788449E+00
   -0.2291701E-05   -0.4000189E-04    0.1479415E-05   -0.4498575E-05   -0.3338745E-02   -0.5110613E-04   -0.3272984E-04   -0.1623687E-04   -0.9845369E+00   -0.7260625E-01    0.1685297E+00   -0.5413121E-01   -0.3548396E-01    0.2839583E-01    0.6920234E-02   -0.6862632E-02    0.5126641E-02    0.4860628E-06   -0.1049003E-04    0.4498556E-02   -0.1323886E-01    0.6261646E-02
    0.1278680E-04    0.2785708E-03   -0.1788069E-04    0.5452412E-04    0.2380388E-01    0.5438716E-03    0.4615320E-03    0.2778016E-03    0.5474663E+00    0.2123725E+00   -0.1948182E+01    0.1949871E+00    0.9526384E+00    0.2814998E+00   -0.6862632E-02    0.4742375E-01   -0.6259945E-02   -0.1497646E-05    0.4492345E-04    0.4814475E-03   -0.9470308E-03   -0.5482956E-02
   -0.1828056E-05    0.6043591E-05   -0.1903917E-05   -0.3028627E-04   -0.5376590E-03   -0.1472194E-04    0.1075020E-04   -0.9398976E-05    0.4487985E+00    0.4299820E-01   -0.8628575E+00    0.4883929E-01    0.5533235E+00   -0.3641548E-01    0.5126641E-02   -0.6259945E-02    0.1604918E-01    0.4039805E-06   -0.2815513E-05   -0.1924292E-02   -0.4582365E-02    0.1167735E-01
   -0.1634449E-08   -0.3332917E-07    0.5386126E-08   -0.2616703E-07   -0.2775471E-05   -0.1162286E-06   -0.7061984E-07    0.8055471E-07    0.4852169E-03   -0.4183562E-04    0.1000577E-03   -0.2333750E-05   -0.3635734E-04    0.1538255E-04    0.4860628E-06   -0.1497646E-05    0.4039805E-06    0.1579733E-06    0.3834520E-08   -0.3426093E-06   -0.1668204E-04   -0.1820725E-04
    0.8356965E-08    0.4841339E-06   -0.3722401E-07    0.1523837E-06    0.3358626E-04    0.1226338E-05    0.1733209E-05   -0.7798422E-06   -0.7142681E-03    0.1359370E-02   -0.3340641E-02   -0.2852269E-03    0.1752074E-02   -0.1104259E-03   -0.1049003E-04    0.4492345E-04   -0.2815513E-05    0.3834520E-08    0.1905373E-05   -0.5656187E-05   -0.4146849E-04    0.9660831E-04
   -0.3797528E-05   -0.8015135E-04    0.6156308E-05   -0.1428172E-04   -0.7356718E-02   -0.1847777E-03   -0.1275549E-03   -0.8151513E-04   -0.2923275E+00    0.1358554E+01    0.6191868E+00    0.3344839E-01   -0.3689176E+00   -0.7529582E-01    0.4498556E-02    0.4814475E-03   -0.1924292E-02   -0.3426093E-06   -0.5656187E-05    0.8216146E-01    0.1556918E-01    0.2662211E-02
    0.1234351E-03    0.2666227E-02   -0.1717665E-03    0.6143760E-03    0.2242776E+00    0.5191073E-02    0.4936427E-02    0.1034461E-02   -0.1032930E+02   -0.1194014E+02   -0.1112628E+02   -0.4380419E+00   -0.5555903E+00   -0.3089475E-01   -0.1323886E-01   -0.9470308E-03   -0.4582365E-02   -0.1668204E-04   -0.4146849E-04    0.1556918E-01    0.8244296E+01    0.1846089E-01
    0.1353559E-04    0.5896225E-03   -0.4070755E-04    0.1147491E-03    0.3461588E-01    0.1091343E-02    0.2126360E-02    0.3854060E-06    0.1665941E+02    0.7538415E+00    0.1015511E+01   -0.4575955E+00   -0.1823332E+00    0.1788449E+00    0.6261646E-02   -0.5482956E-02    0.1167735E-01   -0.1820725E-04    0.9660831E-04    0.2662211E-02    0.1846089E-01    0.3258457E+00
