# omegabh2 omegach2 theta tau Alens logA ns calPlanck acib217 xi asz143 aps100 aps143 aps143217 aps217 aksz kgal100 kgal143 kgal143217 kgal217 galfTE100 galfTE100143 galfTE100217 galfTE143 galfTE143217 galfTE217 cal0 cal2
  2.8306381E-08  -1.7247755E-07   2.4282004E-08   1.4252244E-07   3.2422854E-06  -3.4114307E-08   4.5147949E-07  -3.2345123E-10  -1.1014102E-04   2.1107344E-06   2.8819241E-05  -5.9393872E-04  -2.8765040E-04  -9.6331614E-05  -1.0499814E-05  -4.7442297E-05   1.5681669E-06  -1.2108722E-05  -1.5311944E-05   1.0903497E-05  -8.4731099E-09  -7.5585152E-08  -1.2970398E-07  -3.6980851E-07  -6.8641819E-07  -2.9040403E-06   2.2973446E-09  -3.8900335E-09
 -1.7247755E-07   2.2830000E-06  -2.1473036E-07  -1.5584768E-06  -3.8489642E-05   2.3504630E-06  -5.6593144E-06   5.6027772E-08   4.9377221E-04  -4.4370647E-06  -1.6832134E-04   3.4348025E-03   1.8506718E-03   9.3510604E-04   4.4404273E-04   2.6462804E-04  -4.4836313E-05   3.8197058E-05   6.3754229E-05  -3.2181455E-05  -1.5322324E-07   9.3028546E-08   1.8185281E-07   2.1206873E-06   4.6712223E-06   2.2845213E-05  -1.4749915E-09   2.2567761E-08
  2.4282004E-08  -2.1473036E-07   1.0130404E-07   1.0493569E-07   4.1802138E-06  -2.0847589E-07   6.5965439E-07  -6.7679994E-09  -7.4735324E-05   1.2217024E-06   1.5002425E-05  -3.4060699E-04  -2.0615247E-04  -1.0438829E-04  -4.5649343E-05  -1.8886087E-05  -3.5882175E-06  -1.6943837E-05  -1.5271936E-05   8.0484820E-06  -2.1591990E-08   5.9129751E-08   2.6966276E-08  -2.6936637E-07  -5.8169468E-07  -3.3105821E-06   3.7749963E-10  -2.2296348E-09
  1.4252244E-07  -1.5584768E-06   1.0493569E-07   7.0376647E-05  -1.1391215E-04   1.3541676E-04   5.4674060E-06  -5.0163002E-07  -1.4459044E-03  -2.4641331E-05   1.0794322E-04  -4.8629270E-03  -2.6663459E-03  -2.0081622E-03  -2.4029717E-04  -4.6471570E-04   1.1288755E-05   1.7335890E-04   8.0688557E-05   9.4360044E-04  -4.4748465E-07  -3.3245717E-07  -8.2673571E-07  -9.8208971E-06  -7.6274001E-06  -4.6076201E-05  -1.0074878E-07  -6.3934985E-08
  3.2422854E-06  -3.8489642E-05   4.1802138E-06  -1.1391215E-04   1.6271775E-03  -3.4923196E-04   1.0091962E-04  -1.4309531E-05  -1.1397708E-02   2.3841109E-04   5.0321017E-03  -9.0096244E-02  -4.0353090E-02  -1.4654163E-02  -1.1312986E-02  -6.3581562E-03   1.4909265E-03  -5.3858165E-04  -6.7363911E-04  -1.4396358E-03   3.4577265E-06   1.5980671E-06  -5.3978677E-06  -3.1855144E-05  -1.0244879E-04  -4.5250154E-04   1.5781832E-08  -6.2563583E-07
 -3.4114307E-08   2.3504630E-06  -2.0847589E-07   1.3541676E-04  -3.4923196E-04   3.0174070E-04  -4.0841335E-06   1.1811526E-05  -1.1893763E-03  -3.5258614E-05  -1.6239857E-04   1.9355938E-03   7.2380480E-04   5.7998840E-04   5.6660334E-03  -1.0800519E-03  -2.7308956E-04  -1.5007458E-04  -2.2571354E-04   2.9275941E-03  -4.7322488E-06  -8.6640127E-07  -7.7452461E-06  -1.1901127E-05  -9.6768988E-06  -3.1979918E-05  -4.9704544E-08  -1.1016408E-07
  4.5147949E-07  -5.6593144E-06   6.5965439E-07   5.4674060E-06   1.0091962E-04  -4.0841335E-06   2.3378625E-05  -1.1553040E-07  -5.2719328E-03   9.4613836E-05   1.1652752E-03  -2.8774896E-02  -9.4404649E-03  -6.2954683E-04   3.5521737E-03  -2.5504623E-03   3.8252340E-04  -4.6229305E-04  -4.3821399E-04   1.3362179E-03   1.1483465E-06   2.2843178E-07  -7.6469289E-07  -4.8596489E-06  -1.3012949E-05  -6.1277993E-05  -1.2146888E-07  -1.2011224E-07
 -3.2345123E-10   5.6027772E-08  -6.7679994E-09  -5.0163002E-07  -1.4309531E-05   1.1811526E-05  -1.1553040E-07   6.3459662E-06   1.0132120E-03  -1.3722837E-05   3.1976503E-05   3.8207094E-03   8.7062152E-04   4.0756268E-04   1.1795906E-03  -7.3407006E-05   3.5842649E-05  -3.7789509E-05  -1.9226254E-06   6.8552153E-04  -1.4925760E-06  -4.5106464E-08  -3.1955083E-06   1.7365770E-06  -1.3384844E-06   5.6437674E-06   7.1576124E-09  -5.1933830E-10
 -1.1014102E-04   4.9377221E-04  -7.4735324E-05  -1.4459044E-03  -1.1397708E-02  -1.1893763E-03  -5.2719328E-03   1.0132120E-03   4.4108131E+01  -4.1228465E-01  -7.6461555E-01   3.4963834E+01   2.1146185E+00  -1.2300692E+01  -5.3385392E+01  -3.3282696E-01   7.1812120E-02   3.6653729E-01  -6.0217628E+00  -3.3323843E+01  -8.6059261E-04   5.5707484E-04  -7.1507624E-03   2.1584547E-03  -1.8957963E-03   1.0305790E-02  -1.8279938E-04   7.2911299E-04
  2.1107344E-06  -4.4370647E-06   1.2217024E-06  -2.4641331E-05   2.3841109E-04  -3.5258614E-05   9.4613836E-05  -1.3722837E-05  -4.1228465E-01   8.1074115E-02  -3.5082211E-02  -6.2194373E-01   9.1937873E-01   1.7300587E+00   6.8063830E-01   4.2297030E-02  -2.6152319E-03   4.1123451E-03   1.0727968E-01   1.3516476E-01   3.9952777E-05   6.1368693E-05   2.9835028E-04  -4.9864516E-05   3.1033123E-04  -8.2766015E-04   4.9016295E-06  -4.5147566E-06
  2.8819241E-05  -1.6832134E-04   1.5002425E-05   1.0794322E-04   5.0321017E-03  -1.6239857E-04   1.1652752E-03   3.1976503E-05  -7.6461555E-01  -3.5082211E-02   3.7042332E+00  -2.9505343E+01  -3.3647998E+00   7.0528353E+00   4.7620667E+00  -2.5022443E+00  -1.8249802E-01   1.5864405E-01   2.5389289E+00   3.0996986E+00   1.3335195E-03  -1.8415895E-04   4.0960175E-04  -1.0370185E-03   1.3613392E-04  -2.3508764E-03   1.1631391E-04  -3.5551574E-05
 -5.9393872E-04   3.4348025E-03  -3.4060699E-04  -4.8629270E-03  -9.0096244E-02   1.9355938E-03  -2.8774896E-02   3.8207094E-03   3.4963834E+01  -6.2194373E-01  -2.9505343E+01   7.7276741E+02   7.0957969E+01  -5.1068895E+01  -5.6198521E+01   1.2778782E+01  -7.0469327E+00   5.8595844E+00  -1.0898760E+01  -2.1628508E+01  -1.1590195E-02  -6.3262643E-04  -1.0769643E-02   1.3301247E-02  -8.0642328E-03   4.3015937E-02   3.6481224E-03   6.3486511E-04
 -2.8765040E-04   1.8506718E-03  -2.0615247E-04  -2.6663459E-03  -4.0353090E-02   7.2380480E-04  -9.4404649E-03   8.7062152E-04   2.1146185E+00   9.1937873E-01  -3.3647998E+00   7.0957969E+01   6.1149438E+01   4.0119246E+01   1.4728461E+01  -4.4498738E+00  -2.7241468E-01  -1.2074563E+00   3.3776012E+00   3.7577232E+00  -3.0888681E-04  -5.3249116E-05   6.5575812E-03  -4.3435423E-03   8.2001561E-03   3.3153613E-02   1.2384809E-04   8.4901584E-05
 -9.6331614E-05   9.3510604E-04  -1.0438829E-04  -2.0081622E-03  -1.4654163E-02   5.7998840E-04  -6.2954683E-04   4.0756268E-04  -1.2300692E+01   1.7300587E+00   7.0528353E+00  -5.1068895E+01   4.0119246E+01   8.3648683E+01   5.0591156E+01  -1.0545264E+01  -6.3093639E-01  -6.4323054E-01   4.5617354E+00   6.9041560E+00   6.3517863E-03  -2.6389986E-04   8.0995914E-03  -3.7541308E-03   1.4717834E-02   8.0161368E-03   4.1721616E-04  -4.2031164E-04
 -1.0499814E-05   4.4404273E-04  -4.5649343E-05  -2.4029717E-04  -1.1312986E-02   5.6660334E-03   3.5521737E-03   1.1795906E-03  -5.3385392E+01   6.8063830E-01   4.7620667E+00  -5.6198521E+01   1.4728461E+01   5.0591156E+01   9.9151794E+01  -8.0429418E+00  -4.4818826E-01  -9.4200058E-01   5.5199599E+00   3.2533026E+01   6.2790940E-03  -8.2971879E-04   9.1822382E-03  -2.9260114E-03   7.9879799E-03   1.0120715E-02   4.1195931E-04  -1.3912053E-03
 -4.7442297E-05   2.6462804E-04  -1.8886087E-05  -4.6471570E-04  -6.3581562E-03  -1.0800519E-03  -2.5504623E-03  -7.3407006E-05  -3.3282696E-01   4.2297030E-02  -2.5022443E+00   1.2778782E+01  -4.4498738E+00  -1.0545264E+01  -8.0429418E+00   5.4019600E+00   4.8054348E-02  -2.6003950E-01  -1.9684493E+00  -2.0509477E+00  -9.0049985E-04   9.8103558E-04  -8.1901920E-04   2.3028593E-03   2.4380712E-03  -1.3203146E-03  -6.2971869E-05   2.6161433E-05
  1.5681669E-06  -4.4836313E-05  -3.5882175E-06   1.1288755E-05   1.4909265E-03  -2.7308956E-04   3.8252340E-04   3.5842649E-05   7.1812120E-02  -2.6152319E-03  -1.8249802E-01  -7.0469327E+00  -2.7241468E-01  -6.3093639E-01  -4.4818826E-01   4.8054348E-02   3.3869817E+00   5.4646105E-01   1.9035252E-01   2.2650274E-01  -1.2971344E-03   4.0480190E-04  -6.4797961E-05   4.3054502E-04   9.1990806E-05  -1.5705549E-03   1.7152053E-04   8.3910463E-06
 -1.2108722E-05   3.8197058E-05  -1.6943837E-05   1.7335890E-04  -5.3858165E-04  -1.5007458E-04  -4.6229305E-04  -3.7789509E-05   3.6653729E-01   4.1123451E-03   1.5864405E-01   5.8595844E+00  -1.2074563E+00  -6.4323054E-01  -9.4200058E-01  -2.6003950E-01   5.4646105E-01   3.1033987E+00   2.7068254E+00   2.8873592E+00   7.1191789E-06  -5.7845897E-04   1.1940486E-03  -2.7469364E-05   3.9585338E-04   5.0292696E-03  -1.6980965E-04  -2.9108418E-05
 -1.5311944E-05   6.3754229E-05  -1.5271936E-05   8.0688557E-05  -6.7363911E-04  -2.2571354E-04  -4.3821399E-04  -1.9226254E-06  -6.0217628E+00   1.0727968E-01   2.5389289E+00  -1.0898760E+01   3.3776012E+00   4.5617354E+00   5.5199599E+00  -1.9684493E+00   1.9035252E-01   2.7068254E+00   1.0692348E+01   1.9285130E+01  -1.3920871E-04  -5.5922572E-04   4.3150998E-03  -2.8015728E-03   5.2107227E-04   1.6273924E-02   1.7606884E-05   4.1799338E-04
  1.0903497E-05  -3.2181455E-05   8.0484820E-06   9.4360044E-04  -1.4396358E-03   2.9275941E-03   1.3362179E-03   6.8552153E-04  -3.3323843E+01   1.3516476E-01   3.0996986E+00  -2.1628508E+01   3.7577232E+00   6.9041560E+00   3.2533026E+01  -2.0509477E+00   2.2650274E-01   2.8873592E+00   1.9285130E+01   5.3801880E+01  -1.3406332E-03  -9.1298034E-04   9.9463429E-03  -3.7905472E-03   1.0883995E-03   2.4762688E-02   1.1993523E-04   9.4491058E-04
 -8.4731099E-09  -1.5322324E-07  -2.1591990E-08  -4.4748465E-07   3.4577265E-06  -4.7322488E-06   1.1483465E-06  -1.4925760E-06  -8.6059261E-04   3.9952777E-05   1.3335195E-03  -1.1590195E-02  -3.0888681E-04   6.3517863E-03   6.2790940E-03  -9.0049985E-04  -1.2971344E-03   7.1191789E-06  -1.3920871E-04  -1.3406332E-03   1.4647757E-03   2.7349798E-04   1.1740827E-04  -3.6609514E-04  -7.1911876E-05  -5.8086216E-05   1.1903681E-08  -1.2771022E-07
 -7.5585152E-08   9.3028546E-08   5.9129751E-08  -3.3245717E-07   1.5980671E-06  -8.6640127E-07   2.2843178E-07  -4.5106464E-08   5.5707484E-04   6.1368693E-05  -1.8415895E-04  -6.3262643E-04  -5.3249116E-05  -2.6389986E-04  -8.2971879E-04   9.8103558E-04   4.0480190E-04  -5.7845897E-04  -5.5922572E-04  -9.1298034E-04   2.7349798E-04   8.6319201E-04   8.6469690E-05   7.1491615E-04   6.4381087E-05  -6.6297424E-04  -1.3789364E-07   2.0778546E-07
 -1.2970398E-07   1.8185281E-07   2.6966276E-08  -8.2673571E-07  -5.3978677E-06  -7.7452461E-06  -7.6469289E-07  -3.1955083E-06  -7.1507624E-03   2.9835028E-04   4.0960175E-04  -1.0769643E-02   6.5575812E-03   8.0995914E-03   9.1822382E-03  -8.1901920E-04  -6.4797961E-05   1.1940486E-03   4.3150998E-03   9.9463429E-03   1.1740827E-04   8.6469690E-05   7.1689018E-03  -2.2711183E-04   6.0560623E-04   4.3581180E-03  -3.2531307E-07   2.0077278E-07
 -3.6980851E-07   2.1206873E-06  -2.6936637E-07  -9.8208971E-06  -3.1855144E-05  -1.1901127E-05  -4.8596489E-06   1.7365770E-06   2.1584547E-03  -4.9864516E-05  -1.0370185E-03   1.3301247E-02  -4.3435423E-03  -3.7541308E-03  -2.9260114E-03   2.3028593E-03   4.3054502E-04  -2.7469364E-05  -2.8015728E-03  -3.7905472E-03  -3.6609514E-04   7.1491615E-04  -2.2711183E-04   2.8507326E-03   5.4517492E-04  -8.5458197E-04  -1.9462285E-07   3.6744751E-07
 -6.8641819E-07   4.6712223E-06  -5.8169468E-07  -7.6274001E-06  -1.0244879E-04  -9.6768988E-06  -1.3012949E-05  -1.3384844E-06  -1.8957963E-03   3.1033123E-04   1.3613392E-04  -8.0642328E-03   8.2001561E-03   1.4717834E-02   7.9879799E-03   2.4380712E-03   9.1990806E-05   3.9585338E-04   5.2107227E-04   1.0883995E-03  -7.1911876E-05   6.4381087E-05   6.0560623E-04   5.4517492E-04   6.4591949E-03   7.5170094E-03  -4.6558282E-07   4.7129358E-07
 -2.9040403E-06   2.2845213E-05  -3.3105821E-06  -4.6076201E-05  -4.5250154E-04  -3.1979918E-05  -6.1277993E-05   5.6437674E-06   1.0305790E-02  -8.2766015E-04  -2.3508764E-03   4.3015937E-02   3.3153613E-02   8.0161368E-03   1.0120715E-02  -1.3203146E-03  -1.5705549E-03   5.0292696E-03   1.6273924E-02   2.4762688E-02  -5.8086216E-05  -6.6297424E-04   4.3581180E-03  -8.5458197E-04   7.5170094E-03   7.0735715E-02   2.7908365E-07  -3.9692379E-07
  2.2973446E-09  -1.4749915E-09   3.7749963E-10  -1.0074878E-07   1.5781832E-08  -4.9704544E-08  -1.2146888E-07   7.1576124E-09  -1.8279938E-04   4.9016295E-06   1.1631391E-04   3.6481224E-03   1.2384809E-04   4.1721616E-04   4.1195931E-04  -6.2971869E-05   1.7152053E-04  -1.6980965E-04   1.7606884E-05   1.1993523E-04   1.1903681E-08  -1.3789364E-07  -3.2531307E-07  -1.9462285E-07  -4.6558282E-07   2.7908365E-07   3.7736487E-07   3.0676948E-09
 -3.8900335E-09   2.2567761E-08  -2.2296348E-09  -6.3934985E-08  -6.2563583E-07  -1.1016408E-07  -1.2011224E-07  -5.1933830E-10   7.2911299E-04  -4.5147566E-06  -3.5551574E-05   6.3486511E-04   8.4901584E-05  -4.2031164E-04  -1.3912053E-03   2.6161433E-05   8.3910463E-06  -2.9108418E-05   4.1799338E-04   9.4491058E-04  -1.2771022E-07   2.0778546E-07   2.0077278E-07   3.6744751E-07   4.7129358E-07  -3.9692379E-07   3.0676948E-09   3.8757313E-07
