# omegabh2 omegach2 theta tau yhe ns logA aps100 aps143 aps217 acib143 acib217 asz143 psr cibr cal0 cal2 xi aksz bm_1_1
5.379700E-08 -1.002400E-07 2.926600E-08 7.377300E-07 2.296800E-08 4.246000E-07 1.417300E-06 -3.337380E-04 -1.588590E-04 4.367970E-04 -1.258600E-04 -3.296100E-04 -7.673500E-06 7.344800E-07 -6.971700E-06 -8.571400E-10 -1.888600E-08 2.727700E-06 -5.543100E-05 -3.628200E-06
-1.002400E-07 2.712500E-06 -1.859800E-07 -4.735800E-06 -4.277700E-08 -6.151200E-06 -2.640900E-06 6.821640E-03 1.141380E-03 1.048050E-03 -3.640200E-04 -5.341500E-04 -3.882200E-05 4.288000E-06 -1.812300E-05 -1.100100E-08 -5.151700E-08 -6.451700E-06 1.132800E-04 6.777800E-05
2.926600E-08 -1.859800E-07 2.695400E-07 3.638000E-07 1.249400E-08 8.444000E-07 5.059200E-07 -1.143450E-03 -1.211580E-05 1.004940E-04 -4.527200E-05 -5.230900E-05 1.219500E-05 -2.514200E-06 -6.257100E-07 2.712600E-09 -2.456300E-08 -2.805900E-06 -2.119100E-05 -1.232900E-06
7.377300E-07 -4.735800E-06 3.638000E-07 1.811500E-04 3.144800E-07 2.098500E-05 3.520000E-04 1.167300E-02 9.833400E-03 2.381220E-02 -2.139200E-03 -1.323100E-02 -1.257100E-03 1.432000E-04 -4.884600E-04 -7.309300E-08 -1.548700E-07 3.461700E-04 -1.760200E-03 -3.023700E-04
2.296800E-08 -4.277700E-08 1.249400E-08 3.144800E-07 9.806100E-09 1.811900E-07 6.042400E-07 -1.428300E-04 -6.802920E-05 1.862910E-04 -5.390600E-05 -1.406400E-04 -3.270100E-06 3.114200E-07 -2.975400E-06 -3.553700E-10 -8.033200E-09 1.151000E-06 -2.365300E-05 -1.546100E-06
4.246000E-07 -6.151200E-06 8.444000E-07 2.098500E-05 1.811900E-07 3.303300E-05 2.398100E-05 -3.452400E-02 8.036010E-03 1.912860E-02 -4.512200E-03 -1.045200E-02 -2.552200E-04 2.106600E-05 -2.026900E-04 6.336800E-08 -3.712600E-07 2.277700E-04 -2.064700E-03 -2.791900E-04
1.417300E-06 -2.640900E-06 5.059200E-07 3.520000E-04 6.042400E-07 2.398100E-05 7.076600E-04 6.875190E-02 2.916090E-02 6.202080E-02 -7.629200E-03 -3.320600E-02 -3.150000E-03 3.257100E-04 -1.220600E-03 -1.299900E-07 -4.912500E-07 7.174300E-04 -4.028300E-03 -1.986800E-04
-3.337380E-04 6.821640E-03 -1.143450E-03 1.167300E-02 -1.428300E-04 -3.452400E-02 6.875190E-02 2.802195E+03 8.377020E+01 5.647806E+01 8.149950E+01 -3.677670E+00 -2.028060E+01 1.492920E-02 -3.598740E+00 -1.211220E-03 5.394870E-03 1.168110E+00 -9.429300E+00 1.133190E+01
-1.588590E-04 1.141380E-03 -1.211580E-05 9.833400E-03 -6.802920E-05 8.036010E-03 2.916090E-02 8.377020E+01 1.100790E+02 6.885972E+01 -1.846080E+01 -2.769390E+01 -2.879550E+00 1.560330E-01 -8.714160E-01 2.900610E-04 1.118520E-03 1.456830E+00 -4.441680E+00 8.812440E-02
4.367970E-04 1.048050E-03 1.004940E-04 2.381220E-02 1.862910E-04 1.912860E-02 6.202080E-02 5.647806E+01 6.885972E+01 2.145771E+02 -2.877300E+01 -9.853200E+01 -2.782170E+00 4.227120E-01 -2.164500E+00 1.758780E-04 -7.492410E-03 8.301960E-01 -4.283640E+00 4.049370E-01
-1.258600E-04 -3.640200E-04 -4.527200E-05 -2.139200E-03 -5.390600E-05 -4.512200E-03 -7.629200E-03 8.149950E+01 -1.846080E+01 -2.877300E+01 2.964000E+01 1.718800E+01 -6.739900E-01 -4.712800E-02 2.671100E-01 -2.456100E-04 7.597900E-05 4.166100E-01 -4.474600E-01 -1.810100E-01
-3.296100E-04 -5.341500E-04 -5.230900E-05 -1.323100E-02 -1.406400E-04 -1.045200E-02 -3.320600E-02 -3.677670E+00 -2.769390E+01 -9.853200E+01 1.718800E+01 5.325800E+01 1.772800E+00 -2.239300E-01 1.204600E+00 -1.041000E-04 3.875600E-03 -4.780100E-01 -8.605900E-01 -6.502500E-02
-7.673500E-06 -3.882200E-05 1.219500E-05 -1.257100E-03 -3.270100E-06 -2.552200E-04 -3.150000E-03 -2.028060E+01 -2.879550E+00 -2.782170E+00 -6.739900E-01 1.772800E+00 6.051500E-01 -9.150200E-03 1.346600E-01 4.871300E-06 -1.249300E-04 -5.152500E-02 -1.098900E-01 5.223900E-02
7.344800E-07 4.288000E-06 -2.514200E-06 1.432000E-04 3.114200E-07 2.106600E-05 3.257100E-04 1.492920E-02 1.560330E-01 4.227120E-01 -4.712800E-02 -2.239300E-01 -9.150200E-03 3.773600E-03 -5.386600E-03 6.135700E-07 -8.192800E-06 5.319400E-03 3.025900E-03 9.146500E-04
-6.971700E-06 -1.812300E-05 -6.257100E-07 -4.884600E-04 -2.975400E-06 -2.026900E-04 -1.220600E-03 -3.598740E+00 -8.714160E-01 -2.164500E+00 2.671100E-01 1.204600E+00 1.346600E-01 -5.386600E-03 5.236800E-02 -1.719000E-06 4.124400E-05 -7.074100E-03 -3.183900E-02 7.630200E-03
-8.571400E-10 -1.100100E-08 2.712600E-09 -7.309300E-08 -3.553700E-10 6.336800E-08 -1.299900E-07 -1.211220E-03 2.900610E-04 1.758780E-04 -2.456100E-04 -1.041000E-04 4.871300E-06 6.135700E-07 -1.719000E-06 1.701400E-07 -7.708000E-10 -1.532800E-06 2.790500E-07 -2.084600E-05
-1.888600E-08 -5.151700E-08 -2.456300E-08 -1.548700E-07 -8.033200E-09 -3.712600E-07 -4.912500E-07 5.394870E-03 1.118520E-03 -7.492410E-03 7.597900E-05 3.875600E-03 -1.249300E-04 -8.192800E-06 4.124400E-05 -7.708000E-10 9.404500E-07 -5.395400E-06 -1.273500E-05 -7.098100E-06
2.727700E-06 -6.451700E-06 -2.805900E-06 3.461700E-04 1.151000E-06 2.277700E-04 7.174300E-04 1.168110E+00 1.456830E+00 8.301960E-01 4.166100E-01 -4.780100E-01 -5.152500E-02 5.319400E-03 -7.074100E-03 -1.532800E-06 -5.395400E-06 7.757800E-02 6.792700E-03 -4.109300E-03
-5.543100E-05 1.132800E-04 -2.119100E-05 -1.760200E-03 -2.365300E-05 -2.064700E-03 -4.028300E-03 -9.429300E+00 -4.441680E+00 -4.283640E+00 -4.474600E-01 -8.605900E-01 -1.098900E-01 3.025900E-03 -3.183900E-02 2.790500E-07 -1.273500E-05 6.792700E-03 1.893200E+00 -5.664600E-02
-3.628200E-06 6.777800E-05 -1.232900E-06 -3.023700E-04 -1.546100E-06 -2.791900E-04 -1.986800E-04 1.133190E+01 8.812440E-02 4.049370E-01 -1.810100E-01 -6.502500E-02 5.223900E-02 9.146500E-04 7.630200E-03 -2.084600E-05 -7.098100E-06 -4.109300E-03 -5.664600E-02 1.369300E-01
