# omegabh2 omegach2 theta tau Alens ns logA aps100 aps143 aps217 acib143 acib217 asz143 psr cibr cal0 cal2 xi aksz bm_1_1 a_ps_act_148 a_ps_act_217 a_ps_spt_95 a_ps_spt_150 a_ps_spt_220 r_ps_spt_95x150 r_ps_spt_95x220 r_ps_150x220 act_dust_s act_dust_e cal_acts_148 cal_acts_217 cal_acte_148 cal_acte_217 cal_spt_95 cal_spt_150 cal_spt_220
1.019800E-07 -5.099200E-07 1.125600E-07 5.457700E-07 1.941800E-05 1.565800E-06 1.097900E-07 -8.108800E-04 -1.292400E-03 -8.795200E-04 -5.770200E-06 -4.759400E-05 1.457313E-05 -4.142500E-07 -3.687300E-07 9.261400E-10 5.875400E-09 -4.740700E-08 -3.377956E-05 -1.889600E-05 3.589500E-05 2.361900E-04 3.093400E-05 4.584100E-05 2.331100E-04 -7.087700E-07 -9.620400E-07 -5.388200E-08 -6.485300E-07 -1.420600E-06 1.180400E-06 8.580900E-07 1.150200E-06 8.606100E-07 1.309900E-06 1.273800E-06 1.101900E-06
-5.099200E-07 6.702600E-06 -8.430000E-07 -6.498300E-06 -1.419300E-04 -1.680300E-05 2.573300E-06 4.174600E-03 5.805000E-03 4.057300E-03 1.929700E-05 1.364100E-04 -4.552747E-05 1.152300E-06 1.768800E-06 -8.493100E-09 -4.783200E-08 1.937000E-07 1.155071E-04 1.402800E-04 -1.586900E-04 -1.168400E-03 -9.557700E-05 -1.958400E-04 -9.715700E-04 4.786500E-07 -6.944200E-07 1.220700E-06 -9.822000E-06 8.140900E-06 -5.527200E-06 -4.988600E-06 -5.209600E-06 -4.632100E-06 -6.100600E-06 -5.890000E-06 -5.414200E-06
1.125600E-07 -8.430000E-07 4.530300E-07 8.020500E-07 2.704300E-05 2.720800E-06 8.782900E-08 -9.660600E-04 -1.186700E-03 -7.308600E-04 -2.556700E-06 -7.004000E-06 8.244324E-06 -3.615000E-08 2.567100E-08 -3.161600E-09 1.023800E-08 -9.796000E-08 -3.176990E-05 -9.743700E-06 2.372200E-05 2.149100E-04 1.522000E-05 3.726900E-05 1.824300E-04 5.892600E-07 5.421500E-07 5.695000E-09 -3.547500E-06 -1.890200E-06 8.090000E-07 9.158700E-07 9.858900E-07 9.002500E-07 1.263600E-06 1.150300E-06 1.084400E-06
5.457700E-07 -6.498300E-06 8.020500E-07 2.203700E-04 -3.300600E-04 2.460000E-05 4.222700E-04 1.060200E-03 -8.874900E-03 -7.654300E-03 -2.940400E-04 -8.228200E-04 1.272283E-04 -3.072900E-06 1.461000E-06 4.425900E-08 -1.308400E-07 -1.014900E-05 -4.794591E-04 -2.060500E-04 4.262500E-04 8.942700E-04 4.611500E-04 4.965300E-04 3.709500E-03 -2.523900E-05 -1.277900E-05 -4.630800E-06 -9.100900E-06 5.414900E-05 5.278600E-06 4.679900E-06 5.690100E-06 2.993800E-06 1.603600E-05 6.284800E-06 1.807500E-05
1.941800E-05 -1.419300E-04 2.704300E-05 -3.300600E-04 1.277100E-02 4.088900E-04 -9.554700E-04 -2.565400E-01 -3.147900E-01 -2.119700E-01 -3.653900E-03 -1.650200E-02 -3.595178E-03 -7.113700E-05 -2.439600E-04 -1.126400E-07 2.406000E-07 -1.695300E-05 -7.742435E-03 -4.558700E-03 9.471400E-03 5.723500E-02 1.379600E-02 1.199800E-02 4.829000E-02 -5.054900E-04 -7.524300E-04 2.591500E-05 2.527500E-04 -9.884200E-04 2.797600E-04 1.961400E-04 2.734500E-04 1.964600E-04 3.200700E-04 3.290100E-04 2.512100E-04
1.565800E-06 -1.680300E-05 2.720800E-06 2.460000E-05 4.088900E-04 5.842700E-05 7.183100E-06 -4.398600E-02 -3.005900E-02 -1.925900E-02 -9.231300E-05 -8.556400E-04 4.261246E-04 -8.282000E-06 -6.464600E-06 -3.591600E-08 3.387700E-07 -4.308400E-06 -6.963461E-04 -7.248100E-04 6.497700E-04 4.242000E-03 3.003600E-04 8.304600E-04 3.794200E-03 -2.451600E-06 1.437000E-06 -9.690700E-07 3.221900E-05 -1.250500E-05 2.367200E-05 1.633900E-05 2.256300E-05 1.541700E-05 2.571100E-05 2.466100E-05 1.920600E-05
1.097900E-07 2.573300E-06 8.782900E-08 4.222700E-04 -9.554700E-04 7.183100E-06 8.499500E-04 4.410100E-03 -8.617200E-03 -8.258200E-03 -5.703100E-04 -1.439700E-03 1.576637E-04 -4.664800E-06 6.466300E-06 1.148800E-07 -2.203900E-07 -1.975300E-05 -8.717233E-04 2.869400E-04 5.940500E-04 -3.824400E-04 8.962200E-04 6.610300E-04 5.536900E-03 -5.652500E-05 -3.712000E-05 -6.490700E-06 -5.859400E-05 1.194100E-04 -9.574300E-07 -9.337800E-07 1.047500E-06 -3.128100E-06 2.017400E-05 1.265600E-06 2.477300E-05
-8.108800E-04 4.174600E-03 -9.660600E-04 1.060200E-03 -2.565400E-01 -4.398600E-02 4.410100E-03 1.521900E+03 8.826700E+01 2.239200E+01 5.068400E-01 5.713600E+00 -8.654382E+00 5.053000E-03 -1.563900E-01 1.258300E-03 -1.394400E-03 3.244200E-02 4.060870E+00 1.596100E+01 -9.003200E-01 -5.351600E+00 3.724900E+00 -9.802000E-01 -5.100500E+00 -6.521700E-03 -2.859400E-01 -2.409900E-02 1.495400E-01 -5.329200E-02 -4.698100E-02 1.475900E-03 -5.040500E-02 5.420700E-03 -7.062300E-02 -4.823200E-02 2.498500E-03
-1.292400E-03 5.805000E-03 -1.186700E-03 -8.874900E-03 -3.147900E-01 -3.005900E-02 -8.617200E-03 8.826700E+01 7.072400E+01 2.476600E+01 1.451500E-02 9.754300E-01 -2.025974E+00 1.495000E-02 -1.263700E-02 -8.483600E-05 -1.295600E-03 1.278900E-02 6.528617E-01 3.034600E-01 -3.462600E-01 -3.903900E+00 7.308100E-01 -5.935100E-01 -3.969600E+00 -1.651800E-03 -5.339000E-02 -1.355400E-02 4.430400E-02 6.196000E-02 -3.044900E-02 -1.245300E-02 -2.970100E-02 -1.544000E-02 -3.465800E-02 -2.950200E-02 -1.896800E-02
-8.795200E-04 4.057300E-03 -7.308600E-04 -7.654300E-03 -2.119700E-01 -1.925900E-02 -8.258200E-03 2.239200E+01 2.476600E+01 3.776900E+01 -7.322700E-01 -4.517400E+00 1.323408E+00 -4.310500E-03 -1.307600E-02 -2.810500E-05 -6.374600E-04 -1.084600E-02 -4.290017E-01 2.258900E-01 -8.055200E-02 -3.189900E+00 -1.131100E+00 -5.739600E-02 -2.748900E+00 -1.206300E-02 5.304000E-02 2.704400E-02 3.311700E-02 3.886400E-02 -1.680900E-02 -2.826500E-02 -1.582800E-02 -2.820800E-02 -1.094800E-02 -1.771100E-02 -2.533600E-02
-5.770200E-06 1.929700E-05 -2.556700E-06 -2.940400E-04 -3.653900E-03 -9.231300E-05 -5.703100E-04 5.068400E-01 1.451500E-02 -7.322700E-01 3.887800E-01 7.834400E-01 1.484985E-01 -4.106800E-05 -1.061300E-02 6.369200E-07 4.941700E-05 5.240500E-03 -3.721264E-01 -3.610200E-03 -1.208600E-01 -6.238500E-02 -2.178500E-02 -1.608000E-01 -1.305300E-01 2.295800E-02 1.565000E-02 -2.102500E-03 -2.881400E-03 -1.476000E-03 1.885100E-04 1.100500E-03 2.834200E-04 1.079900E-03 -5.771700E-04 8.304500E-05 1.114300E-03
-4.759400E-05 1.364100E-04 -7.004000E-06 -8.228200E-04 -1.650200E-02 -8.556400E-04 -1.439700E-03 5.713600E+00 9.754300E-01 -4.517400E+00 7.834400E-01 3.686000E+00 -1.629969E-01 6.245100E-03 1.080800E-02 3.075000E-06 5.286000E-04 2.719200E-03 -6.423917E-01 -7.406300E-03 -2.459400E-01 -2.573900E-01 2.016000E-01 -3.686000E-01 -7.386800E-01 3.914200E-02 1.850100E-02 -1.843900E-02 -9.622900E-03 -6.063100E-03 -6.547000E-04 8.274200E-03 -1.031700E-03 7.896700E-03 -3.441400E-03 -9.856900E-04 5.177400E-03
1.457313E-05 -4.552747E-05 8.244324E-06 1.272283E-04 -3.595178E-03 4.261246E-04 1.576637E-04 -8.654382E+00 -2.025974E+00 1.323408E+00 1.484985E-01 -1.629969E-01 1.145802E+00 2.286157E-04 1.966168E-02 9.875923E-06 -1.985496E-04 -4.769190E-03 -7.825395E-01 2.423467E-02 -8.125383E-02 -1.704594E-01 -6.113941E-01 -6.829984E-02 -3.783564E-01 1.803488E-02 5.490940E-02 7.200235E-04 2.975295E-03 -2.061561E-03 1.884540E-03 -2.926471E-03 2.082327E-03 -2.819137E-03 4.211847E-03 9.152686E-04 -2.442939E-03
-4.142500E-07 1.152300E-06 -3.615000E-08 -3.072900E-06 -7.113700E-05 -8.282000E-06 -4.664800E-06 5.053000E-03 1.495000E-02 -4.310500E-03 -4.106800E-05 6.245100E-03 2.286157E-04 4.109400E-04 -3.784400E-06 2.557900E-08 6.421800E-07 8.424000E-06 -7.941550E-04 1.844700E-04 1.754500E-04 -3.720800E-03 -4.164600E-04 -4.861900E-05 -3.850000E-03 2.953200E-05 7.861700E-05 9.092200E-06 -2.196900E-05 -2.803800E-06 -7.920300E-06 -1.067300E-06 -1.181300E-05 -2.533600E-06 -1.109400E-05 -1.090200E-05 -1.209800E-06
-3.687300E-07 1.768800E-06 2.567100E-08 1.461000E-06 -2.439600E-04 -6.464600E-06 6.466300E-06 -1.563900E-01 -1.263700E-02 -1.307600E-02 -1.061300E-02 1.080800E-02 1.966168E-02 -3.784400E-06 2.525000E-03 1.881900E-07 -7.100500E-07 2.878600E-05 -3.946708E-03 1.107800E-03 3.949300E-03 -2.341900E-03 -1.383100E-02 4.288000E-03 -2.005300E-02 -4.294800E-04 1.386800E-03 -3.530800E-04 1.768300E-04 -2.328800E-04 2.977600E-05 1.709800E-05 1.922500E-05 1.991600E-05 1.113000E-04 -2.248300E-06 -5.476500E-05
9.261400E-10 -8.493100E-09 -3.161600E-09 4.425900E-08 -1.126400E-07 -3.591600E-08 1.148800E-07 1.258300E-03 -8.483600E-05 -2.810500E-05 6.369200E-07 3.075000E-06 9.875923E-06 2.557900E-08 1.881900E-07 1.525900E-07 -5.082800E-09 -2.741200E-07 -3.544159E-06 -3.747500E-05 -2.503200E-06 -1.958000E-05 -9.502700E-06 -4.715100E-06 1.607400E-06 4.728300E-07 1.022600E-06 1.238300E-07 4.851000E-07 -2.114100E-06 5.945600E-08 1.852800E-09 -2.123600E-08 -2.324100E-08 -1.060000E-07 1.795600E-08 -2.650700E-08
5.875400E-09 -4.783200E-08 1.023800E-08 -1.308400E-07 2.406000E-07 3.387700E-07 -2.203900E-07 -1.394400E-03 -1.295600E-03 -6.374600E-04 4.941700E-05 5.286000E-04 -1.985496E-04 6.421800E-07 -7.100500E-07 -5.082800E-09 6.210100E-07 8.514300E-07 6.558649E-05 3.106400E-06 -1.324000E-06 4.976200E-05 1.147700E-04 -1.126200E-05 -2.028300E-05 1.036200E-06 -5.728000E-06 -2.238500E-06 -2.918300E-06 -1.363500E-06 9.231100E-08 1.875800E-06 4.757600E-08 1.845000E-06 -3.021100E-07 1.553900E-07 1.445400E-06
-4.740700E-08 1.937000E-07 -9.796000E-08 -1.014900E-05 -1.695300E-05 -4.308400E-06 -1.975300E-05 3.244200E-02 1.278900E-02 -1.084600E-02 5.240500E-03 2.719200E-03 -4.769190E-03 8.424000E-06 2.878600E-05 -2.741200E-07 8.514300E-07 1.329700E-03 7.012828E-03 -1.494700E-04 2.878700E-03 1.391600E-03 1.019900E-03 1.178700E-03 -2.684100E-05 5.172600E-04 9.109100E-04 3.034100E-05 1.081400E-05 -2.990800E-05 5.913000E-06 1.648900E-05 1.218400E-06 2.683100E-05 -1.752200E-05 5.300900E-06 4.284200E-05
-3.377956E-05 1.155071E-04 -3.176990E-05 -4.794591E-04 -7.742435E-03 -6.963461E-04 -8.717233E-04 4.060870E+00 6.528617E-01 -4.290017E-01 -3.721264E-01 -6.423917E-01 -7.825395E-01 -7.941550E-04 -3.946708E-03 -3.544159E-06 6.558649E-05 7.012828E-03 1.272469E+00 -1.900517E-02 2.551877E-02 2.784109E-01 1.880791E-01 6.161859E-02 5.582411E-01 -2.650200E-02 -3.665315E-02 4.900320E-03 -3.536754E-03 -1.879597E-03 1.933572E-04 1.864520E-03 -5.561635E-05 1.821056E-03 -1.193968E-03 1.332999E-06 1.292867E-03
-1.889600E-05 1.402800E-04 -9.743700E-06 -2.060500E-04 -4.558700E-03 -7.248100E-04 2.869400E-04 1.596100E+01 3.034600E-01 2.258900E-01 -3.610200E-03 -7.406300E-03 2.423467E-02 1.844700E-04 1.107800E-03 -3.747500E-05 3.106400E-06 -1.494700E-04 -1.900517E-02 5.771000E-01 -9.438600E-03 -4.656300E-02 -1.647700E-02 -7.981200E-04 -1.694000E-01 -5.269700E-05 2.504400E-03 1.885200E-04 1.111700E-03 4.739200E-04 -1.403000E-04 -2.906000E-04 -2.728300E-04 -9.146200E-05 -2.612500E-04 -4.874000E-04 -7.020100E-04
3.589500E-05 -1.586900E-04 2.372200E-05 4.262500E-04 9.471400E-03 6.497700E-04 5.940500E-04 -9.003200E-01 -3.462600E-01 -8.055200E-02 -1.208600E-01 -2.459400E-01 -8.125383E-02 1.754500E-04 3.949300E-03 -2.503200E-06 -1.324000E-06 2.878700E-03 2.551877E-02 -9.438600E-03 3.100400E-01 -1.175600E-01 6.744900E-02 1.147500E-01 3.277000E-01 -5.527500E-03 -6.016200E-03 -3.033000E-03 1.304100E-03 -8.432200E-05 2.399500E-03 -8.095800E-04 2.284000E-03 -6.502600E-04 3.996800E-04 9.150200E-05 6.669200E-04
2.361900E-04 -1.168400E-03 2.149100E-04 8.942700E-04 5.723500E-02 4.242000E-03 -3.824400E-04 -5.351600E+00 -3.903900E+00 -3.189900E+00 -6.238500E-02 -2.573900E-01 -1.704594E-01 -3.720800E-03 -2.341900E-03 -1.958000E-05 4.976200E-05 1.391600E-03 2.784109E-01 -4.656300E-02 -1.175600E-01 1.351200E+01 2.343300E-01 1.195700E-01 1.112800E+00 -1.444700E-02 -2.326100E-02 -3.481100E-03 1.648500E-02 2.712600E-02 4.691800E-03 4.882500E-02 3.027000E-03 3.904600E-02 4.891700E-03 3.409500E-03 4.077400E-03
3.093400E-05 -9.557700E-05 1.522000E-05 4.611500E-04 1.379600E-02 3.003600E-04 8.962200E-04 3.724900E+00 7.308100E-01 -1.131100E+00 -2.178500E-02 2.016000E-01 -6.113941E-01 -4.164600E-04 -1.383100E-02 -9.502700E-06 1.147700E-04 1.019900E-03 1.880791E-01 -1.647700E-02 6.744900E-02 2.343300E-01 2.167700E+00 6.835500E-02 1.679800E-01 -8.453000E-02 -1.050600E-01 -1.430500E-03 2.894100E-03 3.338800E-03 -1.252200E-03 2.254400E-03 -9.959700E-04 2.061700E-03 1.494500E-03 6.402600E-04 2.099600E-03
4.584100E-05 -1.958400E-04 3.726900E-05 4.965300E-04 1.199800E-02 8.304600E-04 6.610300E-04 -9.802000E-01 -5.935100E-01 -5.739600E-02 -1.608000E-01 -3.686000E-01 -6.829984E-02 -4.861900E-05 4.288000E-03 -4.715100E-06 -1.126200E-05 1.178700E-03 6.161859E-02 -7.981200E-04 1.147500E-01 1.195700E-01 6.835500E-02 2.301500E-01 1.571300E-01 -8.177700E-03 -5.482200E-03 2.524700E-04 2.081600E-03 1.790900E-03 2.357100E-04 -3.933400E-04 1.287000E-04 -2.696600E-04 8.494500E-04 3.421500E-04 5.149800E-05
2.331100E-04 -9.715700E-04 1.824300E-04 3.709500E-03 4.829000E-02 3.794200E-03 5.536900E-03 -5.100500E+00 -3.969600E+00 -2.748900E+00 -1.305300E-01 -7.386800E-01 -3.783564E-01 -3.850000E-03 -2.005300E-02 1.607400E-06 -2.028300E-05 -2.684100E-05 5.582411E-01 -1.694000E-01 3.277000E-01 1.112800E+00 1.679800E-01 1.571300E-01 1.230100E+01 -1.171000E-02 -6.338800E-02 -1.099400E-02 -1.314400E-02 1.259800E-03 4.937600E-03 3.002400E-03 4.969200E-03 2.312800E-03 5.367100E-03 5.989200E-03 3.026200E-02
-7.087700E-07 4.786500E-07 5.892600E-07 -2.523900E-05 -5.054900E-04 -2.451600E-06 -5.652500E-05 -6.521700E-03 -1.651800E-03 -1.206300E-02 2.295800E-02 3.914200E-02 1.803488E-02 2.953200E-05 -4.294800E-04 4.728300E-07 1.036200E-06 5.172600E-04 -2.650200E-02 -5.269700E-05 -5.527500E-03 -1.444700E-02 -8.453000E-02 -8.177700E-03 -1.171000E-02 6.768500E-03 5.514400E-03 -1.253300E-04 -3.883600E-04 -1.060300E-04 1.854800E-05 -2.888700E-05 1.983900E-05 -1.111700E-05 -1.158400E-04 -3.489800E-05 1.166900E-05
-9.620400E-07 -6.944200E-07 5.421500E-07 -1.277900E-05 -7.524300E-04 1.437000E-06 -3.712000E-05 -2.859400E-01 -5.339000E-02 5.304000E-02 1.565000E-02 1.850100E-02 5.490940E-02 7.861700E-05 1.386800E-03 1.022600E-06 -5.728000E-06 9.109100E-04 -3.665315E-02 2.504400E-03 -6.016200E-03 -2.326100E-02 -1.050600E-01 -5.482200E-03 -6.338800E-02 5.514400E-03 1.136300E-02 9.460500E-05 8.185800E-05 -6.393600E-06 7.409600E-05 -1.377800E-04 8.379700E-05 -9.574000E-05 6.615100E-06 -2.137800E-05 -3.054900E-04
-5.388200E-08 1.220700E-06 5.695000E-09 -4.630800E-06 2.591500E-05 -9.690700E-07 -6.490700E-06 -2.409900E-02 -1.355400E-02 2.704400E-02 -2.102500E-03 -1.843900E-02 7.200235E-04 9.092200E-06 -3.530800E-04 1.238300E-07 -2.238500E-06 3.034100E-05 4.900320E-03 1.885200E-04 -3.033000E-03 -3.481100E-03 -1.430500E-03 2.524700E-04 -1.099400E-02 -1.253300E-04 9.460500E-05 3.528100E-04 2.483200E-05 1.475600E-04 -7.452400E-06 -4.897600E-05 4.165600E-06 -4.464000E-05 1.531600E-05 1.340800E-05 -6.893500E-05
-6.485300E-07 -9.822000E-06 -3.547500E-06 -9.100900E-06 2.527500E-04 3.221900E-05 -5.859400E-05 1.495400E-01 4.430400E-02 3.311700E-02 -2.881400E-03 -9.622900E-03 2.975295E-03 -2.196900E-05 1.768300E-04 4.851000E-07 -2.918300E-06 1.081400E-05 -3.536754E-03 1.111700E-03 1.304100E-03 1.648500E-02 2.894100E-03 2.081600E-03 -1.314400E-02 -3.883600E-04 8.185800E-05 2.483200E-05 3.919900E-02 -6.401100E-04 2.756000E-04 1.567500E-04 -3.298000E-05 2.310200E-05 5.133900E-05 -1.808400E-05 -7.903900E-05
-1.420600E-06 8.140900E-06 -1.890200E-06 5.414900E-05 -9.884200E-04 -1.250500E-05 1.194100E-04 -5.329200E-02 6.196000E-02 3.886400E-02 -1.476000E-03 -6.063100E-03 -2.061561E-03 -2.803800E-06 -2.328800E-04 -2.114100E-06 -1.363500E-06 -2.990800E-05 -1.879597E-03 4.739200E-04 -8.432200E-05 2.712600E-02 3.338800E-03 1.790900E-03 1.259800E-03 -1.060300E-04 -6.393600E-06 1.475600E-04 -6.401100E-04 3.887700E-02 -9.361700E-05 5.481300E-05 2.377800E-04 1.976600E-04 -1.023500E-04 -4.251700E-05 -1.215000E-04
1.180400E-06 -5.527200E-06 8.090000E-07 5.278600E-06 2.797600E-04 2.367200E-05 -9.574300E-07 -4.698100E-02 -3.044900E-02 -1.680900E-02 1.885100E-04 -6.547000E-04 1.884540E-03 -7.920300E-06 2.977600E-05 5.945600E-08 9.231100E-08 5.913000E-06 1.933572E-04 -1.403000E-04 2.399500E-03 4.691800E-03 -1.252200E-03 2.357100E-04 4.937600E-03 1.854800E-05 7.409600E-05 -7.452400E-06 2.756000E-04 -9.361700E-05 1.632100E-04 1.464900E-05 6.078500E-05 1.946100E-05 3.400000E-05 2.227800E-05 1.549700E-05
8.580900E-07 -4.988600E-06 9.158700E-07 4.679900E-06 1.961400E-04 1.633900E-05 -9.337800E-07 1.475900E-03 -1.245300E-02 -2.826500E-02 1.100500E-03 8.274200E-03 -2.926471E-03 -1.067300E-06 1.709800E-05 1.852800E-09 1.875800E-06 1.648900E-05 1.864520E-03 -2.906000E-04 -8.095800E-04 4.882500E-02 2.254400E-03 -3.933400E-04 3.002400E-03 -2.888700E-05 -1.377800E-04 -4.897600E-05 1.567500E-04 5.481300E-05 1.464900E-05 3.323500E-04 1.442100E-05 1.735100E-04 3.092700E-06 1.243000E-05 3.782700E-05
1.150200E-06 -5.209600E-06 9.858900E-07 5.690100E-06 2.734500E-04 2.256300E-05 1.047500E-06 -5.040500E-02 -2.970100E-02 -1.582800E-02 2.834200E-04 -1.031700E-03 2.082327E-03 -1.181300E-05 1.922500E-05 -2.123600E-08 4.757600E-08 1.218400E-06 -5.561635E-05 -2.728300E-04 2.284000E-03 3.027000E-03 -9.959700E-04 1.287000E-04 4.969200E-03 1.983900E-05 8.379700E-05 4.165600E-06 -3.298000E-05 2.377800E-04 6.078500E-05 1.442100E-05 1.313300E-04 1.294900E-05 3.492300E-05 2.466400E-05 1.308400E-05
8.606100E-07 -4.632100E-06 9.002500E-07 2.993800E-06 1.964600E-04 1.541700E-05 -3.128100E-06 5.420700E-03 -1.544000E-02 -2.820800E-02 1.079900E-03 7.896700E-03 -2.819137E-03 -2.533600E-06 1.991600E-05 -2.324100E-08 1.845000E-06 2.683100E-05 1.821056E-03 -9.146200E-05 -6.502600E-04 3.904600E-02 2.061700E-03 -2.696600E-04 2.312800E-03 -1.111700E-05 -9.574000E-05 -4.464000E-05 2.310200E-05 1.976600E-04 1.946100E-05 1.735100E-04 1.294900E-05 2.129600E-04 9.039700E-06 1.232800E-05 3.122600E-05
1.309900E-06 -6.100600E-06 1.263600E-06 1.603600E-05 3.200700E-04 2.571100E-05 2.017400E-05 -7.062300E-02 -3.465800E-02 -1.094800E-02 -5.771700E-04 -3.441400E-03 4.211847E-03 -1.109400E-05 1.113000E-04 -1.060000E-07 -3.021100E-07 -1.752200E-05 -1.193968E-03 -2.612500E-04 3.996800E-04 4.891700E-03 1.494500E-03 8.494500E-04 5.367100E-03 -1.158400E-04 6.615100E-06 1.531600E-05 5.133900E-05 -1.023500E-04 3.400000E-05 3.092700E-06 3.492300E-05 9.039700E-06 4.168500E-04 4.384800E-05 8.927200E-06
1.273800E-06 -5.890000E-06 1.150300E-06 6.284800E-06 3.290100E-04 2.466100E-05 1.265600E-06 -4.823200E-02 -2.950200E-02 -1.771100E-02 8.304500E-05 -9.856900E-04 9.152686E-04 -1.090200E-05 -2.248300E-06 1.795600E-08 1.553900E-07 5.300900E-06 1.332999E-06 -4.874000E-04 9.150200E-05 3.409500E-03 6.402600E-04 3.421500E-04 5.989200E-03 -3.489800E-05 -2.137800E-05 1.340800E-05 -1.808400E-05 -4.251700E-05 2.227800E-05 1.243000E-05 2.466400E-05 1.232800E-05 4.384800E-05 1.030700E-04 3.313100E-05
1.101900E-06 -5.414200E-06 1.084400E-06 1.807500E-05 2.512100E-04 1.920600E-05 2.477300E-05 2.498500E-03 -1.896800E-02 -2.533600E-02 1.114300E-03 5.177400E-03 -2.442939E-03 -1.209800E-06 -5.476500E-05 -2.650700E-08 1.445400E-06 4.284200E-05 1.292867E-03 -7.020100E-04 6.669200E-04 4.077400E-03 2.099600E-03 5.149800E-05 3.026200E-02 1.166900E-05 -3.054900E-04 -6.893500E-05 -7.903900E-05 -1.215000E-04 1.549700E-05 3.782700E-05 1.308400E-05 3.122600E-05 8.927200E-06 3.313100E-05 4.963100E-04
