# omegabh2 omegach2 theta tau mnu nnu logA ns calPlanck acib217 xi asz143 aps100 aps143 aps143217 aps217 aksz kgal100 kgal143 kgal143217 kgal217 galfEE100 galfEE100143 galfEE100217 galfEE143 galfEE143217 galfEE217 galfTE100 galfTE100143 galfTE100217 galfTE143 galfTE143217 galfTE217 cal0 cal2
    0.6308139E-07    0.3660489E-06   -0.2903586E-07    0.1704105E-05   -0.1208780E-04    0.3847106E-04    0.4497348E-05    0.2037427E-05   -0.3331774E-08    0.4581772E-04   -0.5173572E-06    0.1574639E-04   -0.1761137E-03   -0.4740950E-04   -0.1710874E-04   -0.8092690E-04    0.4328616E-05    0.2588469E-04    0.2020124E-04    0.2950308E-04    0.5013226E-05    0.2534956E-06    0.9884306E-07   -0.6193169E-07    0.1176482E-06   -0.1204165E-06   -0.2106040E-06   -0.4111754E-06   -0.1881019E-06   -0.1167214E-05   -0.8508005E-07   -0.1003457E-05   -0.2999046E-05   -0.1135521E-08    0.3577779E-08
    0.3660489E-06    0.9644545E-05   -0.1030063E-05    0.5765212E-05    0.8373861E-05    0.5632282E-03    0.3572105E-04    0.1775938E-04   -0.1292373E-06    0.3531452E-02   -0.8209894E-04   -0.3726915E-03    0.9450887E-02    0.5347423E-02    0.8043296E-03   -0.2091474E-02    0.1125026E-02    0.2502358E-03    0.2994712E-03    0.7620517E-03   -0.8325482E-04    0.1126055E-05    0.3483082E-06   -0.2452234E-06    0.8059819E-06   -0.4109737E-06   -0.3634063E-05    0.1558323E-05    0.9232877E-06   -0.8840266E-05    0.1366495E-06   -0.2277212E-05    0.3505168E-05   -0.1090071E-06    0.3242734E-06
   -0.2903586E-07   -0.1030063E-05    0.2037325E-06   -0.7422051E-06   -0.1325253E-04   -0.6183741E-04   -0.3926451E-05   -0.1848103E-05    0.7618271E-08   -0.3960430E-03    0.1069460E-04    0.4466258E-04   -0.1182713E-02   -0.5950885E-03   -0.5259925E-04    0.2116628E-03   -0.1503924E-03   -0.3902270E-04   -0.4864356E-04   -0.8243968E-04    0.2740756E-04   -0.1155727E-06   -0.5754020E-07    0.8282792E-07   -0.1043708E-06    0.9217054E-07    0.4935846E-06    0.2804305E-06   -0.6556573E-07    0.8351123E-06   -0.1378176E-06    0.1639192E-06   -0.2036321E-05    0.1159339E-07   -0.3037491E-07
    0.1704105E-05    0.5765212E-05   -0.7422051E-06    0.3384683E-03    0.5079002E-03    0.1050835E-02    0.6892662E-03    0.7502545E-04   -0.5101654E-06   -0.7555019E-02    0.2270487E-03    0.1189809E-02   -0.3540424E-01   -0.6353064E-02    0.4124082E-02    0.8457822E-02   -0.2809661E-02    0.2241606E-03   -0.1274336E-03   -0.1572893E-03    0.1184399E-02    0.6098855E-05    0.3624337E-05   -0.1231914E-05    0.3574114E-05    0.9197159E-06    0.1473673E-05   -0.3452548E-04   -0.2048296E-05   -0.1012828E-03    0.1074187E-05   -0.2484837E-04   -0.1457679E-03   -0.6255201E-08   -0.7956201E-06
   -0.1208780E-04    0.8373861E-05   -0.1325253E-04    0.5079002E-03    0.2479698E-01   -0.2991645E-02    0.9356022E-03   -0.3211299E-03    0.1253778E-04    0.5628499E-01   -0.2371553E-03   -0.1658864E-01    0.2681046E+00    0.1027096E+00    0.1048394E-01   -0.3464196E-01    0.2789351E-01    0.2217579E-02   -0.9965586E-03    0.2856077E-02   -0.3513518E-02   -0.5246320E-04   -0.1003959E-04    0.1782360E-04   -0.3273225E-04    0.3888244E-04    0.1559889E-04   -0.7416986E-04   -0.4283073E-04    0.2012676E-04   -0.3519420E-04    0.8940634E-04    0.3948227E-03    0.1638229E-05    0.8789222E-05
    0.3847106E-04    0.5632282E-03   -0.6183741E-04    0.1050835E-02   -0.2991645E-02    0.4192855E-01    0.3556208E-02    0.1727155E-02   -0.2072381E-05    0.2172485E+00   -0.4640393E-02   -0.1533138E-01    0.4639852E+00    0.2713693E+00    0.2648931E-01   -0.1582042E+00    0.6527410E-01    0.2197842E-01    0.2364357E-01    0.5374578E-01   -0.8052154E-02    0.1648954E-03    0.6392265E-04   -0.4809178E-04    0.9488901E-04   -0.8473115E-04   -0.2573078E-03   -0.9409000E-04   -0.2696268E-04   -0.8790835E-03   -0.1546208E-04   -0.4297624E-03   -0.7792056E-03   -0.6251035E-05    0.1781601E-04
    0.4497348E-05    0.3572105E-04   -0.3926451E-05    0.6892662E-03    0.9356022E-03    0.3556208E-02    0.1493329E-02    0.1963435E-03    0.1144765E-04   -0.5564371E-02    0.2940631E-03    0.1584870E-02   -0.4190452E-01    0.2217578E-02    0.1320895E-01    0.1594305E-01   -0.3664725E-02    0.9372158E-03    0.8883280E-04    0.1538648E-02    0.4097108E-02    0.1725650E-04    0.8531606E-05   -0.3085063E-05    0.1000302E-04   -0.2170042E-06   -0.3944863E-05   -0.6207990E-04   -0.2064064E-05   -0.2131454E-03    0.3202939E-05   -0.5600548E-04   -0.2631603E-03   -0.5623689E-07   -0.7982175E-06
    0.2037427E-05    0.1775938E-04   -0.1848103E-05    0.7502545E-04   -0.3211299E-03    0.1727155E-02    0.1963435E-03    0.9529332E-04   -0.1312428E-06    0.2689128E-02   -0.2852920E-04    0.8891266E-03   -0.1218384E-01    0.2182528E-02    0.3659699E-02    0.1042575E-04   -0.5097991E-03    0.1223205E-02    0.7496901E-03    0.1733549E-02    0.2014683E-03    0.1227616E-04    0.4981941E-05   -0.2174468E-05    0.6218691E-05   -0.5635716E-05   -0.7098632E-05   -0.1147277E-04   -0.3271459E-05   -0.5115386E-04   -0.2128707E-05   -0.2211155E-04   -0.7688867E-04   -0.2825821E-06    0.1348517E-06
   -0.3331774E-08   -0.1292373E-06    0.7618271E-08   -0.5101654E-06    0.1253778E-04   -0.2072381E-05    0.1144765E-04   -0.1312428E-06    0.6413721E-05    0.1324625E-02   -0.6528720E-05    0.2693311E-05    0.4439578E-02    0.8465641E-03    0.2640127E-03    0.3825624E-03    0.4143426E-04    0.4300394E-05    0.1302679E-04    0.2469976E-03    0.9774427E-03    0.1363793E-05    0.3339668E-06   -0.9433388E-07    0.5605035E-06   -0.1554707E-06    0.8814578E-06    0.1871485E-05    0.3382130E-06    0.7074466E-05    0.4348452E-06    0.2113552E-05    0.1541042E-04    0.1328104E-07    0.5480409E-07
    0.4581772E-04    0.3531452E-02   -0.3960430E-03   -0.7555019E-02    0.5628499E-01    0.2172485E+00   -0.5564371E-02    0.2689128E-02    0.1324625E-02    0.4993429E+02   -0.4904574E+00   -0.1557991E+01    0.4522850E+02    0.2807886E+01   -0.1975237E+02   -0.6678479E+02    0.6238209E+00   -0.1259392E-01    0.3865675E+00   -0.2951901E+01   -0.2509105E+02    0.1925576E-03    0.3277728E-03   -0.1361535E-02    0.1245123E-02   -0.2244223E-03   -0.1919458E-02   -0.6765025E-02   -0.9349885E-03    0.1233622E-01    0.3272148E-02    0.9108483E-02    0.2487942E-01   -0.2111645E-03    0.4463790E-02
   -0.5173572E-06   -0.8209894E-04    0.1069460E-04    0.2270487E-03   -0.2371553E-03   -0.4640393E-02    0.2940631E-03   -0.2852920E-04   -0.6528720E-05   -0.4904574E+00    0.8187994E-01   -0.6260210E-01   -0.5285459E+00    0.9313566E+00    0.1787895E+01    0.7401009E+00    0.4936964E-01    0.7437717E-03    0.9045565E-04    0.8799194E-01    0.9882432E-01    0.8760570E-05   -0.1852284E-04   -0.6684431E-04   -0.1822012E-04   -0.1486429E-04    0.4235685E-03   -0.9376570E-05    0.5329498E-04   -0.6514414E-03   -0.4363287E-04    0.5242634E-03   -0.3212123E-03    0.1002061E-04   -0.1934667E-04
    0.1574639E-04   -0.3726915E-03    0.4466258E-04    0.1189809E-02   -0.1658864E-01   -0.1533138E-01    0.1584870E-02    0.8891266E-03    0.2693311E-05   -0.1557991E+01   -0.6260210E-01    0.3767819E+01   -0.2961896E+02   -0.3883049E+01    0.7882175E+01    0.6558444E+01   -0.2696289E+01   -0.1630333E+00    0.4428640E-01    0.2348983E+01    0.2006199E+01    0.1029109E-05    0.5674735E-05    0.3593954E-03   -0.9355911E-04    0.1680146E-03   -0.2047054E-02    0.2368670E-03    0.5362500E-03    0.4377418E-03    0.2822459E-03   -0.1577441E-02   -0.1712714E-02    0.2098619E-03   -0.3308669E-03
   -0.1761137E-03    0.9450887E-02   -0.1182713E-02   -0.3540424E-01    0.2681046E+00    0.4639852E+00   -0.4190452E-01   -0.1218384E-01    0.4439578E-02    0.4522850E+02   -0.5285459E+00   -0.2961896E+02    0.7297534E+03    0.7229261E+02   -0.5914311E+02   -0.7280077E+02    0.1504712E+02   -0.6384235E+00    0.1497050E+00   -0.1191262E+02   -0.1771645E+02   -0.3559241E-02   -0.9931903E-03   -0.1590031E-02    0.7486308E-03    0.2171243E-02    0.9389791E-02    0.3760904E-01   -0.1292089E-01    0.2644983E-01   -0.1650659E-01    0.2469776E-01    0.1128421E+00    0.4190868E-02    0.4801885E-02
   -0.4740950E-04    0.5347423E-02   -0.5950885E-03   -0.6353064E-02    0.1027096E+00    0.2713693E+00    0.2217578E-02    0.2182528E-02    0.8465641E-03    0.2807886E+01    0.9313566E+00   -0.3883049E+01    0.7229261E+02    0.5952221E+02    0.4077518E+02    0.1406478E+02   -0.3468688E+01   -0.3569496E+00   -0.9807203E+00    0.4455897E+01    0.4733324E+01   -0.1384918E-02   -0.7903587E-03   -0.1810540E-02   -0.6867377E-03    0.8514707E-03    0.3597722E-02   -0.2001047E-02   -0.2330786E-02    0.1963170E-01   -0.3367171E-02    0.7871971E-02    0.3023956E-01    0.9085875E-04    0.5912791E-03
   -0.1710874E-04    0.8043296E-03   -0.5259925E-04    0.4124082E-02    0.1048394E-01    0.2648931E-01    0.1320895E-01    0.3659699E-02    0.2640127E-03   -0.1975237E+02    0.1787895E+01    0.7882175E+01   -0.5914311E+02    0.4077518E+02    0.9325112E+02    0.6366093E+02   -0.1177052E+02   -0.6506023E+00   -0.4450932E+00    0.4557164E+01    0.5703160E+01   -0.1370220E-02   -0.8717508E-03   -0.5969071E-03   -0.1013823E-02    0.4790915E-03    0.1264222E-02   -0.1929977E-02   -0.4483701E-03    0.1990623E-03   -0.2426428E-02    0.8321069E-02    0.2767876E-02    0.7865534E-03   -0.2290039E-02
   -0.8092690E-04   -0.2091474E-02    0.2116628E-03    0.8457822E-02   -0.3464196E-01   -0.1582042E+00    0.1594305E-01    0.1042575E-04    0.3825624E-03   -0.6678479E+02    0.7401009E+00    0.6558444E+01   -0.7280077E+02    0.1406478E+02    0.6366093E+02    0.1250689E+03   -0.1006066E+02   -0.6096182E+00   -0.6547992E+00    0.3362816E+00    0.2186660E+02   -0.4500036E-03   -0.6893066E-03    0.1934656E-02   -0.1480963E-02    0.1568678E-02   -0.4325871E-02    0.7268656E-02    0.4781853E-03   -0.6850600E-02   -0.3743691E-02   -0.4822480E-02   -0.1881362E-01    0.5681080E-03   -0.7639018E-02
    0.4328616E-05    0.1125026E-02   -0.1503924E-03   -0.2809661E-02    0.2789351E-01    0.6527410E-01   -0.3664725E-02   -0.5097991E-03    0.4143426E-04    0.6238209E+00    0.4936964E-01   -0.2696289E+01    0.1504712E+02   -0.3468688E+01   -0.1177052E+02   -0.1006066E+02    0.5995567E+01    0.1093791E+00   -0.3770478E-01   -0.1723941E+01   -0.1369904E+01   -0.2255584E-03   -0.5929837E-04   -0.5404760E-03    0.1253668E-03   -0.1205596E-03   -0.4425612E-03    0.3364850E-02    0.1733941E-02   -0.2269915E-02    0.3981106E-03    0.8211466E-03    0.1691232E-02   -0.1332920E-03    0.1791021E-03
    0.2588469E-04    0.2502358E-03   -0.3902270E-04    0.2241606E-03    0.2217579E-02    0.2197842E-01    0.9372158E-03    0.1223205E-02    0.4300394E-05   -0.1259392E-01    0.7437717E-03   -0.1630333E+00   -0.6384235E+00   -0.3569496E+00   -0.6506023E+00   -0.6096182E+00    0.1093791E+00    0.3150548E+01    0.7352984E+00    0.5198448E+00    0.8219976E+00    0.1713696E-03    0.6864963E-04    0.4790568E-04    0.1237082E-03    0.1604746E-03    0.1686102E-03   -0.6386422E-02   -0.2165549E-03   -0.1192594E-02   -0.3937528E-03    0.1663344E-03   -0.4940157E-02    0.4288197E-03    0.5617392E-04
    0.2020124E-04    0.2994712E-03   -0.4864356E-04   -0.1274336E-03   -0.9965586E-03    0.2364357E-01    0.8883280E-04    0.7496901E-03    0.1302679E-04    0.3865675E+00    0.9045565E-04    0.4428640E-01    0.1497050E+00   -0.9807203E+00   -0.4450932E+00   -0.6547992E+00   -0.3770478E-01    0.7352984E+00    0.3056149E+01    0.2253826E+01    0.1170907E+01    0.2270859E-03    0.2566125E-04   -0.2810947E-03   -0.6004886E-05    0.1998146E-03   -0.1616318E-02    0.8384497E-03   -0.9959526E-03   -0.1761305E-02    0.1102661E-02   -0.1105192E-02    0.1603899E-02   -0.4184653E-03   -0.2127694E-03
    0.2950308E-04    0.7620517E-03   -0.8243968E-04   -0.1572893E-03    0.2856077E-02    0.5374578E-01    0.1538648E-02    0.1733549E-02    0.2469976E-03   -0.2951901E+01    0.8799194E-01    0.2348983E+01   -0.1191262E+02    0.4455897E+01    0.4557164E+01    0.3362816E+00   -0.1723941E+01    0.5198448E+00    0.2253826E+01    0.1789766E+02    0.2767679E+02    0.4328741E-03   -0.1196390E-03   -0.1023148E-02   -0.7054510E-03   -0.2621127E-03    0.5879202E-03    0.5614893E-02    0.1394782E-02   -0.6758630E-02   -0.1548640E-02   -0.6112529E-02    0.1380810E-01   -0.2851971E-04    0.2536943E-02
    0.5013226E-05   -0.8325482E-04    0.2740756E-04    0.1184399E-02   -0.3513518E-02   -0.8052154E-02    0.4097108E-02    0.2014683E-03    0.9774427E-03   -0.2509105E+02    0.9882432E-01    0.2006199E+01   -0.1771645E+02    0.4733324E+01    0.5703160E+01    0.2186660E+02   -0.1369904E+01    0.8219976E+00    0.1170907E+01    0.2767679E+02    0.6285594E+02    0.6958960E-04   -0.2320778E-03   -0.5165019E-03   -0.1680767E-02   -0.7568170E-03    0.4591796E-02    0.8672479E-02    0.1609365E-02   -0.6259573E-02   -0.4202008E-02   -0.1351503E-01    0.1225649E-01    0.5736796E-04    0.4511043E-02
    0.2534956E-06    0.1126055E-05   -0.1155727E-06    0.6098855E-05   -0.5246320E-04    0.1648954E-03    0.1725650E-04    0.1227616E-04    0.1363793E-05    0.1925576E-03    0.8760570E-05    0.1029109E-05   -0.3559241E-02   -0.1384918E-02   -0.1370220E-02   -0.4500036E-03   -0.2255584E-03    0.1713696E-03    0.2270859E-03    0.4328741E-03    0.6958960E-04    0.1289516E-03    0.1167178E-04   -0.3839931E-05    0.3347211E-05   -0.1752099E-05   -0.4756979E-05   -0.2287514E-04   -0.7291348E-05   -0.5397275E-05   -0.2408813E-05    0.8475499E-05    0.2985281E-04    0.3350658E-08   -0.1562096E-06
    0.9884306E-07    0.3483082E-06   -0.5754020E-07    0.3624337E-05   -0.1003959E-04    0.6392265E-04    0.8531606E-05    0.4981941E-05    0.3339668E-06    0.3277728E-03   -0.1852284E-04    0.5674735E-05   -0.9931903E-03   -0.7903587E-03   -0.8717508E-03   -0.6893066E-03   -0.5929837E-04    0.6864963E-04    0.2566125E-04   -0.1196390E-03   -0.2320778E-03    0.1167178E-04    0.1395372E-04   -0.7376325E-06    0.7132246E-05   -0.4841114E-06    0.6134457E-06    0.3344993E-05   -0.1973906E-06   -0.9693523E-06   -0.1713222E-05   -0.5092945E-05   -0.2175302E-04   -0.7066048E-07   -0.4361848E-07
   -0.6193169E-07   -0.2452234E-06    0.8282792E-07   -0.1231914E-05    0.1782360E-04   -0.4809178E-04   -0.3085063E-05   -0.2174468E-05   -0.9433388E-07   -0.1361535E-02   -0.6684431E-04    0.3593954E-03   -0.1590031E-02   -0.1810540E-02   -0.5969071E-03    0.1934656E-02   -0.5404760E-03    0.4790568E-04   -0.2810947E-03   -0.1023148E-02   -0.5165019E-03   -0.3839931E-05   -0.7376325E-06    0.2256848E-03   -0.1024821E-06    0.6068886E-06   -0.6546525E-05    0.1746996E-04    0.3204495E-05   -0.4594849E-04    0.1578429E-05   -0.1625754E-04   -0.5879797E-04    0.6131236E-07   -0.3414085E-06
    0.1176482E-06    0.8059819E-06   -0.1043708E-06    0.3574114E-05   -0.3273225E-04    0.9488901E-04    0.1000302E-04    0.6218691E-05    0.5605035E-06    0.1245123E-02   -0.1822012E-04   -0.9355911E-04    0.7486308E-03   -0.6867377E-03   -0.1013823E-02   -0.1480963E-02    0.1253668E-03    0.1237082E-03   -0.6004886E-05   -0.7054510E-03   -0.1680767E-02    0.3347211E-05    0.7132246E-05   -0.1024821E-06    0.3070762E-04   -0.5796959E-06    0.5509935E-05    0.1091322E-04    0.2625753E-05   -0.2608685E-05   -0.6115166E-05   -0.1319548E-04   -0.1098803E-04   -0.5373715E-07   -0.9760414E-07
   -0.1204165E-06   -0.4109737E-06    0.9217054E-07    0.9197159E-06    0.3888244E-04   -0.8473115E-04   -0.2170042E-06   -0.5635716E-05   -0.1554707E-06   -0.2244223E-03   -0.1486429E-04    0.1680146E-03    0.2171243E-02    0.8514707E-03    0.4790915E-03    0.1568678E-02   -0.1205596E-03    0.1604746E-03    0.1998146E-03   -0.2621127E-03   -0.7568170E-03   -0.1752099E-05   -0.4841114E-06    0.6068886E-06   -0.5796959E-06    0.3956545E-03   -0.1253291E-04   -0.1521571E-04   -0.7664221E-05    0.2683782E-04   -0.6901605E-05   -0.1233928E-04   -0.5966559E-05   -0.1349387E-06    0.9305641E-08
   -0.2106040E-06   -0.3634063E-05    0.4935846E-06    0.1473673E-05    0.1559889E-04   -0.2573078E-03   -0.3944863E-05   -0.7098632E-05    0.8814578E-06   -0.1919458E-02    0.4235685E-03   -0.2047054E-02    0.9389791E-02    0.3597722E-02    0.1264222E-02   -0.4325871E-02   -0.4425612E-03    0.1686102E-03   -0.1616318E-02    0.5879202E-03    0.4591796E-02   -0.4756979E-05    0.6134457E-06   -0.6546525E-05    0.5509935E-05   -0.1253291E-04    0.3458223E-02   -0.1769669E-04    0.1241336E-04   -0.2374195E-04   -0.1131913E-04    0.8103805E-05    0.3862518E-04    0.3202973E-06    0.9782643E-06
   -0.4111754E-06    0.1558323E-05    0.2804305E-06   -0.3452548E-04   -0.7416986E-04   -0.9409000E-04   -0.6207990E-04   -0.1147277E-04    0.1871485E-05   -0.6765025E-02   -0.9376570E-05    0.2368670E-03    0.3760904E-01   -0.2001047E-02   -0.1929977E-02    0.7268656E-02    0.3364850E-02   -0.6386422E-02    0.8384497E-03    0.5614893E-02    0.8672479E-02   -0.2287514E-04    0.3344993E-05    0.1746996E-04    0.1091322E-04   -0.1521571E-04   -0.1769669E-04    0.5856627E-02    0.1857502E-02    0.1958240E-02   -0.6775275E-03   -0.1297694E-03    0.6739301E-04    0.2407821E-05   -0.1029530E-05
   -0.1881019E-06    0.9232877E-06   -0.6556573E-07   -0.2048296E-05   -0.4283073E-04   -0.2696268E-04   -0.2064064E-05   -0.3271459E-05    0.3382130E-06   -0.9349885E-03    0.5329498E-04    0.5362500E-03   -0.1292089E-01   -0.2330786E-02   -0.4483701E-03    0.4781853E-03    0.1733941E-02   -0.2165549E-03   -0.9959526E-03    0.1394782E-02    0.1609365E-02   -0.7291348E-05   -0.1973906E-06    0.3204495E-05    0.2625753E-05   -0.7664221E-05    0.1241336E-04    0.1857502E-02    0.1245326E-02    0.8138172E-03    0.2122475E-03    0.1467905E-05   -0.2904610E-03    0.7270894E-07   -0.6829292E-07
   -0.1167214E-05   -0.8840266E-05    0.8351123E-06   -0.1012828E-03    0.2012676E-04   -0.8790835E-03   -0.2131454E-03   -0.5115386E-04    0.7074466E-05    0.1233622E-01   -0.6514414E-03    0.4377418E-03    0.2644983E-01    0.1963170E-01    0.1990623E-03   -0.6850600E-02   -0.2269915E-02   -0.1192594E-02   -0.1761305E-02   -0.6758630E-02   -0.6259573E-02   -0.5397275E-05   -0.9693523E-06   -0.4594849E-04   -0.2608685E-05    0.2683782E-04   -0.2374195E-04    0.1958240E-02    0.8138172E-03    0.3269835E-01   -0.6215280E-03    0.1503409E-02    0.1049486E-01   -0.3786018E-06    0.3715012E-05
   -0.8508005E-07    0.1366495E-06   -0.1378176E-06    0.1074187E-05   -0.3519420E-04   -0.1546208E-04    0.3202939E-05   -0.2128707E-05    0.4348452E-06    0.3272148E-02   -0.4363287E-04    0.2822459E-03   -0.1650659E-01   -0.3367171E-02   -0.2426428E-02   -0.3743691E-02    0.3981106E-03   -0.3937528E-03    0.1102661E-02   -0.1548640E-02   -0.4202008E-02   -0.2408813E-05   -0.1713222E-05    0.1578429E-05   -0.6115166E-05   -0.6901605E-05   -0.1131913E-04   -0.6775275E-03    0.2122475E-03   -0.6215280E-03    0.1359892E-02    0.2083171E-03   -0.4206302E-03   -0.7541018E-06   -0.2237310E-06
   -0.1003457E-05   -0.2277212E-05    0.1639192E-06   -0.2484837E-04    0.8940634E-04   -0.4297624E-03   -0.5600548E-04   -0.2211155E-04    0.2113552E-05    0.9108483E-02    0.5242634E-03   -0.1577441E-02    0.2469776E-01    0.7871971E-02    0.8321069E-02   -0.4822480E-02    0.8211466E-03    0.1663344E-03   -0.1105192E-02   -0.6112529E-02   -0.1351503E-01    0.8475499E-05   -0.5092945E-05   -0.1625754E-04   -0.1319548E-04   -0.1233928E-04    0.8103805E-05   -0.1297694E-03    0.1467905E-05    0.1503409E-02    0.2083171E-03    0.5209310E-02    0.3929157E-02    0.2078361E-06    0.8184204E-06
   -0.2999046E-05    0.3505168E-05   -0.2036321E-05   -0.1457679E-03    0.3948227E-03   -0.7792056E-03   -0.2631603E-03   -0.7688867E-04    0.1541042E-04    0.2487942E-01   -0.3212123E-03   -0.1712714E-02    0.1128421E+00    0.3023956E-01    0.2767876E-02   -0.1881362E-01    0.1691232E-02   -0.4940157E-02    0.1603899E-02    0.1380810E-01    0.1225649E-01    0.2985281E-04   -0.2175302E-04   -0.5879797E-04   -0.1098803E-04   -0.5966559E-05    0.3862518E-04    0.6739301E-04   -0.2904610E-03    0.1049486E-01   -0.4206302E-03    0.3929157E-02    0.3512391E-01    0.6859132E-06    0.2837070E-05
   -0.1135521E-08   -0.1090071E-06    0.1159339E-07   -0.6255201E-08    0.1638229E-05   -0.6251035E-05   -0.5623689E-07   -0.2825821E-06    0.1328104E-07   -0.2111645E-03    0.1002061E-04    0.2098619E-03    0.4190868E-02    0.9085875E-04    0.7865534E-03    0.5681080E-03   -0.1332920E-03    0.4288197E-03   -0.4184653E-03   -0.2851971E-04    0.5736796E-04    0.3350658E-08   -0.7066048E-07    0.6131236E-07   -0.5373715E-07   -0.1349387E-06    0.3202973E-06    0.2407821E-05    0.7270894E-07   -0.3786018E-06   -0.7541018E-06    0.2078361E-06    0.6859132E-06    0.5290865E-06    0.1989176E-07
    0.3577779E-08    0.3242734E-06   -0.3037491E-07   -0.7956201E-06    0.8789222E-05    0.1781601E-04   -0.7982175E-06    0.1348517E-06    0.5480409E-07    0.4463790E-02   -0.1934667E-04   -0.3308669E-03    0.4801885E-02    0.5912791E-03   -0.2290039E-02   -0.7639018E-02    0.1791021E-03    0.5617392E-04   -0.2127694E-03    0.2536943E-02    0.4511043E-02   -0.1562096E-06   -0.4361848E-07   -0.3414085E-06   -0.9760414E-07    0.9305641E-08    0.9782643E-06   -0.1029530E-05   -0.6829292E-07    0.3715012E-05   -0.2237310E-06    0.8184204E-06    0.2837070E-05    0.1989176E-07    0.2085841E-05
