# omegabh2 omegach2 theta tau mnu logA ns acib217 acibsz143 asz143 aps100 aps143 aps143217 aps217 aksz kgal100 t1gal143 t1gal143217 t1gal217 calib_100T calib_217T
    0.4692215E-07   -0.6667789E-07    0.3052225E-07    0.7237183E-06    0.1708317E-05    0.1337019E-05    0.3327110E-06   -0.2750889E-03   -0.1367373E-03   -0.1001834E-05   -0.7666026E-03   -0.2878607E-03    0.2177981E-04    0.5118974E-04   -0.7491739E-04    0.8638522E-03    0.4879070E-03    0.4578773E-03    0.4337690E-03   -0.4828704E-07    0.1080806E-07
   -0.6667789E-07    0.1794081E-05   -0.7534616E-07   -0.9818232E-05   -0.4292301E-04   -0.1627051E-04   -0.4131761E-05    0.1378523E-03    0.9828669E-04    0.2566214E-05   -0.1821666E-02   -0.6785947E-03   -0.9096483E-03   -0.8770000E-03    0.1694045E-04    0.3860742E-02    0.4877271E-02    0.4843204E-02    0.4844504E-02    0.5577602E-07   -0.6036516E-09
    0.3052225E-07   -0.7534616E-07    0.1907497E-06    0.1384521E-05    0.2442733E-05    0.2812926E-05    0.5211865E-06   -0.9043732E-04   -0.3526413E-04   -0.6605461E-05    0.2442627E-04   -0.9137154E-04   -0.2578650E-05    0.5580222E-04   -0.2595290E-04    0.2442239E-03   -0.5232825E-04   -0.1035054E-03   -0.1267744E-03   -0.4016966E-07    0.8929558E-08
    0.7237183E-06   -0.9818232E-05    0.1384521E-05    0.1777321E-03    0.5648674E-03    0.3296173E-03    0.3455263E-04   -0.8800092E-02   -0.4265141E-02   -0.1314562E-02   -0.2997909E-02    0.1640920E-02    0.7406808E-02    0.8424382E-02   -0.2300707E-02   -0.1073514E-01   -0.4400866E-02   -0.5555942E-02   -0.5611222E-02    0.1405849E-05    0.4657698E-06
    0.1708317E-05   -0.4292301E-04    0.2442733E-05    0.5648674E-03    0.6333509E-02    0.1045794E-02    0.1033214E-03   -0.3516898E-02   -0.1618342E-02   -0.2103586E-02    0.1051360E+00    0.3835218E-01    0.3784919E-01    0.3556269E-01   -0.4223989E-02   -0.1040136E+00   -0.1511262E+00   -0.1619586E+00   -0.1705833E+00   -0.4176470E-05    0.2093356E-05
    0.1337019E-05   -0.1627051E-04    0.2812926E-05    0.3296173E-03    0.1045794E-02    0.6282870E-03    0.5896837E-04   -0.1598558E-01   -0.8458138E-02   -0.3401349E-02    0.1222800E-01    0.1591622E-01    0.2505324E-01    0.2498164E-01   -0.4972969E-02   -0.3659256E-01   -0.4801478E-01   -0.5115741E-01   -0.5188347E-01    0.2504873E-06    0.8547529E-06
    0.3327110E-06   -0.4131761E-05    0.5211865E-06    0.3455263E-04    0.1033214E-03    0.5896837E-04    0.2397353E-04   -0.9598851E-02   -0.4512466E-02   -0.1476186E-02   -0.4576450E-02    0.6701823E-02    0.1312949E-01    0.1391107E-01   -0.2976331E-02   -0.5904013E-02   -0.9921756E-02   -0.1076955E-01   -0.9788903E-02    0.1593977E-06    0.2221468E-06
   -0.2750889E-03    0.1378523E-03   -0.9043732E-04   -0.8800092E-02   -0.3516898E-02   -0.1598558E-01   -0.9598851E-02    0.6490194E+02    0.2408920E+02    0.9086938E+00    0.1557014E+02   -0.1837714E+02   -0.6139824E+02   -0.7826693E+02   -0.2290717E+01   -0.1536487E+02   -0.2754809E+02   -0.3339649E+02   -0.3876976E+02   -0.7201771E-04   -0.2978396E-02
   -0.1367373E-03    0.9828669E-04   -0.3526413E-04   -0.4265141E-02   -0.1618342E-02   -0.8458138E-02   -0.4512466E-02    0.2408920E+02    0.1770496E+02    0.2055948E+01   -0.1040231E+02   -0.2130748E+02   -0.4224311E+02   -0.2473359E+02   -0.8017975E+00   -0.8297615E+01   -0.1482953E+02   -0.2215337E+02   -0.2393196E+02   -0.1493570E-03   -0.5060211E-04
   -0.1001834E-05    0.2566214E-05   -0.6605461E-05   -0.1314562E-02   -0.2103586E-02   -0.3401349E-02   -0.1476186E-02    0.9086938E+00    0.2055948E+01    0.5241524E+01   -0.3502243E+02   -0.1513389E+02   -0.4616789E+01   -0.1037198E+01   -0.9921115E-01   -0.2301918E+01   -0.1196090E+01    0.2485824E+01    0.2978280E+01   -0.1769308E-03    0.1160003E-03
   -0.7666026E-03   -0.1821666E-02    0.2442627E-04   -0.2997909E-02    0.1051360E+00    0.1222800E-01   -0.4576450E-02    0.1557014E+02   -0.1040231E+02   -0.3502243E+02    0.7280458E+03    0.1708567E+03    0.7155164E+02    0.2319935E+02   -0.1144934E+02   -0.7811283E+02   -0.5754681E+02   -0.6814567E+02   -0.6854626E+02   -0.3525755E-02   -0.2436770E-02
   -0.2878607E-03   -0.6785947E-03   -0.9137154E-04    0.1640920E-02    0.3835218E-01    0.1591622E-01    0.6701823E-02   -0.1837714E+02   -0.2130748E+02   -0.1513389E+02    0.1708567E+03    0.1192048E+03    0.9450593E+02    0.5460968E+02   -0.1116667E+02   -0.2173958E+02   -0.3816951E+02   -0.3260293E+02   -0.2955174E+02   -0.1046706E-02   -0.7854469E-03
    0.2177981E-04   -0.9096483E-03   -0.2578650E-05    0.7406808E-02    0.3784919E-01    0.2505324E-01    0.1312949E-01   -0.6139824E+02   -0.4224311E+02   -0.4616789E+01    0.7155164E+02    0.9450593E+02    0.1466001E+03    0.1055219E+03   -0.8986338E+01   -0.1047797E+02   -0.1590207E+02   -0.4105188E+01   -0.2808000E+01   -0.1458865E-02    0.1411191E-02
    0.5118974E-04   -0.8770000E-03    0.5580222E-04    0.8424382E-02    0.3556269E-01    0.2498164E-01    0.1391107E-01   -0.7826693E+02   -0.2473359E+02   -0.1037198E+01    0.2319935E+02    0.5460968E+02    0.1055219E+03    0.1407657E+03   -0.7855907E+01   -0.1004449E+02   -0.1752767E+02   -0.2231796E+02   -0.2342243E+02   -0.1807501E-02    0.5487221E-02
   -0.7491739E-04    0.1694045E-04   -0.2595290E-04   -0.2300707E-02   -0.4223989E-02   -0.4972969E-02   -0.2976331E-02   -0.2290717E+01   -0.8017975E+00   -0.9921115E-01   -0.1144934E+02   -0.1116667E+02   -0.8986338E+01   -0.7855907E+01    0.8017832E+01   -0.4277539E+01   -0.6115643E+01   -0.7037351E+01   -0.7621116E+01   -0.4306457E-04    0.2307056E-03
    0.8638522E-03    0.3860742E-02    0.2442239E-03   -0.1073514E-01   -0.1040136E+00   -0.3659256E-01   -0.5904013E-02   -0.1536487E+02   -0.8297615E+01   -0.2301918E+01   -0.7811283E+02   -0.2173958E+02   -0.1047797E+02   -0.1004449E+02   -0.4277539E+01    0.2326913E+03    0.1498294E+03    0.1470878E+03    0.1457283E+03   -0.1312365E-01    0.4349668E-03
    0.4879070E-03    0.4877271E-02   -0.5232825E-04   -0.4400866E-02   -0.1511262E+00   -0.4801478E-01   -0.9921756E-02   -0.2754809E+02   -0.1482953E+02   -0.1196090E+01   -0.5754681E+02   -0.3816951E+02   -0.1590207E+02   -0.1752767E+02   -0.6115643E+01    0.1498294E+03    0.2767767E+03    0.2820026E+03    0.2829442E+03    0.9763747E-02    0.6649663E-03
    0.4578773E-03    0.4843204E-02   -0.1035054E-03   -0.5555942E-02   -0.1619586E+00   -0.5115741E-01   -0.1076955E-01   -0.3339649E+02   -0.2215337E+02    0.2485824E+01   -0.6814567E+02   -0.3260293E+02   -0.4105188E+01   -0.2231796E+02   -0.7037351E+01    0.1470878E+03    0.2820026E+03    0.3257272E+03    0.3519799E+03    0.9950918E-02   -0.4558299E-02
    0.4337690E-03    0.4844504E-02   -0.1267744E-03   -0.5611222E-02   -0.1705833E+00   -0.5188347E-01   -0.9788903E-02   -0.3876976E+02   -0.2393196E+02    0.2978280E+01   -0.6854626E+02   -0.2955174E+02   -0.2808000E+01   -0.2342243E+02   -0.7621116E+01    0.1457283E+03    0.2829442E+03    0.3519799E+03    0.4039033E+03    0.1010031E-01   -0.9325450E-02
   -0.4828704E-07    0.5577602E-07   -0.4016966E-07    0.1405849E-05   -0.4176470E-05    0.2504873E-06    0.1593977E-06   -0.7201771E-04   -0.1493570E-03   -0.1769308E-03   -0.3525755E-02   -0.1046706E-02   -0.1458865E-02   -0.1807501E-02   -0.4306457E-04   -0.1312365E-01    0.9763747E-02    0.9950918E-02    0.1010031E-01    0.3127706E-05   -0.1336271E-07
    0.1080806E-07   -0.6036516E-09    0.8929558E-08    0.4657698E-06    0.2093356E-05    0.8547529E-06    0.2221468E-06   -0.2978396E-02   -0.5060211E-04    0.1160003E-03   -0.2436770E-02   -0.7854469E-03    0.1411191E-02    0.5487221E-02    0.2307056E-03    0.4349668E-03    0.6649663E-03   -0.4558299E-02   -0.9325450E-02   -0.1336271E-07    0.1398901E-05
