# omegabh2 omegach2 theta tau logA ns nrun acib217 acibsz143 asz143 aps100 aps143 aps143217 aps217 aksz kgal100 t1gal143 t1gal143217 t1gal217 galfEE100 galfEE100143 galfEE100217 galfEE143 galfEE143217 galfEE217 galfTE100 galfTE100143 galfTE100217 galfTE143 galfTE143217 galfTE217 calib_100T calib_217T
    0.2113014E-07   -0.6152568E-07    0.1062184E-07    0.3024343E-06    0.6390430E-06    0.8388784E-07   -0.3198165E-06   -0.8661611E-05   -0.7223977E-05    0.1069575E-04   -0.3225239E-04   -0.6018619E-04    0.7640581E-06   -0.2340320E-04   -0.5404993E-05    0.1638372E-03   -0.1385546E-03   -0.1471792E-03   -0.1514008E-03    0.1878630E-06    0.1352890E-06    0.2095844E-06    0.1620404E-06    0.1528305E-06    0.2877267E-06   -0.1567704E-05   -0.1912473E-05   -0.2917743E-05   -0.2996571E-05   -0.4656001E-05   -0.8557657E-05   -0.3861414E-07    0.1559572E-08
   -0.6152568E-07    0.9493331E-06   -0.5647003E-07   -0.4121025E-05   -0.5887125E-05   -0.2373174E-05   -0.2322580E-06    0.1969289E-03    0.9895599E-04   -0.6580113E-04    0.2152204E-02    0.8185033E-03    0.1552813E-03    0.9198071E-04    0.1590675E-03   -0.3704623E-04   -0.2789283E-03    0.3223729E-04    0.3349842E-03   -0.8089129E-06   -0.7475761E-06   -0.1179613E-05   -0.3221328E-06   -0.9427900E-06   -0.1505147E-05    0.7645418E-05    0.5228035E-05    0.9483211E-05    0.6462560E-05    0.1207372E-04    0.2989570E-04   -0.2121551E-07   -0.5635391E-07
    0.1062184E-07   -0.5647003E-07    0.7890236E-07    0.6798598E-06    0.1277793E-05    0.2014318E-06   -0.5630649E-07    0.4500542E-04    0.2875341E-04    0.6346707E-04   -0.4091352E-03   -0.1524930E-03   -0.1597619E-04   -0.1725328E-04   -0.3710481E-04   -0.5574855E-04    0.5582427E-04    0.9960923E-04    0.1143148E-03    0.1248635E-06    0.7035126E-07    0.1732167E-06   -0.5460663E-07    0.1438567E-07    0.1588689E-06    0.1289046E-06   -0.4461485E-06    0.3482556E-06   -0.1883445E-05   -0.1853762E-05   -0.7211345E-06    0.1613558E-07   -0.4146932E-08
    0.3024343E-06   -0.4121025E-05    0.6798598E-06    0.9689643E-04    0.1826067E-03    0.1509436E-04   -0.7242351E-05   -0.3484020E-02   -0.1470756E-02    0.5815977E-03   -0.1617085E-01   -0.3263971E-02    0.2983379E-02    0.3951422E-02   -0.1266508E-02    0.4654898E-02    0.3265828E-02    0.2768637E-02    0.2048443E-02    0.4193107E-05    0.4701211E-05    0.8281796E-05    0.1369096E-05    0.5565195E-05    0.6948184E-05   -0.3556878E-04   -0.1873618E-04   -0.5113586E-04   -0.1250037E-04   -0.8305312E-04   -0.1431250E-03   -0.4831378E-06    0.2237199E-06
    0.6390430E-06   -0.5887125E-05    0.1277793E-05    0.1826067E-03    0.3574687E-03    0.2211450E-04   -0.2330384E-04   -0.6323717E-02   -0.2959298E-02    0.2992734E-03   -0.1232916E-01    0.2706278E-02    0.1152752E-01    0.1243858E-01   -0.2017739E-02    0.1599806E-03   -0.1336030E-01   -0.1309182E-01   -0.1335832E-01    0.6794852E-05    0.6200035E-05    0.1186251E-04    0.1127296E-05    0.6987553E-05    0.8846855E-05   -0.5914924E-04   -0.3846954E-04   -0.1058085E-03   -0.3717490E-04   -0.1844223E-03   -0.2921469E-03   -0.2152609E-05    0.1619821E-06
    0.8388784E-07   -0.2373174E-05    0.2014318E-06    0.1509436E-04    0.2211450E-04    0.1989642E-04    0.8945105E-05   -0.1064630E-01   -0.5277390E-02   -0.1782732E-02   -0.9161776E-02    0.6407870E-02    0.1469582E-01    0.1485687E-01   -0.3372212E-02   -0.2244785E-02   -0.5974289E-02   -0.9496364E-02   -0.1070299E-01    0.4400534E-05    0.4147550E-05    0.5693359E-05    0.4409464E-05    0.4414917E-05    0.6937825E-05   -0.2329376E-04   -0.2339318E-05    0.4828354E-07    0.8324093E-05    0.2384244E-04    0.4423793E-04    0.1843203E-06    0.7139398E-06
   -0.3198165E-06   -0.2322580E-06   -0.5630649E-07   -0.7242351E-05   -0.2330384E-04    0.8945105E-05    0.4129256E-04   -0.1176486E-01   -0.5875681E-02   -0.1210775E-02   -0.1276921E-01    0.3266680E-02    0.1233885E-01    0.1283925E-01   -0.3610235E-02    0.1165905E-02    0.3945494E-03   -0.4972316E-03   -0.6248827E-03   -0.8369195E-05   -0.8279423E-05   -0.6436108E-05   -0.9105876E-05   -0.8079785E-05   -0.5897982E-05    0.2411755E-04    0.2591533E-04    0.6890345E-04    0.7298445E-04    0.1523686E-03    0.2426598E-03    0.6165446E-06    0.5325765E-06
   -0.8661611E-05    0.1969289E-03    0.4500542E-04   -0.3484020E-02   -0.6323717E-02   -0.1064630E-01   -0.1176486E-01    0.6950067E+02    0.2603614E+02    0.1607059E+01    0.1424682E+02   -0.2373021E+02   -0.6940833E+02   -0.8644213E+02   -0.2975358E+01   -0.3712160E+01   -0.1100188E+02   -0.1451721E+02   -0.1851641E+02   -0.3291437E-02    0.1288398E-02    0.1428757E-02    0.9970371E-03    0.2560306E-02    0.5719866E-02    0.4130552E-02   -0.2653602E-01   -0.2953692E-01   -0.2320849E-01   -0.6418445E-01   -0.1478289E+00   -0.1059271E-03   -0.3605712E-02
   -0.7223977E-05    0.9895599E-04    0.2875341E-04   -0.1470756E-02   -0.2959298E-02   -0.5277390E-02   -0.5875681E-02    0.2603614E+02    0.1819269E+02    0.2901983E+01   -0.1038468E+02   -0.2328450E+02   -0.4369797E+02   -0.2718211E+02   -0.1762652E+01   -0.5411019E+01   -0.6730126E+01   -0.1166090E+02   -0.1229152E+02   -0.2042392E-03    0.7263934E-03    0.3572298E-03    0.3191566E-03   -0.1107584E-03    0.5995872E-03   -0.3171322E-02   -0.1563159E-01   -0.1672638E-01   -0.1018809E-01   -0.2111429E-01   -0.6886607E-01    0.1109355E-03   -0.4649727E-03
    0.1069575E-04   -0.6580113E-04    0.6346707E-04    0.5815977E-03    0.2992734E-03   -0.1782732E-02   -0.1210775E-02    0.1607059E+01    0.2901983E+01    0.6317712E+01   -0.3953092E+02   -0.1773188E+02   -0.5789629E+01   -0.8071012E+00   -0.3460515E+00   -0.4471638E+01   -0.1751335E+01    0.2518488E+01    0.3065645E+01   -0.1936531E-04    0.7173195E-03    0.1233463E-02   -0.1082151E-02   -0.6228866E-04    0.1925594E-02   -0.1627541E-01   -0.1217441E-01   -0.2368501E-01   -0.2113472E-01   -0.3536022E-01   -0.4192570E-01   -0.4031772E-04    0.1614815E-03
   -0.3225239E-04    0.2152204E-02   -0.4091352E-03   -0.1617085E-01   -0.1232916E-01   -0.9161776E-02   -0.1276921E-01    0.1424682E+02   -0.1038468E+02   -0.3953092E+02    0.7263224E+03    0.1613903E+03    0.5151287E+02    0.5113131E+01   -0.1045293E+02   -0.3708935E+02   -0.2141349E+01   -0.1199626E+02   -0.7436592E+01   -0.5389380E-02   -0.1118182E-01   -0.1598121E-01   -0.6838205E-03   -0.6019428E-02   -0.3326186E-01    0.1524839E+00    0.6274649E-01    0.1660828E+00    0.6959545E-01    0.1711602E+00    0.3164527E+00   -0.1836410E-02   -0.3671304E-02
   -0.6018619E-04    0.8185033E-03   -0.1524930E-03   -0.3263971E-02    0.2706278E-02    0.6407870E-02    0.3266680E-02   -0.2373021E+02   -0.2328450E+02   -0.1773188E+02    0.1613903E+03    0.1139588E+03    0.8721203E+02    0.4891090E+02   -0.9458933E+01    0.5774052E+01   -0.8175043E+01   -0.5003495E+01   -0.1910994E+01   -0.2764127E-02   -0.3732406E-02   -0.5133873E-02    0.2274140E-02   -0.1834915E-02   -0.6917340E-02    0.3505446E-01    0.2148762E-01    0.4477281E-01    0.6105718E-01    0.1213106E+00    0.2245326E+00   -0.5758015E-03   -0.5899717E-03
    0.7640581E-06    0.1552813E-03   -0.1597619E-04    0.2983379E-02    0.1152752E-01    0.1469582E-01    0.1233885E-01   -0.6940833E+02   -0.4369797E+02   -0.5789629E+01    0.5151287E+02    0.8721203E+02    0.1417848E+03    0.1068708E+03   -0.6704508E+01    0.4254242E+01   -0.1723672E+01    0.4998019E+01    0.4398147E+01   -0.3558137E-03   -0.3413122E-02   -0.1444220E-02   -0.7068741E-03   -0.1656995E-02   -0.3900869E-02   -0.9065373E-03    0.2552263E-01    0.4977455E-01    0.2732431E-01    0.1034572E+00    0.2962892E+00   -0.8687548E-03    0.2564432E-02
   -0.2340320E-04    0.9198071E-04   -0.1725328E-04    0.3951422E-02    0.1243858E-01    0.1485687E-01    0.1283925E-01   -0.8644213E+02   -0.2718211E+02   -0.8071012E+00    0.5113131E+01    0.4891090E+02    0.1068708E+03    0.1455650E+03   -0.7052126E+01   -0.6752312E+01   -0.6017663E+01   -0.1256039E+02   -0.1402415E+02    0.4710930E-02   -0.3706518E-02   -0.1912522E-02   -0.1795520E-02   -0.5849541E-02   -0.1045071E-01   -0.2830757E-01    0.1861517E-01    0.4832326E-01    0.3513413E-01    0.1316220E+00    0.2947433E+00   -0.2517747E-03    0.6245249E-02
   -0.5404993E-05    0.1590675E-03   -0.3710481E-04   -0.1266508E-02   -0.2017739E-02   -0.3372212E-02   -0.3610235E-02   -0.2975358E+01   -0.1762652E+01   -0.3460515E+00   -0.1045293E+02   -0.9458933E+01   -0.6704508E+01   -0.7052126E+01    0.7985198E+01   -0.1839568E+01   -0.3114970E+01   -0.3285615E+01   -0.3608822E+01    0.1258204E-03    0.3583182E-03   -0.1035357E-02   -0.1924413E-03    0.3021555E-04   -0.7889202E-03    0.1434946E-01    0.1789242E-01    0.1739402E-01   -0.1336043E-02   -0.1486309E-01   -0.2618958E-01   -0.1385794E-03    0.1115876E-03
    0.1638372E-03   -0.3704623E-04   -0.5574855E-04    0.4654898E-02    0.1599806E-03   -0.2244785E-02    0.1165905E-02   -0.3712160E+01   -0.5411019E+01   -0.4471638E+01   -0.3708935E+02    0.5774052E+01    0.4254242E+01   -0.6752312E+01   -0.1839568E+01    0.1568599E+03    0.6196226E+02    0.5911567E+02    0.5845500E+02    0.3023311E-02    0.1937985E-02    0.2144149E-02    0.9412552E-02    0.8322254E-02    0.1091241E-01   -0.1081365E-01   -0.3595400E-01   -0.2552345E-01   -0.6956361E-02   -0.2309402E-01   -0.9454791E-01   -0.1222959E-01   -0.2112261E-03
   -0.1385546E-03   -0.2789283E-03    0.5582427E-04    0.3265828E-02   -0.1336030E-01   -0.5974289E-02    0.3945494E-03   -0.1100188E+02   -0.6730126E+01   -0.1751335E+01   -0.2141349E+01   -0.8175043E+01   -0.1723672E+01   -0.6017663E+01   -0.3114970E+01    0.6196226E+02    0.1257796E+03    0.1258410E+03    0.1246322E+03    0.5581331E-02    0.5159767E-02    0.1009729E-01    0.4110465E-02    0.9636526E-02    0.9988186E-02   -0.1430897E-01   -0.8391140E-02   -0.8847385E-02    0.1679137E-01    0.9413828E-02   -0.5642409E-01    0.4358175E-02    0.3016673E-03
   -0.1471792E-03    0.3223729E-04    0.9960923E-04    0.2768637E-02   -0.1309182E-01   -0.9496364E-02   -0.4972316E-03   -0.1451721E+02   -0.1166090E+02    0.2518488E+01   -0.1199626E+02   -0.5003495E+01    0.4998019E+01   -0.1256039E+02   -0.3285615E+01    0.5911567E+02    0.1258410E+03    0.1627731E+03    0.1853253E+03    0.2699483E-02    0.5196349E-02    0.8761766E-02    0.1363612E-02    0.8835190E-02    0.6729778E-02    0.2283776E-02    0.4674450E-02   -0.4083349E-01    0.2587323E-01   -0.6058394E-02   -0.3216806E-01    0.3914088E-02   -0.4534966E-02
   -0.1514008E-03    0.3349842E-03    0.1143148E-03    0.2048443E-02   -0.1335832E-01   -0.1070299E-01   -0.6248827E-03   -0.1851641E+02   -0.1229152E+02    0.3065645E+01   -0.7436592E+01   -0.1910994E+01    0.4398147E+01   -0.1402415E+02   -0.3608822E+01    0.5845500E+02    0.1246322E+03    0.1853253E+03    0.2316035E+03    0.1214941E-02    0.4566408E-02    0.6202813E-02   -0.3967285E-03    0.7158470E-02   -0.3277180E-03    0.3833596E-01    0.2135836E-01   -0.3395885E-01    0.4123620E-01    0.2410597E-01    0.5111737E-01    0.3558009E-02   -0.8827153E-02
    0.1878630E-06   -0.8089129E-06    0.1248635E-06    0.4193107E-05    0.6794852E-05    0.4400534E-05   -0.8369195E-05   -0.3291437E-02   -0.2042392E-03   -0.1936531E-04   -0.5389380E-02   -0.2764127E-02   -0.3558137E-03    0.4710930E-02    0.1258204E-03    0.3023311E-02    0.5581331E-02    0.2699483E-02    0.1214941E-02    0.7308852E-04    0.2412082E-04    0.3234342E-04    0.1068019E-04    0.1432011E-04    0.1656346E-04   -0.1126920E-03   -0.6917043E-04   -0.9662199E-04   -0.4219277E-04   -0.9123484E-04   -0.2107609E-03    0.5355336E-07    0.5913200E-06
    0.1352890E-06   -0.7475761E-06    0.7035126E-07    0.4701211E-05    0.6200035E-05    0.4147550E-05   -0.8279423E-05    0.1288398E-02    0.7263934E-03    0.7173195E-03   -0.1118182E-01   -0.3732406E-02   -0.3413122E-02   -0.3706518E-02    0.3583182E-03    0.1937985E-02    0.5159767E-02    0.5196349E-02    0.4566408E-02    0.2412082E-04    0.3917381E-04    0.3653854E-04    0.2802203E-04    0.2897261E-04    0.2790518E-04   -0.6990713E-04   -0.7460390E-04   -0.1132607E-03   -0.7880133E-04   -0.1460480E-03   -0.2504899E-03    0.3267744E-06    0.1549920E-06
    0.2095844E-06   -0.1179613E-05    0.1732167E-06    0.8281796E-05    0.1186251E-04    0.5693359E-05   -0.6436108E-05    0.1428757E-02    0.3572298E-03    0.1233463E-02   -0.1598121E-01   -0.5133873E-02   -0.1444220E-02   -0.1912522E-02   -0.1035357E-02    0.2144149E-02    0.1009729E-01    0.8761766E-02    0.6202813E-02    0.3234342E-04    0.3653854E-04    0.1199092E-03    0.2152839E-04    0.5683090E-04    0.1107319E-03   -0.3786197E-04   -0.6638928E-04   -0.8782491E-04   -0.1046526E-03   -0.2268444E-03   -0.4617806E-03    0.1058327E-05    0.4505189E-06
    0.1620404E-06   -0.3221328E-06   -0.5460663E-07    0.1369096E-05    0.1127296E-05    0.4409464E-05   -0.9105876E-05    0.9970371E-03    0.3191566E-03   -0.1082151E-02   -0.6838205E-03    0.2274140E-02   -0.7068741E-03   -0.1795520E-02   -0.1924413E-03    0.9412552E-02    0.4110465E-02    0.1363612E-02   -0.3967285E-03    0.1068019E-04    0.2802203E-04    0.2152839E-04    0.8378745E-04    0.5071460E-04    0.3822807E-04   -0.9435270E-04   -0.1008217E-03   -0.1711720E-03   -0.1105363E-03   -0.1614423E-03   -0.2940177E-03   -0.5206288E-06    0.3295633E-06
    0.1528305E-06   -0.9427900E-06    0.1438567E-07    0.5565195E-05    0.6987553E-05    0.4414917E-05   -0.8079785E-05    0.2560306E-02   -0.1107584E-03   -0.6228866E-04   -0.6019428E-02   -0.1834915E-02   -0.1656995E-02   -0.5849541E-02    0.3021555E-04    0.8322254E-02    0.9636526E-02    0.8835190E-02    0.7158470E-02    0.1432011E-04    0.2897261E-04    0.5683090E-04    0.5071460E-04    0.1201494E-03    0.1627026E-03   -0.6064279E-04   -0.3620110E-04   -0.1332900E-03   -0.8618246E-04   -0.1863976E-03   -0.4117101E-03    0.2874445E-07    0.5911589E-07
    0.2877267E-06   -0.1505147E-05    0.1588689E-06    0.6948184E-05    0.8846855E-05    0.6937825E-05   -0.5897982E-05    0.5719866E-02    0.5995872E-03    0.1925594E-02   -0.3326186E-01   -0.6917340E-02   -0.3900869E-02   -0.1045071E-01   -0.7889202E-03    0.1091241E-01    0.9988186E-02    0.6729778E-02   -0.3277180E-03    0.1656346E-04    0.2790518E-04    0.1107319E-03    0.3822807E-04    0.1627026E-03    0.6674941E-03   -0.1268478E-03   -0.8286341E-04   -0.3077920E-03   -0.8200978E-04   -0.3111430E-03   -0.6774276E-03    0.1278914E-06    0.7754846E-06
   -0.1567704E-05    0.7645418E-05    0.1289046E-06   -0.3556878E-04   -0.5914924E-04   -0.2329376E-04    0.2411755E-04    0.4130552E-02   -0.3171322E-02   -0.1627541E-01    0.1524839E+00    0.3505446E-01   -0.9065373E-03   -0.2830757E-01    0.1434946E-01   -0.1081365E-01   -0.1430897E-01    0.2283776E-02    0.3833596E-01   -0.1126920E-03   -0.6990713E-04   -0.3786197E-04   -0.9435270E-04   -0.6064279E-04   -0.1268478E-03    0.1185468E-01    0.7578898E-02    0.8935772E-02    0.1472685E-02    0.2130027E-02    0.2700475E-02   -0.5883357E-06   -0.7522259E-05
   -0.1912473E-05    0.5228035E-05   -0.4461485E-06   -0.1873618E-04   -0.3846954E-04   -0.2339318E-05    0.2591533E-04   -0.2653602E-01   -0.1563159E-01   -0.1217441E-01    0.6274649E-01    0.2148762E-01    0.2552263E-01    0.1861517E-01    0.1789242E-01   -0.3595400E-01   -0.8391140E-02    0.4674450E-02    0.2135836E-01   -0.6917043E-04   -0.7460390E-04   -0.6638928E-04   -0.1008217E-03   -0.3620110E-04   -0.8286341E-04    0.7578898E-02    0.1105647E-01    0.1235199E-01    0.7412290E-02    0.7198955E-02    0.6308932E-02    0.3106602E-05   -0.3645474E-05
   -0.2917743E-05    0.9483211E-05    0.3482556E-06   -0.5113586E-04   -0.1058085E-03    0.4828354E-07    0.6890345E-04   -0.2953692E-01   -0.1672638E-01   -0.2368501E-01    0.1660828E+00    0.4477281E-01    0.4977455E-01    0.4832326E-01    0.1739402E-01   -0.2552345E-01   -0.8847385E-02   -0.4083349E-01   -0.3395885E-01   -0.9662199E-04   -0.1132607E-03   -0.8782491E-04   -0.1711720E-03   -0.1332900E-03   -0.3077920E-03    0.8935772E-02    0.1235199E-01    0.2407565E-01    0.3875083E-02    0.1096925E-01    0.2164226E-01    0.2549895E-05   -0.2100894E-05
   -0.2996571E-05    0.6462560E-05   -0.1883445E-05   -0.1250037E-04   -0.3717490E-04    0.8324093E-05    0.7298445E-04   -0.2320849E-01   -0.1018809E-01   -0.2113472E-01    0.6959545E-01    0.6105718E-01    0.2732431E-01    0.3513413E-01   -0.1336043E-02   -0.6956361E-02    0.1679137E-01    0.2587323E-01    0.4123620E-01   -0.4219277E-04   -0.7880133E-04   -0.1046526E-03   -0.1105363E-03   -0.8618246E-04   -0.8200978E-04    0.1472685E-02    0.7412290E-02    0.3875083E-02    0.1965275E-01    0.1782541E-01    0.1196077E-01    0.4464405E-05   -0.4410007E-05
   -0.4656001E-05    0.1207372E-04   -0.1853762E-05   -0.8305312E-04   -0.1844223E-03    0.2384244E-04    0.1523686E-03   -0.6418445E-01   -0.2111429E-01   -0.3536022E-01    0.1711602E+00    0.1213106E+00    0.1034572E+00    0.1316220E+00   -0.1486309E-01   -0.2309402E-01    0.9413828E-02   -0.6058394E-02    0.2410597E-01   -0.9123484E-04   -0.1460480E-03   -0.2268444E-03   -0.1614423E-03   -0.1863976E-03   -0.3111430E-03    0.2130027E-02    0.7198955E-02    0.1096925E-01    0.1782541E-01    0.2828412E-01    0.4016484E-01    0.6676567E-05   -0.4281803E-05
   -0.8557657E-05    0.2989570E-04   -0.7211345E-06   -0.1431250E-03   -0.2921469E-03    0.4423793E-04    0.2426598E-03   -0.1478289E+00   -0.6886607E-01   -0.4192570E-01    0.3164527E+00    0.2245326E+00    0.2962892E+00    0.2947433E+00   -0.2618958E-01   -0.9454791E-01   -0.5642409E-01   -0.3216806E-01    0.5111737E-01   -0.2107609E-03   -0.2504899E-03   -0.4617806E-03   -0.2940177E-03   -0.4117101E-03   -0.6774276E-03    0.2700475E-02    0.6308932E-02    0.2164226E-01    0.1196077E-01    0.4016484E-01    0.1034484E+00    0.6048506E-05   -0.8036487E-05
   -0.3861414E-07   -0.2121551E-07    0.1613558E-07   -0.4831378E-06   -0.2152609E-05    0.1843203E-06    0.6165446E-06   -0.1059271E-03    0.1109355E-03   -0.4031772E-04   -0.1836410E-02   -0.5758015E-03   -0.8687548E-03   -0.2517747E-03   -0.1385794E-03   -0.1222959E-01    0.4358175E-02    0.3914088E-02    0.3558009E-02    0.5355336E-07    0.3267744E-06    0.1058327E-05   -0.5206288E-06    0.2874445E-07    0.1278914E-06   -0.5883357E-06    0.3106602E-05    0.2549895E-05    0.4464405E-05    0.6676567E-05    0.6048506E-05    0.2259095E-05    0.6975804E-07
    0.1559572E-08   -0.5635391E-07   -0.4146932E-08    0.2237199E-06    0.1619821E-06    0.7139398E-06    0.5325765E-06   -0.3605712E-02   -0.4649727E-03    0.1614815E-03   -0.3671304E-02   -0.5899717E-03    0.2564432E-02    0.6245249E-02    0.1115876E-03   -0.2112261E-03    0.3016673E-03   -0.4534966E-02   -0.8827153E-02    0.5913200E-06    0.1549920E-06    0.4505189E-06    0.3295633E-06    0.5911589E-07    0.7754846E-06   -0.7522259E-05   -0.3645474E-05   -0.2100894E-05   -0.4410007E-05   -0.4281803E-05   -0.8036487E-05    0.6975804E-07    0.1302401E-05
