# omegabh2 omegach2 theta mnu logA ns
    0.3900526E-05    0.8235999E-05   -0.4090908E-05    0.1095248E-03   -0.3113254E-04    0.1093556E-05
    0.8235999E-05    0.1378312E-02    0.1453131E-02    0.4455972E-01   -0.6050166E-02   -0.1426014E-04
   -0.4090908E-05    0.1453131E-02    0.1759244E-02    0.4946882E-01   -0.6011769E-02   -0.1156245E-04
    0.1095248E-03    0.4455972E-01    0.4946882E-01    0.1636789E+01   -0.1839774E+00    0.2361238E-03
   -0.3113254E-04   -0.6050166E-02   -0.6011769E-02   -0.1839774E+00    0.2920387E-01    0.1717112E-03
    0.1093556E-05   -0.1426014E-04   -0.1156245E-04    0.2361238E-03    0.1717112E-03    0.1003108E-03
