# omegabh2 omegach2 theta tau mnu nnu logA ns calPlanck aps100 aps143 aps217 acib217 asz143 psr xi aksz dust100 dust143 dust217 dust143x217 cal0 cal2 bm_1_1
    0.8943169E-07   -0.1630441E-06    0.5299656E-07    0.2858832E-05   -0.1990732E-04    0.2249204E-04    0.5599472E-05    0.2177833E-05    0.3577226E-07   -0.8653302E-03   -0.6105111E-03    0.8550173E-04   -0.2504953E-03    0.3348807E-04   -0.1610009E-05   -0.1144258E-06   -0.5946251E-04    0.1004928E-05   -0.8607414E-06    0.1557418E-05   -0.2294330E-05    0.1034783E-07   -0.3315362E-07    0.2186590E-05
   -0.1630441E-06    0.8888054E-05   -0.8788245E-06   -0.1501070E-04    0.1026811E-03    0.2595736E-03   -0.1169000E-04   -0.3096495E-05   -0.5161936E-06    0.6857509E-02    0.5777354E-02   -0.1061332E-02    0.2450663E-02   -0.3470535E-03    0.1150958E-04   -0.3880586E-05    0.7252842E-03    0.1895229E-04    0.7936623E-05   -0.1173761E-04    0.2040166E-04   -0.1389253E-06    0.3985733E-06   -0.8087657E-04
    0.5299656E-07   -0.8788245E-06    0.2789048E-06    0.1840622E-05   -0.2900344E-04   -0.2032209E-04    0.2186562E-05    0.1019212E-05    0.5100849E-07   -0.8221924E-03   -0.7504330E-03    0.1659989E-03   -0.3132667E-03    0.4820483E-04   -0.1448602E-05   -0.2663914E-05   -0.1202437E-03   -0.1659669E-05    0.1094175E-05    0.1410802E-05   -0.3463281E-05    0.1886706E-07   -0.5465705E-07    0.2152477E-04
    0.2858832E-05   -0.1501070E-04    0.1840622E-05    0.4417869E-03    0.2064635E-03    0.7462294E-03    0.8507726E-03    0.1067929E-03    0.1945070E-05   -0.6432193E-01   -0.2895627E-01    0.2537269E-01   -0.2085189E-01    0.2772637E-02    0.4486629E-04    0.1258820E-03   -0.7194555E-02   -0.1321900E-03   -0.7450974E-04    0.1979485E-03   -0.6550772E-04   -0.5167169E-07   -0.1429508E-05   -0.7432312E-04
   -0.1990732E-04    0.1026811E-03   -0.2900344E-04    0.2064635E-03    0.2971858E-01   -0.1886809E-02    0.5208398E-03   -0.4788448E-03    0.1575707E-04    0.3040426E+00    0.2031008E+00   -0.5947221E-01    0.1016972E+00   -0.2022539E-01    0.6933789E-04    0.3131258E-04    0.3672556E-01    0.4221517E-03    0.7455870E-03   -0.6454782E-04    0.1311272E-02   -0.8273126E-05    0.2341783E-04   -0.4625841E-02
    0.2249204E-04    0.2595736E-03   -0.2032209E-04    0.7462294E-03   -0.1886809E-02    0.2527035E-01    0.2060794E-02    0.1115072E-02   -0.5142140E-05    0.3054431E+00    0.1739519E+00   -0.1074897E+00    0.1128562E+00   -0.1786862E-01   -0.3122704E-03   -0.1573538E-02    0.3803324E-01    0.1549378E-02   -0.8646832E-04   -0.3832089E-03    0.6430380E-03    0.2551251E-06    0.2175458E-04   -0.2369392E-02
    0.5599472E-05   -0.1169000E-04    0.2186562E-05    0.8507726E-03    0.5208398E-03    0.2060794E-02    0.1703763E-02    0.2081373E-03    0.1528226E-04   -0.1100805E+00   -0.4608827E-01    0.5397018E-01   -0.3671220E-01    0.5021872E-02    0.1300808E-03    0.2399131E-03   -0.1425569E-01   -0.2639729E-03   -0.1871593E-03    0.3981236E-03   -0.9977977E-04    0.1748579E-06   -0.2207230E-05   -0.2310159E-03
    0.2177833E-05   -0.3096495E-05    0.1019212E-05    0.1067929E-03   -0.4788448E-03    0.1115072E-02    0.2081373E-03    0.9703022E-04    0.1116595E-05   -0.2606540E-01   -0.1040476E-01    0.5832616E-02   -0.5381442E-02    0.6557013E-03   -0.3414844E-05   -0.1411482E-04   -0.1917989E-02    0.5830907E-04   -0.1721614E-04    0.4729047E-04   -0.4431640E-04   -0.2344087E-06   -0.3277077E-06    0.1153985E-03
    0.3577226E-07   -0.5161936E-06    0.5100849E-07    0.1945070E-05    0.1575707E-04   -0.5142140E-05    0.1528226E-04    0.1116595E-05    0.6222474E-05    0.1551698E-02   -0.3889752E-03    0.7050177E-03    0.8028667E-03    0.8086349E-04    0.8854699E-07   -0.1248670E-04   -0.2097838E-03   -0.1418848E-04   -0.6539253E-06    0.5468309E-05   -0.1577559E-05   -0.2601091E-07   -0.5737245E-07    0.2825532E-04
   -0.8653302E-03    0.6857509E-02   -0.8221924E-03   -0.6432193E-01    0.3040426E+00    0.3054431E+00   -0.1100805E+00   -0.2606540E-01    0.1551698E-02    0.5282392E+03    0.7113804E+02   -0.7439118E+02    0.4387836E+02   -0.2195067E+02   -0.7823284E+00   -0.1919790E+00    0.9763266E+01   -0.7679415E-01    0.9236582E-01   -0.3720240E-01    0.3414421E-01    0.6487132E-02    0.1039602E-01    0.6216863E+00
   -0.6105111E-03    0.5777354E-02   -0.7504330E-03   -0.2895627E-01    0.2031008E+00    0.1739519E+00   -0.4608827E-01   -0.1040476E-01   -0.3889752E-03    0.7113804E+02    0.5955850E+02    0.7947228E+01    0.8702420E+01   -0.2391196E+01    0.2013269E+00    0.6680688E+00   -0.4995808E+01   -0.9374863E-02   -0.1555256E+00   -0.6705826E-01    0.1700728E+00    0.3809946E-03    0.6212175E-04   -0.3403243E-01
    0.8550173E-04   -0.1061332E-02    0.1659989E-03    0.2537269E-01   -0.5947221E-01   -0.1074897E+00    0.5397018E-01    0.5832616E-02    0.7050177E-03   -0.7439118E+02    0.7947228E+01    0.1667813E+03   -0.7737270E+02    0.4698034E+01    0.4287930E+00    0.3544331E+00   -0.9340586E+01   -0.6232482E-02   -0.8239270E-01    0.5932791E+00   -0.1288246E+00    0.1149150E-02   -0.1146360E-01    0.1540619E+00
   -0.2504953E-03    0.2450663E-02   -0.3132667E-03   -0.2085189E-01    0.1016972E+00    0.1128562E+00   -0.3671220E-01   -0.5381442E-02    0.8028667E-03    0.4387836E+02    0.8702420E+01   -0.7737270E+02    0.4725952E+02    0.1322405E+00   -0.6283421E-01   -0.3254026E+00   -0.1066506E+01    0.1314884E-01    0.5375387E-01   -0.4819122E+00    0.1813997E-02   -0.2986484E-03    0.5115741E-02   -0.4760357E-01
    0.3348807E-04   -0.3470535E-03    0.4820483E-04    0.2772637E-02   -0.2022539E-01   -0.1786862E-01    0.5021872E-02    0.6557013E-03    0.8086349E-04   -0.2195067E+02   -0.2391196E+01    0.4698034E+01    0.1322405E+00    0.3380627E+01    0.1177020E+00   -0.8790574E-01   -0.2770425E+01   -0.8451424E-02   -0.2014018E-01   -0.4573110E-01    0.3784100E-01    0.3171638E-03   -0.1061143E-02    0.6610583E-01
   -0.1610009E-05    0.1150958E-04   -0.1448602E-05    0.4486629E-04    0.6933789E-04   -0.3122704E-03    0.1300808E-03   -0.3414844E-05    0.8854699E-07   -0.7823284E+00    0.2013269E+00    0.4287930E+00   -0.6283421E-01    0.1177020E+00    0.1042241E-01    0.1269520E-01   -0.1375811E+00   -0.4393735E-03   -0.2556741E-03   -0.1372882E-02   -0.3204454E-05    0.1288094E-04   -0.3304909E-04    0.2426175E-02
   -0.1144258E-06   -0.3880586E-05   -0.2663914E-05    0.1258820E-03    0.3131258E-04   -0.1573538E-02    0.2399131E-03   -0.1411482E-04   -0.1248670E-04   -0.1919790E+00    0.6680688E+00    0.3544331E+00   -0.3254026E+00   -0.8790574E-01    0.1269520E-01    0.7999603E-01    0.8550637E-01   -0.9416821E-03   -0.5183499E-03    0.9481258E-03    0.9791785E-03    0.3814807E-05   -0.1413991E-04    0.2211076E-02
   -0.5946251E-04    0.7252842E-03   -0.1202437E-03   -0.7194555E-02    0.3672556E-01    0.3803324E-01   -0.1425569E-01   -0.1917989E-02   -0.2097838E-03    0.9763266E+01   -0.4995808E+01   -0.9340586E+01   -0.1066506E+01   -0.2770425E+01   -0.1375811E+00    0.8550637E-01    0.6780692E+01    0.4876618E-02    0.7724943E-02    0.5013857E-01   -0.3406478E-01   -0.2868970E-03    0.8603987E-03   -0.5630957E-01
    0.1004928E-05    0.1895229E-04   -0.1659669E-05   -0.1321900E-03    0.4221517E-03    0.1549378E-02   -0.2639729E-03    0.5830907E-04   -0.1418848E-04   -0.7679415E-01   -0.9374863E-02   -0.6232482E-02    0.1314884E-01   -0.8451424E-02   -0.4393735E-03   -0.9416821E-03    0.4876618E-02    0.3706480E-01    0.4169086E-02   -0.1052655E-02   -0.2970889E-03    0.3706350E-04   -0.2172588E-04   -0.4028129E-02
   -0.8607414E-06    0.7936623E-05    0.1094175E-05   -0.7450974E-04    0.7455870E-03   -0.8646832E-04   -0.1871593E-03   -0.1721614E-04   -0.6539253E-06    0.9236582E-01   -0.1555256E+00   -0.8239270E-01    0.5375387E-01   -0.2014018E-01   -0.2556741E-03   -0.5183499E-03    0.7724943E-02    0.4169086E-02    0.3251192E-01   -0.2699394E-02    0.3119689E-02   -0.5750770E-04   -0.5539012E-04   -0.4133400E-02
    0.1557418E-05   -0.1173761E-04    0.1410802E-05    0.1979485E-03   -0.6454782E-04   -0.3832089E-03    0.3981236E-03    0.4729047E-04    0.5468309E-05   -0.3720240E-01   -0.6705826E-01    0.5932791E+00   -0.4819122E+00   -0.4573110E-01   -0.1372882E-02    0.9481258E-03    0.5013857E-01   -0.1052655E-02   -0.2699394E-02    0.1327009E-01    0.1087751E-01    0.3597688E-05    0.6378902E-04    0.5406049E-03
   -0.2294330E-05    0.2040166E-04   -0.3463281E-05   -0.6550772E-04    0.1311272E-02    0.6430380E-03   -0.9977977E-04   -0.4431640E-04   -0.1577559E-05    0.3414421E-01    0.1700728E+00   -0.1288246E+00    0.1813997E-02    0.3784100E-01   -0.3204454E-05    0.9791785E-03   -0.3406478E-01   -0.2970889E-03    0.3119689E-02    0.1087751E-01    0.2970053E-01    0.5862494E-05    0.9096682E-04    0.2157863E-02
    0.1034783E-07   -0.1389253E-06    0.1886706E-07   -0.5167169E-07   -0.8273126E-05    0.2551251E-06    0.1748579E-06   -0.2344087E-06   -0.2601091E-07    0.6487132E-02    0.3809946E-03    0.1149150E-02   -0.2986484E-03    0.3171638E-03    0.1288094E-04    0.3814807E-05   -0.2868970E-03    0.3706350E-04   -0.5750770E-04    0.3597688E-05    0.5862494E-05    0.9212489E-06   -0.2238729E-07   -0.5836163E-04
   -0.3315362E-07    0.3985733E-06   -0.5465705E-07   -0.1429508E-05    0.2341783E-04    0.2175458E-04   -0.2207230E-05   -0.3277077E-06   -0.5737245E-07    0.1039602E-01    0.6212175E-04   -0.1146360E-01    0.5115741E-02   -0.1061143E-02   -0.3304909E-04   -0.1413991E-04    0.8603987E-03   -0.2172588E-04   -0.5539012E-04    0.6378902E-04    0.9096682E-04   -0.2238729E-07    0.3119530E-05    0.1647974E-04
    0.2186590E-05   -0.8087657E-04    0.2152477E-04   -0.7432312E-04   -0.4625841E-02   -0.2369392E-02   -0.2310159E-03    0.1153985E-03    0.2825532E-04    0.6216863E+00   -0.3403243E-01    0.1540619E+00   -0.4760357E-01    0.6610583E-01    0.2426175E-02    0.2211076E-02   -0.5630957E-01   -0.4028129E-02   -0.4133400E-02    0.5406049E-03    0.2157863E-02   -0.5836163E-04    0.1647974E-04    0.1000470E+01
