# omegabh2 omegach2 theta tau logA ns nrun calPlanck aps100 asz143 aksz dust100 amp_143 amp_217 amp_143x217 n_143 n_217 n_143x217 cal0 cal2
  5.2635027E-08  -2.0569911E-07   4.1085688E-08   5.6109601E-07   9.2326348E-07   5.3774336E-07  -5.4981014E-07   2.6730932E-08  -3.2168363E-04   1.2702932E-05  -8.9772810E-06   7.0980589E-07  -1.0869191E-04  -1.0328385E-04  -1.0116508E-04  -3.1870291E-06   5.4325698E-06   5.7730475E-07   7.0385759E-09  -9.9859721E-09
 -2.0569911E-07   4.4473079E-06  -4.1792810E-07  -3.4377622E-06   3.8821237E-06  -1.0267544E-05  -2.5144038E-06  -2.2835419E-07   2.2129125E-03  -9.3622826E-05   9.8995903E-05  -2.6422634E-06   7.6653352E-04   6.8840574E-04   6.8831462E-04   2.2095393E-05  -4.7006703E-05  -1.7285132E-05  -6.7305900E-08   5.9364161E-08
  4.1085688E-08  -4.1792810E-07   2.2037632E-07   5.1848605E-07   2.8849369E-07   1.2172957E-06   5.4061542E-08   3.2177656E-08  -1.6112674E-04   9.5599615E-06  -2.3363026E-06   7.1019855E-07  -7.6362435E-05  -7.4407898E-05  -6.8940020E-05  -3.8966627E-06   4.7125372E-06   2.6201725E-06   1.0153468E-08  -1.3873116E-08
  5.6109601E-07  -3.4377622E-06   5.1848605E-07   6.7451595E-05   1.3058635E-04   8.8399058E-06  -1.3489398E-05   1.8748021E-07  -1.2271719E-04  -2.1390044E-04   3.1841377E-04   5.1790541E-06  -8.8167572E-04  -1.2736423E-03  -1.1889470E-03  -4.2127258E-05   6.1261354E-05  -2.0579862E-05   5.1176019E-08  -2.4233294E-07
  9.2326348E-07   3.8821237E-06   2.8849369E-07   1.3058635E-04   3.1183581E-04  -1.0231363E-05  -4.6027836E-05   1.2658871E-05   1.3120189E-02  -7.0397946E-04   5.7394262E-04  -8.8173414E-06   4.6989891E-04  -3.2672505E-04  -4.7064865E-04   2.4173107E-04  -1.0068070E-06   8.3083908E-05   7.4347241E-07   5.9021751E-08
  5.3774336E-07  -1.0267544E-05   1.2172957E-06   8.8399058E-06  -1.0231363E-05   3.7490087E-05   1.5539826E-05   7.4373534E-07  -4.3284336E-02   1.1978929E-03  -2.4712905E-03   1.7646336E-05  -6.5267217E-03  -5.2149187E-03  -5.3089414E-03   1.3463556E-04   7.0412951E-04   6.0232983E-04  -3.2859488E-09  -5.4000546E-07
 -5.4981014E-07  -2.5144038E-06   5.4061542E-08  -1.3489398E-05  -4.6027836E-05   1.5539826E-05   5.8716902E-05   1.5122683E-07  -4.7123540E-02   1.4569651E-03  -2.6946988E-03  -4.5308614E-05  -7.3243860E-03  -5.8943378E-03  -5.9321544E-03   1.0459879E-04   8.7894725E-04   6.9959978E-04  -5.0620985E-08  -8.7529317E-07
  2.6730932E-08  -2.2835419E-07   3.2177656E-08   1.8748021E-07   1.2658871E-05   7.4373534E-07   1.5122683E-07   6.3738610E-06   2.6845164E-03  -6.6641707E-07  -2.3808356E-06  -5.2580916E-06  -1.6333657E-05  -1.0072436E-04  -1.3002042E-04  -9.2732115E-06   2.5981078E-05   1.6372596E-05  -8.9558185E-09  -4.4484626E-08
 -3.2168363E-04   2.2129125E-03  -1.6112674E-04  -1.2271719E-04   1.3120189E-02  -4.3284336E-02  -4.7123540E-02   2.6845164E-03   7.5135404E+02  -2.8890128E+01   1.2343505E+01  -1.6255863E-01   4.1986143E+01   1.4614667E+01   1.6256279E+01  -3.6448164E+00  -2.8358380E+00  -3.4132470E+00   2.9830828E-03  -1.0120688E-04
  1.2702932E-05  -9.3622826E-05   9.5599615E-06  -2.1390044E-04  -7.0397946E-04   1.1978929E-03   1.4569651E-03  -6.6641707E-07  -2.8890128E+01   4.4132158E+00  -3.6612167E+00  -5.5521315E-03  -1.2970754E+00   2.0538668E+00   2.1635070E+00   1.5354462E-01   1.0043127E-02  -3.7899597E-02   5.5039708E-04  -1.3915417E-04
 -8.9772810E-06   9.8995903E-05  -2.3363026E-06   3.1841377E-04   5.7394262E-04  -2.4712905E-03  -2.6946988E-03  -2.3808356E-06   1.2343505E+01  -3.6612167E+00   7.6006858E+00   5.8105101E-03  -1.3988716E+00  -4.1465922E+00  -4.2371160E+00  -1.3002543E-01  -3.1260394E-02  -2.5983218E-02  -3.5758207E-04   1.1345334E-04
  7.0980589E-07  -2.6422634E-06   7.1019855E-07   5.1790541E-06  -8.8173414E-06   1.7646336E-05  -4.5308614E-05  -5.2580916E-06  -1.6255863E-01  -5.5521315E-03   5.8105101E-03   3.7583524E-02   4.7359538E-03  -7.9653512E-04   4.9320343E-04  -1.8103025E-03  -8.0305232E-04  -1.6641777E-03   4.0626906E-05   9.7193376E-07
 -1.0869191E-04   7.6653352E-04  -7.6362435E-05  -8.8167572E-04   4.6989891E-04  -6.5267217E-03  -7.3243860E-03  -1.6333657E-05   4.1986143E+01  -1.2970754E+00  -1.3988716E+00   4.7359538E-03   6.7227528E+00   4.4769043E+00   4.9213111E+00  -2.7049057E-01  -4.8149048E-01  -5.2858389E-01  -5.6276956E-04   3.5431936E-05
 -1.0328385E-04   6.8840574E-04  -7.4407898E-05  -1.2736423E-03  -3.2672505E-04  -5.2149187E-03  -5.8943378E-03  -1.0072436E-04   1.4614667E+01   2.0538668E+00  -4.1465922E+00  -7.9653512E-04   4.4769043E+00   7.6820385E+00   6.8600708E+00   1.0518262E-02  -9.9069154E-01  -7.0767336E-01   7.3491832E-05   1.8502525E-03
 -1.0116508E-04   6.8831462E-04  -6.8940020E-05  -1.1889470E-03  -4.7064865E-04  -5.3089414E-03  -5.9321544E-03  -1.3002042E-04   1.6256279E+01   2.1635070E+00  -4.2371160E+00   4.9320343E-04   4.9213111E+00   6.8600708E+00   6.9010859E+00  -1.2605170E-01  -7.6022644E-01  -6.3210587E-01  -7.7076950E-05   8.9188399E-04
 -3.1870291E-06   2.2095393E-05  -3.8966627E-06  -4.2127258E-05   2.4173107E-04   1.3463556E-04   1.0459879E-04  -9.2732115E-06  -3.6448164E+00   1.5354462E-01  -1.3002543E-01  -1.8103025E-03  -2.7049057E-01   1.0518262E-02  -1.2605170E-01   2.0747493E-01  -2.6529898E-02   1.0181043E-01   2.1917547E-04   2.3926659E-04
  5.4325698E-06  -4.7006703E-05   4.7125372E-06   6.1261354E-05  -1.0068070E-06   7.0412951E-04   8.7894725E-04   2.5981078E-05  -2.8358380E+00   1.0043127E-02  -3.1260394E-02  -8.0305232E-04  -4.8149048E-01  -9.9069154E-01  -7.6022644E-01  -2.6529898E-02   3.7273324E-01   2.1202806E-01  -5.4906043E-07  -6.4988033E-04
  5.7730475E-07  -1.7285132E-05   2.6201725E-06  -2.0579862E-05   8.3083908E-05   6.0232983E-04   6.9959978E-04   1.6372596E-05  -3.4132470E+00  -3.7899597E-02  -2.5983218E-02  -1.6641777E-03  -5.2858389E-01  -7.0767336E-01  -6.3210587E-01   1.0181043E-01   2.1202806E-01   3.4641188E-01   1.1324597E-04  -1.7916900E-04
  7.0385759E-09  -6.7305900E-08   1.0153468E-08   5.1176019E-08   7.4347241E-07  -3.2859488E-09  -5.0620985E-08  -8.9558185E-09   2.9830828E-03   5.5039708E-04  -3.5758207E-04   4.0626906E-05  -5.6276956E-04   7.3491832E-05  -7.7076950E-05   2.1917547E-04  -5.4906043E-07   1.1324597E-04   1.1631534E-06   2.4484106E-07
 -9.9859721E-09   5.9364161E-08  -1.3873116E-08  -2.4233294E-07   5.9021751E-08  -5.4000546E-07  -8.7529317E-07  -4.4484626E-08  -1.0120688E-04  -1.3915417E-04   1.1345334E-04   9.7193376E-07   3.5431936E-05   1.8502525E-03   8.9188399E-04   2.3926659E-04  -6.4988033E-04  -1.7916900E-04   2.4484106E-07   2.4294013E-06
