# omegabh2 omegach2 theta tau mnu nnu ns logA aps100 aps143 aps217 acib143 acib217 asz143 psr cibr ncib cal0 cal2 xi aksz bm_1_1 bm_1_2 bm_1_3 bm_1_4 bm_1_5 bm_2_1 bm_2_2 bm_2_3 bm_2_4 bm_2_5 bm_3_1 bm_3_2 bm_3_3 bm_3_4 bm_3_5 bm_4_1 bm_4_2 bm_4_3 bm_4_4 bm_4_5
    0.22990E-06    0.11310E-05   -0.19507E-07    0.29038E-05   -0.51113E-04    0.15215E-03    0.79026E-05    0.88668E-05    0.21526E-02   -0.23853E-03   -0.41673E-03    0.29963E-03    0.22049E-03    0.41572E-04   -0.33794E-05    0.67025E-05   -0.29282E-05   -0.32367E-08    0.84673E-08   -0.41480E-05    0.77669E-04    0.30022E-05   -0.30202E-05   -0.63219E-06    0.65038E-05    0.93789E-06    0.60544E-05    0.25612E-05   -0.77584E-05    0.39486E-05   -0.74657E-05    0.14566E-04    0.12595E-04   -0.72451E-05    0.62851E-05   -0.45292E-05    0.14763E-04    0.38586E-05   -0.22676E-05    0.98472E-05    0.23008E-05
    0.11310E-05    0.31264E-04   -0.28767E-05    0.12404E-04    0.93783E-04    0.20095E-02    0.60413E-04    0.96762E-04    0.64733E-01    0.14785E-01   -0.85908E-03    0.63862E-02    0.83991E-02    0.31847E-04   -0.27976E-04    0.17281E-03    0.14897E-04   -0.33168E-07    0.59786E-06   -0.73581E-04    0.20374E-02    0.40731E-03   -0.21012E-05   -0.38101E-04    0.10787E-03   -0.66089E-04   -0.34978E-04   -0.78733E-04   -0.54697E-04    0.22807E-03   -0.12860E-03    0.20554E-03    0.84555E-04    0.13684E-03    0.18105E-04   -0.59446E-04    0.94594E-04    0.68584E-04   -0.11315E-03    0.23034E-03    0.17345E-03
   -0.19507E-07   -0.28767E-05    0.61924E-06   -0.25231E-06   -0.53943E-04   -0.16454E-03   -0.34448E-05   -0.66212E-05   -0.60308E-02   -0.16761E-02    0.13125E-05   -0.65207E-03   -0.86572E-03    0.30184E-04    0.31239E-05   -0.15680E-04   -0.16623E-05    0.66216E-08   -0.61877E-07    0.94689E-05   -0.19068E-03   -0.15629E-04    0.22361E-05    0.64796E-05   -0.11765E-04    0.37943E-05    0.95282E-05    0.32667E-05    0.12312E-04   -0.11635E-04    0.15905E-04   -0.21511E-04    0.53992E-05   -0.30214E-04    0.43274E-06    0.14996E-04   -0.63540E-05   -0.19869E-05    0.67730E-05   -0.29184E-04   -0.42575E-05
    0.29038E-05    0.12404E-04   -0.25231E-06    0.21371E-03   -0.25588E-03    0.20956E-02    0.12366E-03    0.45775E-03    0.50019E-02   -0.15080E-03   -0.15735E-02    0.58172E-03    0.11792E-02   -0.19356E-03   -0.17897E-04   -0.11913E-05    0.19944E-04   -0.23652E-07    0.17116E-06   -0.98873E-04    0.34107E-04    0.54621E-04    0.13701E-03    0.11385E-03    0.23459E-04    0.80723E-04    0.17089E-03    0.12580E-04   -0.10241E-03    0.14468E-03   -0.14957E-03    0.13144E-03   -0.87140E-04   -0.32331E-04   -0.15705E-04   -0.21166E-07    0.21507E-03    0.64091E-04   -0.78671E-04    0.10745E-03    0.11602E-03
   -0.51113E-04    0.93783E-04   -0.53943E-04   -0.25588E-03    0.73638E-01   -0.14690E-01   -0.16182E-02   -0.70060E-03    0.11794E+01    0.21060E+00   -0.10305E+00    0.11148E+00    0.17907E+00    0.20620E-01   -0.40760E-03    0.37920E-02    0.17078E-03    0.29494E-05    0.16330E-04   -0.26855E-02    0.40722E-01   -0.19484E-02   -0.21271E-02    0.18983E-03   -0.21880E-02   -0.34633E-02   -0.50477E-03   -0.59739E-02   -0.24666E-03    0.24182E-02    0.34402E-02   -0.16121E-02   -0.31934E-02    0.90831E-02   -0.17096E-02   -0.57873E-02   -0.53722E-03   -0.35819E-02   -0.12815E-02   -0.89830E-03    0.21631E-02
    0.15215E-03    0.20095E-02   -0.16454E-03    0.20956E-02   -0.14690E-01    0.17962E+00    0.72290E-02    0.89058E-02    0.48013E+01    0.80427E+00   -0.33230E+00    0.55162E+00    0.65639E+00    0.25625E-01   -0.36250E-02    0.15577E-01   -0.65971E-03   -0.35334E-05    0.41901E-04   -0.63231E-02    0.17309E+00    0.18353E-01    0.42587E-02   -0.15392E-02    0.86949E-02   -0.36363E-02   -0.27488E-02   -0.36088E-02   -0.48462E-02    0.14412E-01   -0.97875E-02    0.17702E-01    0.95823E-02    0.44476E-02    0.73236E-02   -0.59689E-02    0.89061E-02    0.48264E-02   -0.57982E-02    0.14875E-01    0.99984E-02
    0.79026E-05    0.60413E-04   -0.34448E-05    0.12366E-03   -0.16182E-02    0.72290E-02    0.36425E-03    0.39561E-03    0.98616E-01    0.22140E-01   -0.30604E-02    0.11633E-01    0.13317E-01    0.61061E-03   -0.10349E-03    0.29419E-03   -0.40294E-04   -0.21396E-06    0.11691E-05   -0.16369E-03    0.36890E-02    0.68821E-03    0.14532E-03   -0.44993E-04    0.24482E-03    0.66583E-04    0.16856E-03    0.13561E-04   -0.34699E-03    0.47279E-03   -0.43553E-03    0.53631E-03    0.38051E-03   -0.81324E-04    0.31383E-03   -0.34785E-03    0.49420E-03    0.12582E-03   -0.10561E-03    0.52960E-03    0.36517E-03
    0.88668E-05    0.96762E-04   -0.66212E-05    0.45775E-03   -0.70060E-03    0.89058E-02    0.39561E-03    0.11537E-02    0.12919E+00    0.42949E-01    0.65004E-02    0.98887E-02    0.16630E-01   -0.18160E-02   -0.49628E-04    0.19600E-03    0.13443E-03   -0.28336E-07    0.18673E-05   -0.30351E-03    0.29903E-02    0.18613E-02    0.56151E-03    0.11715E-03    0.28261E-03    0.13627E-03    0.62610E-03   -0.78266E-05   -0.36308E-03    0.82463E-03   -0.61806E-03    0.63491E-03    0.13464E-03    0.10156E-03   -0.55054E-04   -0.17889E-03    0.83923E-03    0.40933E-03   -0.32761E-03    0.80473E-03    0.67861E-03
    0.21526E-02    0.64733E-01   -0.60308E-02    0.50019E-02    0.11794E+01    0.48013E+01    0.98616E-01    0.12919E+00    0.28649E+04    0.49493E+02   -0.16895E+03    0.14012E+03    0.12840E+03   -0.69996E+02   -0.13039E+01    0.73090E+00    0.92307E+00    0.79118E-03    0.21371E-03   -0.72880E+00   -0.14422E+02    0.90003E+01   -0.97667E+01    0.32196E+00    0.15862E+01   -0.90137E+00   -0.45284E+00   -0.42337E+01    0.20393E+00    0.72969E+00   -0.22580E+01    0.33018E+01    0.72398E+00    0.16194E+01    0.73727E+00   -0.33141E+01    0.17291E+01    0.72070E+00   -0.26964E+01    0.11318E+01    0.31690E+01
   -0.23853E-03    0.14785E-01   -0.16761E-02   -0.15080E-03    0.21060E+00    0.80427E+00    0.22140E-01    0.42949E-01    0.49493E+02    0.21782E+03    0.71355E+02   -0.38147E+02   -0.12916E+02   -0.83715E+01   -0.16727E+00   -0.12446E+00   -0.13292E+00    0.17948E-03    0.36115E-02    0.14731E+01   -0.12578E+02    0.17450E+01    0.73926E+00   -0.51962E+00    0.37600E+00    0.27374E+00   -0.19465E+01   -0.54105E+00   -0.16938E+00    0.21519E+00   -0.18594E+00    0.92328E+00   -0.24449E+00    0.36588E+00    0.41808E-01   -0.33870E+00   -0.76358E+00   -0.66206E+00    0.97537E-01    0.44109E+00    0.15637E+00
   -0.41673E-03   -0.85908E-03    0.13125E-05   -0.15735E-02   -0.10305E+00   -0.33230E+00   -0.30604E-02    0.65004E-02   -0.16895E+03    0.71355E+02    0.21950E+03   -0.40109E+02   -0.79691E+02    0.24188E+01    0.79773E-02   -0.87281E+00   -0.93836E+00    0.39949E-04   -0.46175E-02    0.40587E+00   -0.10037E+02    0.18128E+01    0.12988E+01   -0.11743E+00   -0.17278E+00    0.23303E+00    0.10966E+01    0.76972E+00   -0.57445E+00   -0.28507E+00    0.38126E+00   -0.15928E+01    0.64696E+00   -0.48960E+00    0.47896E+00    0.70882E+00   -0.16177E+00   -0.57612E-02    0.54007E+00    0.36361E+00   -0.42465E+00
    0.29963E-03    0.63862E-02   -0.65207E-03    0.58172E-03    0.11148E+00    0.55162E+00    0.11633E-01    0.98887E-02    0.14012E+03   -0.38147E+02   -0.40109E+02    0.30198E+02    0.22000E+02   -0.18717E+01   -0.30110E-01    0.26746E+00    0.17443E+00   -0.11400E-03   -0.90186E-03   -0.35277E-02   -0.29157E+00   -0.11515E+01   -0.63036E+00    0.74709E-01    0.71689E-01   -0.14976E+00    0.76555E+00    0.96726E-01    0.79314E-01    0.90142E-01   -0.10410E+00   -0.82976E-01    0.20616E-02   -0.73183E-01    0.99811E-01   -0.12433E-02    0.46108E+00    0.34379E+00   -0.12845E+00   -0.73415E-01    0.17746E+00
    0.22049E-03    0.83991E-02   -0.86572E-03    0.11792E-02    0.17907E+00    0.65639E+00    0.13317E-01    0.16630E-01    0.12840E+03   -0.12916E+02   -0.79691E+02    0.22000E+02    0.40154E+02   -0.16061E+01    0.42607E-01    0.42530E+00    0.49728E+00   -0.37188E-04    0.21143E-02   -0.21428E+00   -0.71300E+00   -0.62955E+00   -0.55130E+00    0.33268E-01    0.14859E+00   -0.10810E+00   -0.45321E+00   -0.30081E+00    0.21139E+00    0.28694E+00   -0.26474E+00    0.69160E+00   -0.46289E+00    0.17819E+00   -0.18309E+00   -0.33869E+00    0.75537E-01    0.12610E-01   -0.24121E+00   -0.76821E-01    0.31864E+00
    0.41572E-04    0.31847E-04    0.30184E-04   -0.19356E-03    0.20620E-01    0.25625E-01    0.61061E-03   -0.18160E-02   -0.69996E+02   -0.83715E+01    0.24188E+01   -0.18717E+01   -0.16061E+01    0.79443E+01    0.43092E-01    0.26599E+00   -0.13795E+00    0.19697E-05    0.24321E-04   -0.30402E-01    0.11002E+00    0.16871E+00    0.10076E+00    0.30872E-01    0.88994E-02   -0.33210E-01   -0.66882E-01   -0.10122E-01   -0.62482E-01   -0.11787E+00    0.11839E-01   -0.36235E-01    0.39753E-01   -0.47272E-01   -0.49482E-03    0.16601E-01   -0.37532E-01   -0.98257E-01   -0.14129E-01   -0.76392E-01   -0.10394E+00
   -0.33794E-05   -0.27976E-04    0.31239E-05   -0.17897E-04   -0.40760E-03   -0.36250E-02   -0.10349E-03   -0.49628E-04   -0.13039E+01   -0.16727E+00    0.79773E-02   -0.30110E-01    0.42607E-01    0.43092E-01    0.78944E-02   -0.64234E-02    0.76500E-02    0.91976E-06   -0.23246E-04    0.39958E-02   -0.16361E-01    0.13440E-01    0.52263E-02    0.28565E-03   -0.23565E-02    0.21744E-03    0.69684E-02   -0.18300E-02    0.63470E-03   -0.31248E-02   -0.64128E-03   -0.10545E-01   -0.25887E-02   -0.25234E-02   -0.23027E-02   -0.19307E-02   -0.11311E-02   -0.90225E-03   -0.53474E-02   -0.77206E-02   -0.25119E-02
    0.67025E-05    0.17281E-03   -0.15680E-04   -0.11913E-05    0.37920E-02    0.15577E-01    0.29419E-03    0.19600E-03    0.73090E+00   -0.12446E+00   -0.87281E+00    0.26746E+00    0.42530E+00    0.26599E+00   -0.64234E-02    0.37965E-01   -0.12329E-01   -0.18378E-05    0.86033E-04    0.20272E-03   -0.18527E-01   -0.20634E-01   -0.29515E-02    0.27912E-02    0.89537E-02   -0.16234E-02   -0.21743E-01   -0.99974E-02    0.75884E-02    0.51758E-02    0.52329E-03    0.28796E-01    0.15919E-02    0.15041E-02    0.83482E-02    0.43477E-02    0.20751E-02   -0.59284E-03   -0.65196E-03   -0.14763E-02    0.16235E-02
   -0.29282E-05    0.14897E-04   -0.16623E-05    0.19944E-04    0.17078E-03   -0.65971E-03   -0.40294E-04    0.13443E-03    0.92307E+00   -0.13292E+00   -0.93836E+00    0.17443E+00    0.49728E+00   -0.13795E+00    0.76500E-02   -0.12329E-01    0.20706E-01    0.16277E-05   -0.16775E-04   -0.15849E-02   -0.84214E-02    0.13270E-01   -0.72701E-02   -0.20725E-02   -0.36241E-02   -0.69861E-03    0.54517E-02    0.56234E-03   -0.23965E-02    0.85915E-02   -0.88772E-02   -0.13357E-01   -0.19709E-01    0.56685E-03   -0.13995E-01   -0.12016E-01   -0.49420E-02   -0.26053E-02   -0.33920E-02    0.39840E-03    0.12664E-01
   -0.32367E-08   -0.33168E-07    0.66216E-08   -0.23652E-07    0.29494E-05   -0.35334E-05   -0.21396E-06   -0.28336E-07    0.79118E-03    0.17948E-03    0.39949E-04   -0.11400E-03   -0.37188E-04    0.19697E-05    0.91976E-06   -0.18378E-05    0.16277E-05    0.15543E-06    0.16283E-07   -0.14586E-05    0.19852E-04   -0.17131E-04   -0.10635E-04    0.46250E-05   -0.42337E-05    0.64536E-05    0.11484E-04    0.38984E-05   -0.21448E-05    0.52775E-05    0.45651E-05   -0.55667E-05   -0.31700E-05   -0.10013E-05   -0.10030E-07   -0.41421E-05    0.49010E-05    0.38854E-06    0.29775E-05   -0.61898E-06    0.36809E-05
    0.84673E-08    0.59786E-06   -0.61877E-07    0.17116E-06    0.16330E-04    0.41901E-04    0.11691E-05    0.18673E-05    0.21371E-03    0.36115E-02   -0.46175E-02   -0.90186E-03    0.21143E-02    0.24321E-04   -0.23246E-04    0.86033E-04   -0.16775E-04    0.16283E-07    0.16990E-05   -0.23253E-05   -0.47470E-04    0.90535E-04    0.34251E-04   -0.20051E-04    0.17334E-04    0.78470E-05    0.20230E-03   -0.15174E-04    0.39131E-04    0.65794E-04    0.16995E-04   -0.20714E-03   -0.38277E-04   -0.12849E-04    0.25944E-04   -0.42590E-04   -0.14271E-05    0.57232E-04   -0.34128E-04   -0.38356E-04    0.52441E-04
   -0.41480E-05   -0.73581E-04    0.94689E-05   -0.98873E-04   -0.26855E-02   -0.63231E-02   -0.16369E-03   -0.30351E-03   -0.72880E+00    0.14731E+01    0.40587E+00   -0.35277E-02   -0.21428E+00   -0.30402E-01    0.39958E-02    0.20272E-03   -0.15849E-02   -0.14586E-05   -0.23253E-05    0.83082E-01   -0.23254E-01    0.70598E-02    0.49092E-03   -0.65107E-02    0.31858E-03    0.18390E-02   -0.31814E-03   -0.44799E-02    0.50859E-02   -0.12400E-02   -0.68863E-02   -0.44926E-02   -0.63981E-02   -0.35748E-02    0.24119E-02   -0.59334E-02   -0.42576E-02    0.23964E-02   -0.35185E-02   -0.77854E-02    0.76477E-03
    0.77669E-04    0.20374E-02   -0.19068E-03    0.34107E-04    0.40722E-01    0.17309E+00    0.36890E-02    0.29903E-02   -0.14422E+02   -0.12578E+02   -0.10037E+02   -0.29157E+00   -0.71300E+00    0.11002E+00   -0.16361E-01   -0.18527E-01   -0.84214E-02    0.19852E-04   -0.47470E-04   -0.23254E-01    0.81331E+01    0.28075E-01    0.54091E-01    0.37557E-01    0.24681E-01   -0.48252E-01    0.12598E-02   -0.15106E-01   -0.82890E-03    0.22005E-01    0.84687E-02   -0.41817E-01    0.48386E-01    0.35745E-01   -0.17101E-01   -0.33758E-01   -0.33582E-01    0.24567E-01   -0.45098E-01    0.36201E-01   -0.97511E-02
    0.30022E-05    0.40731E-03   -0.15629E-04    0.54621E-04   -0.19484E-02    0.18353E-01    0.68821E-03    0.18613E-02    0.90003E+01    0.17450E+01    0.18128E+01   -0.11515E+01   -0.62955E+00    0.16871E+00    0.13440E-01   -0.20634E-01    0.13270E-01   -0.17131E-04    0.90535E-04    0.70598E-02    0.28075E-01    0.73045E+00   -0.10216E+00    0.35857E-02    0.40803E-02    0.21969E-01    0.17960E+00   -0.43657E-01   -0.41566E-01   -0.13458E-01   -0.57894E-01    0.57526E-02    0.33407E-01   -0.14024E-01   -0.60339E-01   -0.13320E+00    0.14662E+00    0.24227E-01   -0.73956E-02    0.23905E-01    0.71809E-01
   -0.30202E-05   -0.21012E-05    0.22361E-05    0.13701E-03   -0.21271E-02    0.42587E-02    0.14532E-03    0.56151E-03   -0.97667E+01    0.73926E+00    0.12988E+01   -0.63036E+00   -0.55130E+00    0.10076E+00    0.52263E-02   -0.29515E-02   -0.72701E-02   -0.10635E-04    0.34251E-04    0.49092E-03    0.54091E-01   -0.10216E+00    0.94920E+00   -0.18573E-01    0.62161E-02    0.29772E-01   -0.15888E+00    0.16982E+00    0.56866E-01   -0.29953E-01    0.48733E-01   -0.15277E+00    0.22495E-02    0.10993E-01   -0.39113E-02    0.15863E+00   -0.24852E+00    0.25707E-01    0.83740E-01   -0.94881E-03   -0.22881E+00
   -0.63219E-06   -0.38101E-04    0.64796E-05    0.11385E-03    0.18983E-03   -0.15392E-02   -0.44993E-04    0.11715E-03    0.32196E+00   -0.51962E+00   -0.11743E+00    0.74709E-01    0.33268E-01    0.30872E-01    0.28565E-03    0.27912E-02   -0.20725E-02    0.46250E-05   -0.20051E-04   -0.65107E-02    0.37557E-01    0.35857E-02   -0.18573E-01    0.10265E+01   -0.72595E-02    0.79346E-03   -0.27769E-01   -0.17973E-01    0.18707E+00   -0.17615E-01    0.79515E-01    0.25241E-02    0.53677E-01   -0.21331E-01    0.24118E-01    0.10781E+00   -0.42041E-01    0.55865E-01    0.24663E-01   -0.19688E+00    0.83761E-01
    0.65038E-05    0.10787E-03   -0.11765E-04    0.23459E-04   -0.21880E-02    0.86949E-02    0.24482E-03    0.28261E-03    0.15862E+01    0.37600E+00   -0.17278E+00    0.71689E-01    0.14859E+00    0.88994E-02   -0.23565E-02    0.89537E-02   -0.36241E-02   -0.42337E-05    0.17334E-04    0.31858E-03    0.24681E-01    0.40803E-02    0.62161E-02   -0.72595E-02    0.99838E+00    0.26085E-02    0.59488E-01   -0.61978E-01    0.61152E-01   -0.68122E-01    0.67231E-01    0.77602E-01    0.12513E+00    0.38830E-01    0.14155E+00   -0.12449E+00    0.95790E-01    0.38842E-01    0.22942E-01   -0.88885E-01    0.64889E-01
    0.93789E-06   -0.66089E-04    0.37943E-05    0.80723E-04   -0.34633E-02   -0.36363E-02    0.66583E-04    0.13627E-03   -0.90137E+00    0.27374E+00    0.23303E+00   -0.14976E+00   -0.10810E+00   -0.33210E-01    0.21744E-03   -0.16234E-02   -0.69861E-03    0.64536E-05    0.78470E-05    0.18390E-02   -0.48252E-01    0.21969E-01    0.29772E-01    0.79346E-03    0.26085E-02    0.10020E+01    0.23902E-01    0.52608E-01   -0.56170E-01    0.32086E-01    0.88597E-01    0.67417E-01   -0.77735E-01   -0.88813E-01    0.56199E-01    0.61035E-01    0.92906E-01   -0.96566E-01    0.10001E+00   -0.18693E-01   -0.89630E-02
    0.60544E-05   -0.34978E-04    0.95282E-05    0.17089E-03   -0.50477E-03   -0.27488E-02    0.16856E-03    0.62610E-03   -0.45284E+00   -0.19465E+01    0.10966E+01    0.76555E+00   -0.45321E+00   -0.66882E-01    0.69684E-02   -0.21743E-01    0.54517E-02    0.11484E-04    0.20230E-03   -0.31814E-03    0.12598E-02    0.17960E+00   -0.15888E+00   -0.27769E-01    0.59488E-01    0.23902E-01    0.86873E+00   -0.16306E-01   -0.75243E-02   -0.35466E-01   -0.10497E-01    0.98777E-02    0.14541E+00   -0.85889E-01    0.38823E-01   -0.54876E-01    0.64751E+00    0.24973E+00   -0.59363E-01   -0.49201E-01    0.82875E-01
    0.25612E-05   -0.78733E-04    0.32667E-05    0.12580E-04   -0.59739E-02   -0.36088E-02    0.13561E-04   -0.78266E-05   -0.42337E+01   -0.54105E+00    0.76972E+00    0.96726E-01   -0.30081E+00   -0.10122E-01   -0.18300E-02   -0.99974E-02    0.56234E-03    0.38984E-05   -0.15174E-04   -0.44799E-02   -0.15106E-01   -0.43657E-01    0.16982E+00   -0.17973E-01   -0.61978E-01    0.52608E-01   -0.16306E-01    0.98959E+00   -0.10371E-01   -0.11692E-01    0.15371E-02    0.51124E-01    0.59806E-03   -0.67861E-01   -0.11791E-01    0.15740E+00   -0.76777E-01    0.24949E+00    0.76734E+00    0.28924E+00   -0.20230E+00
   -0.77584E-05   -0.54697E-04    0.12312E-04   -0.10241E-03   -0.24666E-03   -0.48462E-02   -0.34699E-03   -0.36308E-03    0.20393E+00   -0.16938E+00   -0.57445E+00    0.79314E-01    0.21139E+00   -0.62482E-01    0.63470E-03    0.75884E-02   -0.23965E-02   -0.21448E-05    0.39131E-04    0.50859E-02   -0.82890E-03   -0.41566E-01    0.56866E-01    0.18707E+00    0.61152E-01   -0.56170E-01   -0.75243E-02   -0.10371E-01    0.10246E+01    0.31129E-03    0.26089E-02    0.75696E-01   -0.51275E-01    0.13979E+00    0.16201E+00   -0.12914E+00   -0.20610E+00    0.64602E+00    0.13133E+00   -0.63940E+00    0.18853E+00
    0.39486E-05    0.22807E-03   -0.11635E-04    0.14468E-03    0.24182E-02    0.14412E-01    0.47279E-03    0.82463E-03    0.72969E+00    0.21519E+00   -0.28507E+00    0.90142E-01    0.28694E+00   -0.11787E+00   -0.31248E-02    0.51758E-02    0.85915E-02    0.52775E-05    0.65794E-04   -0.12400E-02    0.22005E-01   -0.13458E-01   -0.29953E-01   -0.17615E-01   -0.68122E-01    0.32086E-01   -0.35466E-01   -0.11692E-01    0.31129E-03    0.97192E+00    0.48869E-03   -0.25701E-01   -0.84011E-01   -0.13061E+00   -0.35903E-01   -0.95990E-01   -0.94927E-01    0.68064E-01   -0.48929E-01    0.30480E+00    0.66835E+00
   -0.74657E-05   -0.12860E-03    0.15905E-04   -0.14957E-03    0.34402E-02   -0.97875E-02   -0.43553E-03   -0.61806E-03   -0.22580E+01   -0.18594E+00    0.38126E+00   -0.10410E+00   -0.26474E+00    0.11839E-01   -0.64128E-03    0.52329E-03   -0.88772E-02    0.45651E-05    0.16995E-04   -0.68863E-02    0.84687E-02   -0.57894E-01    0.48733E-01    0.79515E-01    0.67231E-01    0.88597E-01   -0.10497E-01    0.15371E-02    0.26089E-02    0.48869E-03    0.99038E+00   -0.81467E-01    0.82807E-01    0.37088E-01    0.17298E+00    0.32248E-01    0.10139E+00   -0.55557E+00    0.39211E+00   -0.34366E+00    0.21739E+00
    0.14566E-04    0.20554E-03   -0.21511E-04    0.13144E-03   -0.16121E-02    0.17702E-01    0.53631E-03    0.63491E-03    0.33018E+01    0.92328E+00   -0.15928E+01   -0.82976E-01    0.69160E+00   -0.36235E-01   -0.10545E-01    0.28796E-01   -0.13357E-01   -0.55667E-05   -0.20714E-03   -0.44926E-02   -0.41817E-01    0.57526E-02   -0.15277E+00    0.25241E-02    0.77602E-01    0.67417E-01    0.98777E-02    0.51124E-01    0.75696E-01   -0.25701E-01   -0.81467E-01    0.92217E+00    0.16552E-01   -0.11440E-01   -0.10609E-01   -0.12386E-01    0.58902E+00    0.17706E+00    0.12424E+00    0.69676E-01   -0.81465E-01
    0.12595E-04    0.84555E-04    0.53992E-05   -0.87140E-04   -0.31934E-02    0.95823E-02    0.38051E-03    0.13464E-03    0.72398E+00   -0.24449E+00    0.64696E+00    0.20616E-02   -0.46289E+00    0.39753E-01   -0.25887E-02    0.15919E-02   -0.19709E-01   -0.31700E-05   -0.38277E-04   -0.63981E-02    0.48386E-01    0.33407E-01    0.22495E-02    0.53677E-01    0.12513E+00   -0.77735E-01    0.14541E+00    0.59806E-03   -0.51275E-01   -0.84011E-01    0.82807E-01    0.16552E-01    0.99130E+00    0.14873E-01   -0.55500E-02   -0.81955E-02    0.12199E+00    0.17669E+00   -0.31797E-02    0.16562E+00    0.15624E+00
   -0.72451E-05    0.13684E-03   -0.30214E-04   -0.32331E-04    0.90831E-02    0.44476E-02   -0.81324E-04    0.10156E-03    0.16194E+01    0.36588E+00   -0.48960E+00   -0.73183E-01    0.17819E+00   -0.47272E-01   -0.25234E-02    0.15041E-02    0.56685E-03   -0.10013E-05   -0.12849E-04   -0.35748E-02    0.35745E-01   -0.14024E-01    0.10993E-01   -0.21331E-01    0.38830E-01   -0.88813E-01   -0.85889E-01   -0.67861E-01    0.13979E+00   -0.13061E+00    0.37088E-01   -0.11440E-01    0.14873E-01    0.10013E+01   -0.11973E-01   -0.72426E-02   -0.11171E+00    0.50943E-01    0.15001E+00    0.48140E-01   -0.50627E-01
    0.62851E-05    0.18105E-04    0.43274E-06   -0.15705E-04   -0.17096E-02    0.73236E-02    0.31383E-03   -0.55054E-04    0.73727E+00    0.41808E-01    0.47896E+00    0.99811E-01   -0.18309E+00   -0.49482E-03   -0.23027E-02    0.83482E-02   -0.13995E-01   -0.10030E-07    0.25944E-04    0.24119E-02   -0.17101E-01   -0.60339E-01   -0.39113E-02    0.24118E-01    0.14155E+00    0.56199E-01    0.38823E-01   -0.11791E-01    0.16201E+00   -0.35903E-01    0.17298E+00   -0.10609E-01   -0.55500E-02   -0.11973E-01    0.10023E+01    0.63254E-02    0.35471E-02    0.37246E-01    0.12229E+00   -0.28125E+00    0.11970E+00
   -0.45292E-05   -0.59446E-04    0.14996E-04   -0.21166E-07   -0.57873E-02   -0.59689E-02   -0.34785E-03   -0.17889E-03   -0.33141E+01   -0.33870E+00    0.70882E+00   -0.12433E-02   -0.33869E+00    0.16601E-01   -0.19307E-02    0.43477E-02   -0.12016E-01   -0.41421E-05   -0.42590E-04   -0.59334E-02   -0.33758E-01   -0.13320E+00    0.15863E+00    0.10781E+00   -0.12449E+00    0.61035E-01   -0.54876E-01    0.15740E+00   -0.12914E+00   -0.95990E-01    0.32248E-01   -0.12386E-01   -0.81955E-02   -0.72426E-02    0.63254E-02    0.98933E+00   -0.40099E-01   -0.51106E-01    0.34023E-01    0.16941E+00   -0.10675E+00
    0.14763E-04    0.94594E-04   -0.63540E-05    0.21507E-03   -0.53722E-03    0.89061E-02    0.49420E-03    0.83923E-03    0.17291E+01   -0.76358E+00   -0.16177E+00    0.46108E+00    0.75537E-01   -0.37532E-01   -0.11311E-02    0.20751E-02   -0.49420E-02    0.49010E-05   -0.14271E-05   -0.42576E-02   -0.33582E-01    0.14662E+00   -0.24852E+00   -0.42041E-01    0.95790E-01    0.92906E-01    0.64751E+00   -0.76777E-01   -0.20610E+00   -0.94927E-01    0.10139E+00    0.58902E+00    0.12199E+00   -0.11171E+00    0.35471E-02   -0.40099E-01    0.96147E+00   -0.11639E-01    0.76360E-02    0.21657E-01   -0.14795E-01
    0.38586E-05    0.68584E-04   -0.19869E-05    0.64091E-04   -0.35819E-02    0.48264E-02    0.12582E-03    0.40933E-03    0.72070E+00   -0.66206E+00   -0.57612E-02    0.34379E+00    0.12610E-01   -0.98257E-01   -0.90225E-03   -0.59284E-03   -0.26053E-02    0.38854E-06    0.57232E-04    0.23964E-02    0.24567E-01    0.24227E-01    0.25707E-01    0.55865E-01    0.38842E-01   -0.96566E-01    0.24973E+00    0.24949E+00    0.64602E+00    0.68064E-01   -0.55557E+00    0.17706E+00    0.17669E+00    0.50943E-01    0.37246E-01   -0.51106E-01   -0.11639E-01    0.10080E+01   -0.77246E-02    0.42892E-03   -0.47128E-03
   -0.22676E-05   -0.11315E-03    0.67730E-05   -0.78671E-04   -0.12815E-02   -0.57982E-02   -0.10561E-03   -0.32761E-03   -0.26964E+01    0.97537E-01    0.54007E+00   -0.12845E+00   -0.24121E+00   -0.14129E-01   -0.53474E-02   -0.65196E-03   -0.33920E-02    0.29775E-05   -0.34128E-04   -0.35185E-02   -0.45098E-01   -0.73956E-02    0.83740E-01    0.24663E-01    0.22942E-01    0.10001E+00   -0.59363E-01    0.76734E+00    0.13133E+00   -0.48929E-01    0.39211E+00    0.12424E+00   -0.31797E-02    0.15001E+00    0.12229E+00    0.34023E-01    0.76360E-02   -0.77246E-02    0.99208E+00   -0.13446E-01   -0.57489E-02
    0.98472E-05    0.23034E-03   -0.29184E-04    0.10745E-03   -0.89830E-03    0.14875E-01    0.52960E-03    0.80473E-03    0.11318E+01    0.44109E+00    0.36361E+00   -0.73415E-01   -0.76821E-01   -0.76392E-01   -0.77206E-02   -0.14763E-02    0.39840E-03   -0.61898E-06   -0.38356E-04   -0.77854E-02    0.36201E-01    0.23905E-01   -0.94881E-03   -0.19688E+00   -0.88885E-01   -0.18693E-01   -0.49201E-01    0.28924E+00   -0.63940E+00    0.30480E+00   -0.34366E+00    0.69676E-01    0.16562E+00    0.48140E-01   -0.28125E+00    0.16941E+00    0.21657E-01    0.42892E-03   -0.13446E-01    0.10113E+01   -0.72714E-02
    0.23008E-05    0.17345E-03   -0.42575E-05    0.11602E-03    0.21631E-02    0.99984E-02    0.36517E-03    0.67861E-03    0.31690E+01    0.15637E+00   -0.42465E+00    0.17746E+00    0.31864E+00   -0.10394E+00   -0.25119E-02    0.16235E-02    0.12664E-01    0.36809E-05    0.52441E-04    0.76477E-03   -0.97511E-02    0.71809E-01   -0.22881E+00    0.83761E-01    0.64889E-01   -0.89630E-02    0.82875E-01   -0.20230E+00    0.18853E+00    0.66835E+00    0.21739E+00   -0.81465E-01    0.15624E+00   -0.50627E-01    0.11970E+00   -0.10675E+00   -0.14795E-01   -0.47128E-03   -0.57489E-02   -0.72714E-02    0.98169E+00
