# omegabh2 omegach2 theta tau mnu ns logA asz
    0.32539E-06   -0.10710E-05    0.75475E-06    0.25302E-05   -0.93717E-04    0.75986E-05    0.50524E-05    0.21325E-04
   -0.10710E-05    0.23118E-04   -0.12641E-05   -0.19246E-04    0.51519E-03   -0.39512E-04    0.30944E-04   -0.29335E-03
    0.75475E-06   -0.12641E-05    0.53309E-05    0.47866E-05   -0.66824E-04    0.16739E-04    0.15460E-04    0.38143E-04
    0.25302E-05   -0.19246E-04    0.47866E-05    0.19245E-03   -0.69781E-03    0.82807E-04    0.34854E-03   -0.38671E-04
   -0.93717E-04    0.51519E-03   -0.66824E-04   -0.69781E-03    0.12204E+00   -0.28804E-02   -0.11098E-02   -0.63111E-05
    0.75986E-05   -0.39512E-04    0.16739E-04    0.82807E-04   -0.28804E-02    0.23320E-03    0.13850E-03   -0.85304E-04
    0.50524E-05    0.30944E-04    0.15460E-04    0.34854E-03   -0.11098E-02    0.13850E-03    0.90326E-03   -0.17857E-02
    0.21325E-04   -0.29335E-03    0.38143E-04   -0.38671E-04   -0.63111E-05   -0.85304E-04   -0.17857E-02    0.33250E+00
