# omegabh2 omegach2 theta tau ns logA r aps100 aps143 aps217 acib143 acib217 asz143 psr cibr cal0 cal2 xi aksz bm_1_1
6.158800E-08 -1.594300E-07 4.611900E-08 6.876200E-07 5.607700E-07 1.163500E-06 2.435800E-07 -4.822200E-04 -3.609500E-04 -1.364100E-04 -1.211800E-04 -1.713400E-04 -1.490357E-05 -5.926900E-08 -2.828600E-06 2.459600E-09 -3.906100E-10 -2.330800E-07 -4.825652E-05 -1.307300E-05
-1.594300E-07 3.142400E-06 -1.783100E-07 -5.061500E-06 -7.096200E-06 -2.339800E-06 -7.376100E-06 6.435300E-04 1.161400E-03 6.970400E-04 8.013700E-05 2.185800E-04 -1.205762E-05 -5.659400E-07 2.777700E-06 -2.486700E-08 1.888900E-08 -2.856300E-06 -4.583752E-05 6.320700E-05
4.611900E-08 -1.783100E-07 3.215500E-07 8.088200E-07 9.088200E-07 1.507800E-06 6.328600E-07 6.556800E-04 -1.564400E-04 -9.495100E-05 -3.017900E-06 -2.186100E-05 -2.243617E-05 -5.503000E-08 -6.925400E-07 6.031400E-09 1.989100E-09 -9.419800E-09 5.488613E-06 -3.471300E-06
6.876200E-07 -5.061500E-06 8.088200E-07 1.953500E-04 2.096000E-05 3.791800E-04 -3.883600E-05 1.548700E-02 -5.508300E-03 -2.540000E-03 -9.734000E-04 -3.726100E-03 -2.888727E-03 1.783100E-06 -1.786400E-04 2.749500E-07 2.930500E-07 3.306600E-05 -1.993224E-03 -3.006500E-04
5.607700E-07 -7.096200E-06 9.088200E-07 2.096000E-05 3.499400E-05 2.270700E-05 3.853700E-05 -1.794500E-02 5.569500E-03 1.220400E-02 -6.576600E-03 -9.572300E-03 -2.230859E-03 4.653500E-06 -2.011000E-04 5.497900E-09 3.578800E-08 5.749700E-05 -3.131325E-03 -3.466700E-04
1.163500E-06 -2.339800E-06 1.507800E-06 3.791800E-04 2.270700E-05 7.615900E-04 -1.035300E-04 4.864300E-02 2.065000E-03 8.729000E-03 -4.118300E-03 -1.220700E-02 -8.919601E-03 4.626600E-06 -5.338200E-04 5.633100E-07 8.494800E-07 1.037700E-04 -5.954311E-03 -1.062800E-04
2.435800E-07 -7.376100E-06 6.328600E-07 -3.883600E-05 3.853700E-05 -1.035300E-04 1.645600E-03 -8.224000E-02 -5.520700E-03 3.569100E-03 -4.826800E-03 -6.502600E-03 1.671838E-04 4.546800E-06 -2.124400E-04 -4.222000E-08 -6.653000E-07 -1.212600E-05 2.764362E-04 -1.683600E-03
-4.822200E-04 6.435300E-04 6.556800E-04 1.548700E-02 -1.794500E-02 4.864300E-02 -8.224000E-02 2.728600E+03 2.075800E+02 1.087000E+02 9.620300E+01 -3.361100E+01 -1.363215E+02 5.781900E-02 -5.529400E+00 7.967500E-04 3.654300E-03 2.750700E+00 -6.826261E+00 1.067500E+01
-3.609500E-04 1.161400E-03 -1.564400E-04 -5.508300E-03 5.569500E-03 2.065000E-03 -5.520700E-03 2.075800E+02 1.708900E+02 1.306800E+02 -3.188500E+01 -4.784800E+01 -2.632428E+01 3.820800E-02 -1.567300E+00 -1.389300E-04 1.754200E-04 6.079800E-01 -1.246688E+01 3.224500E-01
-1.364100E-04 6.970400E-04 -9.495100E-05 -2.540000E-03 1.220400E-02 8.729000E-03 3.569100E-03 1.087000E+02 1.306800E+02 2.267400E+02 -3.241300E+01 -8.917400E+01 -1.984921E+01 4.563700E-02 -1.994300E+00 -5.312500E-05 -4.669900E-03 5.022800E-01 -1.372904E+01 5.413900E-01
-1.211800E-04 8.013700E-05 -3.017900E-06 -9.734000E-04 -6.576600E-03 -4.118300E-03 -4.826800E-03 9.620300E+01 -3.188500E+01 -3.241300E+01 2.944900E+01 1.769400E+01 -4.381674E+00 -6.598900E-03 4.347300E-02 -1.251400E-05 -2.080500E-04 1.984500E-01 -9.810101E-02 -7.623000E-01
-1.713400E-04 2.185800E-04 -2.186100E-05 -3.726100E-03 -9.572300E-03 -1.220700E-02 -6.502600E-03 -3.361100E+01 -4.784800E+01 -8.917400E+01 1.769400E+01 4.591000E+01 1.098716E+01 -1.893400E-02 1.077000E+00 7.053000E-08 2.395100E-03 -2.643000E-01 -5.742032E-01 -8.975900E-02
-1.490357E-05 -1.205762E-05 -2.243617E-05 -2.888727E-03 -2.230859E-03 -8.919601E-03 1.671838E-04 -1.363215E+02 -2.632428E+01 -1.984921E+01 -4.381674E+00 1.098716E+01 1.635622E+01 -1.001021E-02 7.722999E-01 3.412546E-05 -5.759996E-04 -2.977213E-01 -8.133585E-01 5.057382E-01
-5.926900E-08 -5.659400E-07 -5.503000E-08 1.783100E-06 4.653500E-06 4.626600E-06 4.546800E-06 5.781900E-02 3.820800E-02 4.563700E-02 -6.598900E-03 -1.893400E-02 -1.001021E-02 2.104600E-04 -7.055000E-04 -1.380200E-07 -2.817100E-07 2.361300E-04 -2.233252E-03 -1.905000E-04
-2.828600E-06 2.777700E-06 -6.925400E-07 -1.786400E-04 -2.011000E-04 -5.338200E-04 -2.124400E-04 -5.529400E+00 -1.567300E+00 -1.994300E+00 4.347300E-02 1.077000E+00 7.722999E-01 -7.055000E-04 5.458700E-02 -4.059200E-07 2.459700E-05 -1.243100E-02 -5.917697E-02 2.366500E-02
2.459600E-09 -2.486700E-08 6.031400E-09 2.749500E-07 5.497900E-09 5.633100E-07 -4.222000E-08 7.967500E-04 -1.389300E-04 -5.312500E-05 -1.251400E-05 7.053000E-08 3.412546E-05 -1.380200E-07 -4.059200E-07 1.603600E-07 3.987600E-09 -1.586700E-06 5.710354E-06 -2.982900E-05
-3.906100E-10 1.888900E-08 1.989100E-09 2.930500E-07 3.578800E-08 8.494800E-07 -6.653000E-07 3.654300E-03 1.754200E-04 -4.669900E-03 -2.080500E-04 2.395100E-03 -5.759996E-04 -2.817100E-07 2.459700E-05 3.987600E-09 9.223500E-07 -5.208700E-07 7.180677E-05 1.404300E-05
-2.330800E-07 -2.856300E-06 -9.419800E-09 3.306600E-05 5.749700E-05 1.037700E-04 -1.212600E-05 2.750700E+00 6.079800E-01 5.022800E-01 1.984500E-01 -2.643000E-01 -2.977213E-01 2.361300E-04 -1.243100E-02 -1.586700E-06 -5.208700E-07 2.907700E-02 1.794110E-02 -6.078300E-03
-4.825652E-05 -4.583752E-05 5.488613E-06 -1.993224E-03 -3.131325E-03 -5.954311E-03 2.764362E-04 -6.826261E+00 -1.246688E+01 -1.372904E+01 -9.810101E-02 -5.742032E-01 -8.133585E-01 -2.233252E-03 -5.917697E-02 5.710354E-06 7.180677E-05 1.794110E-02 8.447019E+00 -1.439653E-01
-1.307300E-05 6.320700E-05 -3.471300E-06 -3.006500E-04 -3.466700E-04 -1.062800E-04 -1.683600E-03 1.067500E+01 3.224500E-01 5.413900E-01 -7.623000E-01 -8.975900E-02 5.057382E-01 -1.905000E-04 2.366500E-02 -2.982900E-05 1.404300E-05 -6.078300E-03 -1.439653E-01 5.990100E-01
