# omegabh2 omegach2 theta tau logA ns acib217 acibsz143 asz143 aps100 aps143 aps143217 aps217 aksz kgal100 t1gal143 t1gal143217 t1gal217 galfEE100 galfEE100143 galfEE100217 galfEE143 galfEE143217 galfEE217 galfTE100 galfTE100143 galfTE100217 galfTE143 galfTE143217 galfTE217 calib_100T calib_217T
    0.2270312E-07   -0.9133342E-07    0.1378842E-07    0.1551098E-05    0.3030610E-05    0.2893294E-06   -0.1771334E-03   -0.9619495E-04   -0.2701855E-04   -0.1313384E-03    0.7405061E-04    0.1987421E-03    0.1720866E-03   -0.5787332E-04    0.2733744E-04   -0.2222822E-03   -0.2415806E-03   -0.2471000E-03    0.1318965E-06    0.1280034E-06    0.1464672E-06    0.1481846E-06    0.2355211E-06    0.2570336E-06   -0.1916130E-05   -0.2616616E-05   -0.3733107E-05   -0.3649556E-05   -0.5434940E-05   -0.9187406E-05   -0.2222469E-07    0.4587848E-08
   -0.9133342E-07    0.1281445E-05   -0.8437784E-07   -0.1207343E-04   -0.2102290E-04   -0.3501211E-05    0.6708627E-03    0.2057726E-03    0.2814668E-05    0.1173272E-02    0.5995226E-03   -0.2599723E-04   -0.4081447E-03    0.2148843E-03    0.8627606E-03    0.1427409E-03    0.4921670E-03    0.7042281E-03   -0.1355447E-05   -0.1411899E-05   -0.1491704E-05   -0.1634616E-05   -0.1812707E-05   -0.1882112E-05    0.8238708E-05    0.1116085E-04    0.1300947E-04    0.1960686E-04    0.2587845E-04    0.3889786E-04   -0.1146669E-06   -0.8454696E-07
    0.1378842E-07   -0.8437784E-07    0.8498688E-07    0.1012401E-05    0.1910084E-05    0.3437766E-06   -0.1040312E-04   -0.7241093E-05   -0.1337753E-04    0.9544430E-05   -0.2320990E-06   -0.8759851E-05   -0.2051031E-04   -0.2241829E-04    0.5096709E-04   -0.4271323E-04   -0.6070626E-04   -0.7360056E-04    0.3678746E-07    0.6359340E-07    0.2440857E-07    0.1400353E-06    0.2025509E-06    0.9057869E-07   -0.3059408E-06   -0.9859069E-06   -0.1180014E-05   -0.3259216E-05   -0.3941571E-05   -0.5228670E-05   -0.1055560E-07    0.2193387E-08
    0.1551098E-05   -0.1207343E-04    0.1012401E-05    0.6152986E-03    0.1214188E-02    0.6150970E-04   -0.3679019E-01   -0.1772225E-01   -0.6550760E-02   -0.5852729E-02    0.2985402E-01    0.5193311E-01    0.5296074E-01   -0.1090393E-01   -0.4948286E-01   -0.5993418E-01   -0.7042580E-01   -0.7551478E-01    0.1341866E-04    0.1680284E-04    0.2029393E-04    0.2067871E-04    0.2343463E-04    0.3239130E-04   -0.1932821E-03   -0.1904168E-03   -0.2195822E-03   -0.2968478E-03   -0.4255524E-03   -0.6207275E-03    0.1608683E-05    0.2766090E-05
    0.3030610E-05   -0.2102290E-04    0.1910084E-05    0.1214188E-02    0.2410243E-02    0.1139040E-03   -0.7427335E-01   -0.3690627E-01   -0.1430367E-01    0.3451011E-02    0.6997066E-01    0.1126773E+00    0.1117674E+00   -0.2248952E-01   -0.1037392E+00   -0.1345311E+00   -0.1547429E+00   -0.1644844E+00    0.2178279E-04    0.2832907E-04    0.3469373E-04    0.3497146E-04    0.4052523E-04    0.5696524E-04   -0.3675804E-03   -0.3606602E-03   -0.4243623E-03   -0.5547684E-03   -0.8082550E-03   -0.1174515E-02    0.2049797E-05    0.5266037E-05
    0.2893294E-06   -0.3501211E-05    0.3437766E-06    0.6150970E-04    0.1139040E-03    0.2210007E-04   -0.1008851E-01   -0.4594517E-02   -0.1620939E-02   -0.7671794E-02    0.5817222E-02    0.1248279E-01    0.1354815E-01   -0.3162852E-02   -0.6794195E-02   -0.6345102E-02   -0.8986352E-02   -0.9843106E-02    0.7861585E-05    0.8433364E-05    0.9403836E-05    0.8632238E-05    0.1006464E-04    0.1086942E-04   -0.4159097E-04   -0.3589258E-04   -0.3797452E-04   -0.4658177E-04   -0.6969452E-04   -0.1260210E-03    0.6667848E-06    0.7061760E-06
   -0.1771334E-03    0.6708627E-03   -0.1040312E-04   -0.3679019E-01   -0.7427335E-01   -0.1008851E-01    0.6190628E+02    0.2154317E+02    0.5423027E+00    0.1817441E+02   -0.2002464E+02   -0.6012049E+02   -0.7944322E+02   -0.3083522E+01    0.9701962E+00   -0.3549493E+01   -0.7233805E+01   -0.1181483E+02   -0.4301114E-02   -0.3836281E-02   -0.2148512E-02   -0.4452062E-02   -0.4100977E-02   -0.3866023E-02    0.2781932E-01    0.1250706E-01    0.1519621E-01   -0.4334883E-02    0.6629415E-02   -0.1547228E-02    0.2184496E-03   -0.3122908E-02
   -0.9619495E-04    0.2057726E-03   -0.7241093E-05   -0.1772225E-01   -0.3690627E-01   -0.4594517E-02    0.2154317E+02    0.1621354E+02    0.2535520E+01   -0.1533623E+02   -0.2349604E+02   -0.4044456E+02   -0.2386058E+02   -0.1122387E+01   -0.1878389E+01   -0.3411526E+01   -0.9094977E+01   -0.9996346E+01   -0.2201190E-02   -0.1807224E-02   -0.1017124E-02   -0.2652711E-02   -0.2351044E-02   -0.6704840E-03    0.1786026E-01    0.9889763E-02    0.2503332E-01    0.2492142E-02    0.2193910E-01    0.4621314E-01    0.1611303E-03   -0.1170536E-03
   -0.2701855E-04    0.2814668E-05   -0.1337753E-04   -0.6550760E-02   -0.1430367E-01   -0.1620939E-02    0.5423027E+00    0.2535520E+01    0.6421619E+01   -0.4172423E+02   -0.1848959E+02   -0.4936243E+01    0.2865003E+00   -0.3351911E+00   -0.2217091E+01   -0.1803604E+00    0.3692060E+01    0.4387121E+01   -0.5246368E-03   -0.4872544E-03   -0.5238234E-03    0.1190597E-03   -0.4246498E-03    0.8721301E-03    0.1119073E-02   -0.5188215E-02   -0.8581494E-02   -0.1575542E-02    0.5842045E-03    0.1557110E-01   -0.1953916E-03    0.2098253E-03
   -0.1313384E-03    0.1173272E-02    0.9544430E-05   -0.5852729E-02    0.3451011E-02   -0.7671794E-02    0.1817441E+02   -0.1533623E+02   -0.4172423E+02    0.7534534E+03    0.1819431E+03    0.6432457E+02    0.1820376E+01   -0.1354222E+02   -0.3596799E+02    0.9223634E+00   -0.4005380E+01   -0.2747058E+01   -0.5066289E-02   -0.5464440E-02   -0.5331973E-02   -0.4530295E-02   -0.2176685E-02   -0.1544875E-01    0.1257278E+00    0.1293671E+00    0.1780821E+00    0.1025220E+00    0.1391489E+00    0.1555891E+00   -0.1073497E-02   -0.4205717E-02
    0.7405061E-04    0.5995226E-03   -0.2320990E-06    0.2985402E-01    0.6997066E-01    0.5817222E-02   -0.2002464E+02   -0.2349604E+02   -0.1848959E+02    0.1819431E+03    0.1210515E+03    0.8995479E+02    0.4772747E+02   -0.1143938E+02    0.1908635E+01   -0.7985743E+01   -0.4022351E+01   -0.2379239E+01    0.2343005E-02    0.1646035E-02    0.1538469E-02    0.6092293E-03    0.1318350E-02   -0.6136206E-02   -0.8352305E-02    0.9101544E-02    0.8728603E-02    0.1907096E-01    0.1523938E-01    0.2537823E-01   -0.3668543E-03   -0.8294659E-03
    0.1987421E-03   -0.2599723E-04   -0.8759851E-05    0.5193311E-01    0.1126773E+00    0.1248279E-01   -0.6012049E+02   -0.4044456E+02   -0.4936243E+01    0.6432457E+02    0.8995479E+02    0.1383331E+03    0.1011805E+03   -0.9247626E+01   -0.1370171E+01   -0.4682906E+01    0.3367262E+01    0.2052091E+01    0.4776006E-02    0.4334829E-02    0.3365227E-02    0.5322276E-02    0.5995675E-02    0.1810855E-02   -0.3681746E-01   -0.2236302E-01   -0.4395727E-01    0.8929359E-02   -0.1173324E-01   -0.4556000E-02   -0.1050208E-02    0.1951397E-02
    0.1720866E-03   -0.4081447E-03   -0.2051031E-04    0.5296074E-01    0.1117674E+00    0.1354815E-01   -0.7944322E+02   -0.2386058E+02    0.2865003E+00    0.1820376E+01    0.4772747E+02    0.1011805E+03    0.1395912E+03   -0.7825304E+01   -0.6475283E+01   -0.8361975E+01   -0.1467193E+02   -0.1682036E+02    0.4166232E-02    0.4613160E-02    0.3634469E-02    0.3659978E-02    0.5150262E-02    0.4438163E-02   -0.1876643E-01   -0.1114192E-01    0.6758482E-03    0.9484230E-02    0.2376238E-01    0.9714958E-01   -0.9264300E-03    0.5935563E-02
   -0.5787332E-04    0.2148843E-03   -0.2241829E-04   -0.1090393E-01   -0.2248952E-01   -0.3162852E-02   -0.3083522E+01   -0.1122387E+01   -0.3351911E+00   -0.1354222E+02   -0.1143938E+02   -0.9247626E+01   -0.7825304E+01    0.8040003E+01   -0.5007945E+00   -0.1704513E+01   -0.2383208E+01   -0.2428075E+01   -0.1013801E-02   -0.1162087E-02   -0.2006641E-02   -0.9419524E-03   -0.2166581E-02   -0.2790575E-02    0.1137229E-01    0.1693878E-01    0.1538719E-01    0.1914622E-01    0.1555877E-01    0.1552813E-01   -0.5317486E-04    0.1231399E-03
    0.2733744E-04    0.8627606E-03    0.5096709E-04   -0.4948286E-01   -0.1037392E+00   -0.6794195E-02    0.9701962E+00   -0.1878389E+01   -0.2217091E+01   -0.3596799E+02    0.1908635E+01   -0.1370171E+01   -0.6475283E+01   -0.5007945E+00    0.1455335E+03    0.4739634E+02    0.4478973E+02    0.4249607E+02   -0.1004085E-02   -0.1004181E-02   -0.9129679E-03    0.8795656E-03    0.1979597E-02    0.5586780E-02   -0.2133018E-01   -0.5319003E-01   -0.6186243E-01   -0.5153134E-01   -0.7579674E-01   -0.9582675E-01   -0.1275131E-01   -0.7220711E-04
   -0.2222822E-03    0.1427409E-03   -0.4271323E-04   -0.5993418E-01   -0.1345311E+00   -0.6345102E-02   -0.3549493E+01   -0.3411526E+01   -0.1803604E+00    0.9223634E+00   -0.7985743E+01   -0.4682906E+01   -0.8361975E+01   -0.1704513E+01    0.4739634E+02    0.9080315E+02    0.9319933E+02    0.9293244E+02    0.2237030E-02    0.8231971E-03    0.2044264E-02    0.3334032E-02    0.4842692E-02    0.1199243E-01   -0.1040857E-01   -0.2456838E-01   -0.1990664E-01   -0.3253414E-01   -0.2989552E-01   -0.7688301E-01    0.2708782E-02   -0.9107862E-04
   -0.2415806E-03    0.4921670E-03   -0.6070626E-04   -0.7042580E-01   -0.1547429E+00   -0.8986352E-02   -0.7233805E+01   -0.9094977E+01    0.3692060E+01   -0.4005380E+01   -0.4022351E+01    0.3367262E+01   -0.1467193E+02   -0.2383208E+01    0.4478973E+02    0.9319933E+02    0.1332843E+03    0.1579142E+03    0.2323646E-02    0.7788403E-04    0.2568363E-03    0.4857526E-02    0.4422317E-02    0.7766040E-02   -0.1685094E-01   -0.2163896E-01   -0.3000892E-01   -0.2548881E-01   -0.3137163E-01   -0.6089237E-01    0.2389129E-02   -0.5250529E-02
   -0.2471000E-03    0.7042281E-03   -0.7360056E-04   -0.7551478E-01   -0.1644844E+00   -0.9843106E-02   -0.1181483E+02   -0.9996346E+01    0.4387121E+01   -0.2747058E+01   -0.2379239E+01    0.2052091E+01   -0.1682036E+02   -0.2428075E+01    0.4249607E+02    0.9293244E+02    0.1579142E+03    0.2073520E+03    0.2080226E-02   -0.4035944E-03   -0.1228046E-02    0.5503825E-02    0.3994401E-02    0.4623029E-02   -0.2225200E-01   -0.1111864E-01   -0.1148438E-01   -0.9662154E-02   -0.7211291E-02   -0.9371031E-02    0.2397706E-02   -0.9740979E-02
    0.1318965E-06   -0.1355447E-05    0.3678746E-07    0.1341866E-04    0.2178279E-04    0.7861585E-05   -0.4301114E-02   -0.2201190E-02   -0.5246368E-03   -0.5066289E-02    0.2343005E-02    0.4776006E-02    0.4166232E-02   -0.1013801E-02   -0.1004085E-02    0.2237030E-02    0.2323646E-02    0.2080226E-02    0.6846254E-04    0.2352458E-04    0.3012750E-04    0.1158367E-04    0.1571053E-04    0.2025956E-04   -0.8523530E-04   -0.8241060E-04   -0.8847300E-04   -0.5337675E-04   -0.4290840E-04   -0.8652903E-04    0.5688752E-06    0.2614296E-06
    0.1280034E-06   -0.1411899E-05    0.6359340E-07    0.1680284E-04    0.2832907E-04    0.8433364E-05   -0.3836281E-02   -0.1807224E-02   -0.4872544E-03   -0.5464440E-02    0.1646035E-02    0.4334829E-02    0.4613160E-02   -0.1162087E-02   -0.1004181E-02    0.8231971E-03    0.7788403E-04   -0.4035944E-03    0.2352458E-04    0.3990533E-04    0.3709463E-04    0.2877773E-04    0.3109556E-04    0.3320949E-04   -0.5938432E-04   -0.9573661E-04   -0.7536218E-04   -0.1110739E-03   -0.1092492E-03   -0.1347151E-03    0.4837337E-06    0.2718596E-06
    0.1464672E-06   -0.1491704E-05    0.2440857E-07    0.2029393E-04    0.3469373E-04    0.9403836E-05   -0.2148512E-02   -0.1017124E-02   -0.5238234E-03   -0.5331973E-02    0.1538469E-02    0.3365227E-02    0.3634469E-02   -0.2006641E-02   -0.9129679E-03    0.2044264E-02    0.2568363E-03   -0.1228046E-02    0.3012750E-04    0.3709463E-04    0.1202186E-03    0.2350373E-04    0.6131918E-04    0.1210117E-03   -0.8875848E-04   -0.9768953E-04   -0.1119860E-03   -0.8304332E-04   -0.1785317E-03   -0.3739988E-03    0.5812325E-06    0.2886734E-06
    0.1481846E-06   -0.1634616E-05    0.1400353E-06    0.2067871E-04    0.3497146E-04    0.8632238E-05   -0.4452062E-02   -0.2652711E-02    0.1190597E-03   -0.4530295E-02    0.6092293E-03    0.5322276E-02    0.3659978E-02   -0.9419524E-03    0.8795656E-03    0.3334032E-02    0.4857526E-02    0.5503825E-02    0.1158367E-04    0.2877773E-04    0.2350373E-04    0.8440900E-04    0.5452865E-04    0.4526487E-04   -0.1462145E-04   -0.5172330E-04    0.4217614E-05   -0.1792955E-03   -0.1465167E-03   -0.1364950E-03    0.2653240E-06    0.6749545E-07
    0.2355211E-06   -0.1812707E-05    0.2025509E-06    0.2343463E-04    0.4052523E-04    0.1006464E-04   -0.4100977E-02   -0.2351044E-02   -0.4246498E-03   -0.2176685E-02    0.1318350E-02    0.5995675E-02    0.5150262E-02   -0.2166581E-02    0.1979597E-02    0.4842692E-02    0.4422317E-02    0.3994401E-02    0.1571053E-04    0.3109556E-04    0.6131918E-04    0.5452865E-04    0.1244033E-03    0.1580353E-03   -0.6745544E-04   -0.1180259E-03   -0.1359547E-03   -0.2136401E-03   -0.2901583E-03   -0.5237373E-03    0.3099855E-06    0.1261777E-06
    0.2570336E-06   -0.1882112E-05    0.9057869E-07    0.3239130E-04    0.5696524E-04    0.1086942E-04   -0.3866023E-02   -0.6704840E-03    0.8721301E-03   -0.1544875E-01   -0.6136206E-02    0.1810855E-02    0.4438163E-02   -0.2790575E-02    0.5586780E-02    0.1199243E-01    0.7766040E-02    0.4623029E-02    0.2025956E-04    0.3320949E-04    0.1210117E-03    0.4526487E-04    0.1580353E-03    0.6360039E-03   -0.6802789E-04   -0.1374115E-03   -0.2431478E-03   -0.1673873E-03   -0.3919239E-03   -0.8730390E-03    0.5929162E-06    0.7417726E-06
   -0.1916130E-05    0.8238708E-05   -0.3059408E-06   -0.1932821E-03   -0.3675804E-03   -0.4159097E-04    0.2781932E-01    0.1786026E-01    0.1119073E-02    0.1257278E+00   -0.8352305E-02   -0.3681746E-01   -0.1876643E-01    0.1137229E-01   -0.2133018E-01   -0.1040857E-01   -0.1685094E-01   -0.2225200E-01   -0.8523530E-04   -0.5938432E-04   -0.8875848E-04   -0.1462145E-04   -0.6745544E-04   -0.6802789E-04    0.1268296E-01    0.8373189E-02    0.9257749E-02    0.1825300E-02    0.2075910E-02    0.2928204E-02   -0.2882471E-05   -0.5036104E-06
   -0.2616616E-05    0.1116085E-04   -0.9859069E-06   -0.1904168E-03   -0.3606602E-03   -0.3589258E-04    0.1250706E-01    0.9889763E-02   -0.5188215E-02    0.1293671E+00    0.9101544E-02   -0.2236302E-01   -0.1114192E-01    0.1693878E-01   -0.5319003E-01   -0.2456838E-01   -0.2163896E-01   -0.1111864E-01   -0.8241060E-04   -0.9573661E-04   -0.9768953E-04   -0.5172330E-04   -0.1180259E-03   -0.1374115E-03    0.8373189E-02    0.1214596E-01    0.1353502E-01    0.8005415E-02    0.8198059E-02    0.8026983E-02    0.3420005E-05   -0.2709127E-05
   -0.3733107E-05    0.1300947E-04   -0.1180014E-05   -0.2195822E-03   -0.4243623E-03   -0.3797452E-04    0.1519621E-01    0.2503332E-01   -0.8581494E-02    0.1780821E+00    0.8728603E-02   -0.4395727E-01    0.6758482E-03    0.1538719E-01   -0.6186243E-01   -0.1990664E-01   -0.3000892E-01   -0.1148438E-01   -0.8847300E-04   -0.7536218E-04   -0.1119860E-03    0.4217614E-05   -0.1359547E-03   -0.2431478E-03    0.9257749E-02    0.1353502E-01    0.2566376E-01    0.4807520E-02    0.1217183E-01    0.2333006E-01    0.4603852E-05   -0.1083822E-05
   -0.3649556E-05    0.1960686E-04   -0.3259216E-05   -0.2968478E-03   -0.5547684E-03   -0.4658177E-04   -0.4334883E-02    0.2492142E-02   -0.1575542E-02    0.1025220E+00    0.1907096E-01    0.8929359E-02    0.9484230E-02    0.1914622E-01   -0.5153134E-01   -0.3253414E-01   -0.2548881E-01   -0.9662154E-02   -0.5337675E-04   -0.1110739E-03   -0.8304332E-04   -0.1792955E-03   -0.2136401E-03   -0.1673873E-03    0.1825300E-02    0.8005415E-02    0.4807520E-02    0.2064676E-01    0.1894823E-01    0.1323872E-01    0.4849615E-06   -0.1772301E-05
   -0.5434940E-05    0.2587845E-04   -0.3941571E-05   -0.4255524E-03   -0.8082550E-03   -0.6969452E-04    0.6629415E-02    0.2193910E-01    0.5842045E-03    0.1391489E+00    0.1523938E-01   -0.1173324E-01    0.2376238E-01    0.1555877E-01   -0.7579674E-01   -0.2989552E-01   -0.3137163E-01   -0.7211291E-02   -0.4290840E-04   -0.1092492E-03   -0.1785317E-03   -0.1465167E-03   -0.2901583E-03   -0.3919239E-03    0.2075910E-02    0.8198059E-02    0.1217183E-01    0.1894823E-01    0.2906855E-01    0.4089810E-01    0.2829560E-05    0.8090802E-07
   -0.9187406E-05    0.3889786E-04   -0.5228670E-05   -0.6207275E-03   -0.1174515E-02   -0.1260210E-03   -0.1547228E-02    0.4621314E-01    0.1557110E-01    0.1555891E+00    0.2537823E-01   -0.4556000E-02    0.9714958E-01    0.1552813E-01   -0.9582675E-01   -0.7688301E-01   -0.6089237E-01   -0.9371031E-02   -0.8652903E-04   -0.1347151E-03   -0.3739988E-03   -0.1364950E-03   -0.5237373E-03   -0.8730390E-03    0.2928204E-02    0.8026983E-02    0.2333006E-01    0.1323872E-01    0.4089810E-01    0.1035288E+00   -0.4633615E-05    0.2062595E-05
   -0.2222469E-07   -0.1146669E-06   -0.1055560E-07    0.1608683E-05    0.2049797E-05    0.6667848E-06    0.2184496E-03    0.1611303E-03   -0.1953916E-03   -0.1073497E-02   -0.3668543E-03   -0.1050208E-02   -0.9264300E-03   -0.5317486E-04   -0.1275131E-01    0.2708782E-02    0.2389129E-02    0.2397706E-02    0.5688752E-06    0.4837337E-06    0.5812325E-06    0.2653240E-06    0.3099855E-06    0.5929162E-06   -0.2882471E-05    0.3420005E-05    0.4603852E-05    0.4849615E-06    0.2829560E-05   -0.4633615E-05    0.2222100E-05    0.1008409E-07
    0.4587848E-08   -0.8454696E-07    0.2193387E-08    0.2766090E-05    0.5266037E-05    0.7061760E-06   -0.3122908E-02   -0.1170536E-03    0.2098253E-03   -0.4205717E-02   -0.8294659E-03    0.1951397E-02    0.5935563E-02    0.1231399E-03   -0.7220711E-04   -0.9107862E-04   -0.5250529E-02   -0.9740979E-02    0.2614296E-06    0.2718596E-06    0.2886734E-06    0.6749545E-07    0.1261777E-06    0.7417726E-06   -0.5036104E-06   -0.2709127E-05   -0.1083822E-05   -0.1772301E-05    0.8090802E-07    0.2062595E-05    0.1008409E-07    0.1335410E-05
