# omegabh2 omegach2 theta logA ns DES_m1 DES_m2 DES_m3 DES_m4 DES_AIA DES_alphaIA DES_DzS1 DES_DzS2 DES_DzS3 DES_DzS4
  2.4436313E-07   1.5107396E-07  -2.1892528E-07  -2.1667520E-07   6.4391184E-09   9.6597542E-08   1.0149155E-08   5.8204029E-08   9.5254388E-08   5.2377551E-06  -2.6474527E-06   1.7425061E-08   1.6531294E-09   6.4235922E-08   2.3379981E-08
  1.5107396E-07   1.1337263E-03   1.3925962E-03  -1.3281198E-02  -1.0047809E-04   1.1794231E-05  -1.5132015E-05  -2.1268599E-05   3.9692908E-05   9.0136450E-03  -1.1494345E-03   4.8493149E-05  -2.1204211E-05  -7.2797736E-06  -1.9672880E-06
 -2.1892528E-07   1.3925962E-03   2.8420187E-03  -7.8607373E-03  -1.4053509E-04   3.0612625E-05   7.6515395E-06   4.7257136E-05   2.1168028E-05   2.0576674E-03   3.4929266E-03   4.6974797E-05  -1.6850235E-05   9.8870821E-06  -7.9041326E-08
 -2.1667520E-07  -1.3281198E-02  -7.8607373E-03   2.4014603E-01   9.0457652E-04   1.0986064E-04   3.4209656E-04   3.0745513E-04  -1.0397206E-03  -1.1285939E-01   3.1441092E-02  -4.1748567E-04   3.7528979E-04   4.2322568E-05  -2.3716187E-04
  6.4391184E-09  -1.0047809E-04  -1.4053509E-04   9.0457652E-04   4.0102378E-04  -7.9384792E-06  -4.0312878E-06  -6.7325098E-07  -2.6647137E-06  -3.4407393E-04   3.3442311E-04  -1.5114536E-08   1.6164411E-06   1.1953690E-06  -2.7837967E-06
  9.6597542E-08   1.1794231E-05   3.0612625E-05   1.0986064E-04  -7.9384792E-06   5.2525865E-04   1.0961945E-05  -1.3058518E-06  -1.4733411E-07   2.2059229E-03  -1.6587034E-03  -9.9779456E-06   9.8519565E-06  -1.1111480E-06  -1.9294590E-06
  1.0149155E-08  -1.5132015E-05   7.6515395E-06   3.4209656E-04  -4.0312878E-06   1.0961945E-05   5.0001025E-04   1.7486989E-05   6.2309047E-06   9.2391602E-04  -6.1043189E-04   1.8339821E-05  -2.4536284E-05   7.8102642E-06   7.1966745E-06
  5.8204029E-08  -2.1268599E-05   4.7257136E-05   3.0745513E-04  -6.7325098E-07  -1.3058518E-06   1.7486989E-05   4.6812941E-04   4.6801141E-05  -3.4041731E-03  -1.1582341E-04  -5.5396222E-06   6.2379155E-06  -2.2442905E-05   4.7346851E-05
  9.5254388E-08   3.9692908E-05   2.1168028E-05  -1.0397206E-03  -2.6647137E-06  -1.4733411E-07   6.2309047E-06   4.6801141E-05   4.6701428E-04  -1.1971913E-04   5.9050391E-04   7.8553879E-07   8.5699235E-06   1.1365314E-05  -5.6181589E-05
  5.2377551E-06   9.0136450E-03   2.0576674E-03  -1.1285939E-01  -3.4407393E-04   2.2059229E-03   9.2391602E-04  -3.4041731E-03  -1.1971913E-04   1.3004710E+00   1.2743621E-01   5.1885807E-03   1.3836806E-03  -9.8535023E-04  -1.7783930E-03
 -2.6474527E-06  -1.1494345E-03   3.4929266E-03   3.1441092E-02   3.3442311E-04  -1.6587034E-03  -6.1043189E-04  -1.1582341E-04   5.9050391E-04   1.2743621E-01   5.3879431E+00  -3.1958593E-03   4.0676574E-05   8.2704651E-04  -1.2618899E-03
  1.7425061E-08   4.8493149E-05   4.6974797E-05  -4.1748567E-04  -1.5114536E-08  -9.9779456E-06   1.8339821E-05  -5.5396222E-06   7.8553879E-07   5.1885807E-03  -3.1958593E-03   2.2284570E-04   1.8100172E-05  -3.4831791E-06  -3.8407585E-06
  1.6531294E-09  -2.1204211E-05  -1.6850235E-05   3.7528979E-04   1.6164411E-06   9.8519565E-06  -2.4536284E-05   6.2379155E-06   8.5699235E-06   1.3836806E-03   4.0676574E-05   1.8100172E-05   1.4215754E-04   5.9632822E-06   2.3221038E-06
  6.4235922E-08  -7.2797736E-06   9.8870821E-06   4.2322568E-05   1.1953690E-06  -1.1111480E-06   7.8102642E-06  -2.2442905E-05   1.1365314E-05  -9.8535023E-04   8.2704651E-04  -3.4831791E-06   5.9632822E-06   1.1342339E-04   1.3777569E-05
  2.3379981E-08  -1.9672880E-06  -7.9041326E-08  -2.3716187E-04  -2.7837967E-06  -1.9294590E-06   7.1966745E-06   4.7346851E-05  -5.6181589E-05  -1.7783930E-03  -1.2618899E-03  -3.8407585E-06   2.3221038E-06   1.3777569E-05   4.2176550E-04
