# omegabh2 omegach2 theta tau meffsterile nnu logA ns acib217 acibsz143 asz143 aps100 aps143 aps143217 aps217 aksz kgal100 t1gal143 t1gal143217 t1gal217 galfEE100 galfEE100143 galfEE100217 galfEE143 galfEE143217 galfEE217 galfTE100 galfTE100143 galfTE100217 galfTE143 galfTE143217 galfTE217 calib_100T calib_217T
    0.3884571E-07    0.2659435E-06   -0.1875232E-07    0.6573663E-06    0.2295301E-05    0.2183976E-04    0.1878134E-05    0.9641280E-06    0.5077677E-04    0.4946409E-05    0.7356933E-05   -0.1699313E-03   -0.1007703E-03   -0.1033264E-03   -0.1593499E-03    0.4039085E-05    0.6006243E-03    0.3505653E-03    0.3787323E-03    0.3916958E-03    0.1968153E-06    0.2257484E-06    0.2625414E-06    0.2885835E-06    0.3254877E-06    0.3518648E-06   -0.1624773E-05   -0.2747645E-05   -0.3476583E-05   -0.4483568E-05   -0.5946667E-05   -0.8969235E-05   -0.4016607E-07   -0.8151547E-08
    0.2659435E-06    0.9483888E-05   -0.8198751E-06   -0.1757309E-06   -0.6253412E-04    0.4691449E-03    0.1700063E-04    0.1344797E-04    0.4558679E-02    0.2033449E-02    0.3343849E-03   -0.2142080E-02   -0.1805497E-02   -0.5415839E-02   -0.6262819E-02    0.1068571E-02    0.1036785E-01    0.1046911E-01    0.1071492E-01    0.1069097E-01    0.1736037E-05    0.1535111E-05    0.1696389E-05    0.1441675E-05    0.1445622E-05    0.9455892E-06    0.1494025E-05   -0.1235316E-04   -0.1773330E-04   -0.8837821E-05   -0.8316044E-05   -0.5965643E-05   -0.2166548E-06   -0.1695443E-06
   -0.1875232E-07   -0.8198751E-06    0.1593718E-06    0.2091239E-08    0.9628479E-06   -0.4530786E-04   -0.1439203E-05   -0.1258298E-05   -0.4645334E-03   -0.2185755E-03   -0.4460925E-04    0.2696011E-03    0.2051148E-03    0.5619665E-03    0.6135011E-03   -0.8901396E-04   -0.9353805E-03   -0.1037568E-02   -0.1063629E-02   -0.1055018E-02   -0.1876627E-06   -0.1533553E-06   -0.1276897E-06   -0.1331961E-06   -0.1615318E-06    0.9800413E-08   -0.2910945E-06    0.5233146E-07    0.6491106E-06   -0.1270065E-05   -0.1143359E-05   -0.1093219E-05    0.6726446E-08    0.1596790E-07
    0.6573663E-06   -0.1757309E-06    0.2091239E-08    0.1837391E-03    0.1876054E-03    0.2742073E-03    0.3671359E-03    0.2818795E-04   -0.8375647E-02   -0.4045073E-02   -0.1449763E-02   -0.1758435E-03    0.6028900E-02    0.1153477E-01    0.1227461E-01   -0.2266967E-02   -0.5833382E-02   -0.9952905E-02   -0.1311654E-01   -0.1500471E-01    0.5027135E-05    0.6120972E-05    0.5282293E-05    0.5917158E-05    0.8019695E-05    0.1189087E-04   -0.6162981E-04   -0.7759798E-04   -0.7678825E-04   -0.1752784E-03   -0.1846042E-03   -0.2023373E-03    0.9703169E-07    0.6780454E-06
    0.2295301E-05   -0.6253412E-04    0.9628479E-06    0.1876054E-03    0.1036413E-01    0.1103021E-02    0.2779093E-03    0.3798936E-05    0.2140817E-01    0.7725574E-02    0.5340139E-02    0.2230321E-01   -0.1656970E-01   -0.2085797E-01   -0.2331337E-01    0.2139491E-02    0.2057075E-01    0.5426190E-01    0.6720478E-01    0.7187656E-01    0.6142514E-05    0.9642396E-05    0.1294607E-04    0.2573714E-04    0.2664831E-04    0.7596676E-04   -0.1874917E-03   -0.2142010E-04    0.1401691E-03   -0.4752004E-03   -0.6855335E-03   -0.1199116E-02    0.1257286E-05   -0.3211511E-05
    0.2183976E-04    0.4691449E-03   -0.4530786E-04    0.2742073E-03    0.1103021E-02    0.2898965E-01    0.1380134E-02    0.9886432E-03    0.2625046E+00    0.1202345E+00    0.2592416E-01   -0.1414211E+00   -0.1603345E+00   -0.3546129E+00   -0.3924980E+00    0.5922714E-01    0.6360569E+00    0.6952164E+00    0.7170893E+00    0.7196173E+00    0.1702030E-03    0.1632524E-03    0.1798131E-03    0.1749661E-03    0.1876750E-03    0.1701768E-03   -0.3766736E-03   -0.1195191E-02   -0.1557264E-02   -0.1711309E-02   -0.2079955E-02   -0.2667907E-02   -0.8874894E-05   -0.1072406E-04
    0.1878134E-05    0.1700063E-04   -0.1439203E-05    0.3671359E-03    0.2779093E-03    0.1380134E-02    0.7747061E-03    0.7702859E-04   -0.1080149E-01   -0.6392377E-02   -0.3153799E-02    0.7245584E-02    0.1797510E-01    0.2338528E-01    0.2125151E-01   -0.3519276E-02   -0.2412700E-02   -0.2087104E-01   -0.2660753E-01   -0.3062889E-01    0.9390000E-05    0.1153041E-04    0.9412370E-05    0.1091806E-04    0.1487908E-04    0.2118002E-04   -0.1129379E-03   -0.1616542E-03   -0.1687416E-03   -0.3454465E-03   -0.3674561E-03   -0.4069522E-03   -0.1324102E-05    0.1020750E-05
    0.9641280E-06    0.1344797E-04   -0.1258298E-05    0.2818795E-04    0.3798936E-05    0.9886432E-03    0.7702859E-04    0.5251307E-04   -0.3477269E-03   -0.6487914E-03   -0.5852464E-03   -0.6195007E-02    0.8952140E-03    0.6425414E-03   -0.1143760E-02   -0.4558475E-03    0.2027580E-01    0.2058180E-01    0.2068787E-01    0.2150564E-01    0.1208547E-04    0.1228678E-04    0.1353980E-04    0.1250311E-04    0.1475905E-04    0.1604774E-04   -0.2937553E-04   -0.6475777E-04   -0.7465097E-04   -0.1099182E-03   -0.1293497E-03   -0.1582546E-03   -0.1109152E-06   -0.1146292E-06
    0.5077677E-04    0.4558679E-02   -0.4645334E-03   -0.8375647E-02    0.2140817E-01    0.2625046E+00   -0.1080149E-01   -0.3477269E-03    0.7218511E+02    0.2883813E+02    0.1755512E+01    0.2136040E+01   -0.2968739E+02   -0.7797060E+02   -0.9139063E+02   -0.2976753E+01    0.1054298E+01   -0.6212494E+01   -0.1352105E+02   -0.1955346E+02    0.4980998E-03   -0.3396222E-03    0.1265044E-02   -0.2482351E-03   -0.1589529E-02   -0.3148283E-02   -0.1102959E-01   -0.1985978E-01   -0.2388400E-01   -0.1539916E-01   -0.2730086E-01   -0.8449899E-01    0.1703948E-03   -0.3054025E-02
    0.4946409E-05    0.2033449E-02   -0.2185755E-03   -0.4045073E-02    0.7725574E-02    0.1202345E+00   -0.6392377E-02   -0.6487914E-03    0.2883813E+02    0.2085617E+02    0.3052465E+01   -0.2163973E+02   -0.2887195E+02   -0.5206523E+02   -0.3233052E+02   -0.1395236E+01   -0.1343926E+01   -0.4441323E+01   -0.1210125E+02   -0.1393461E+02    0.6423453E-04   -0.2531553E-03    0.5078994E-03   -0.2459758E-03   -0.1070140E-02   -0.2911304E-02   -0.2184967E-02   -0.3220042E-02    0.4837176E-02   -0.1143059E-02    0.9942426E-02    0.1350955E-01    0.8086050E-04   -0.1729056E-03
    0.7356933E-05    0.3343849E-03   -0.4460925E-04   -0.1449763E-02    0.5340139E-02    0.2592416E-01   -0.3153799E-02   -0.5852464E-03    0.1755512E+01    0.3052465E+01    0.6257768E+01   -0.4085930E+02   -0.1843920E+02   -0.6568225E+01   -0.1652864E+01   -0.3331353E+00   -0.3008297E+01   -0.1062930E+01    0.2874065E+01    0.3555317E+01   -0.1169491E-03   -0.1836584E-03   -0.6042049E-03   -0.1999441E-03   -0.3941619E-03   -0.1553048E-02    0.3228024E-02    0.4242048E-02    0.3809996E-03   -0.2652602E-02   -0.2146808E-02    0.6041750E-02   -0.1651503E-03    0.1504786E-03
   -0.1699313E-03   -0.2142080E-02    0.2696011E-03   -0.1758435E-03    0.2230321E-01   -0.1414211E+00    0.7245584E-02   -0.6195007E-02    0.2136040E+01   -0.2163973E+02   -0.4085930E+02    0.7407217E+03    0.1799092E+03    0.8318380E+02    0.2300833E+02   -0.1257052E+02   -0.4390766E+02   -0.2599345E+01   -0.1106217E+02   -0.1008656E+02   -0.4812966E-02   -0.4352345E-02   -0.4735028E-02   -0.1989116E-02   -0.1648157E-02    0.6606712E-02    0.2351454E-01    0.3975068E-01    0.4023007E-01    0.5932126E-01    0.4692773E-01    0.6338921E-02   -0.6518742E-03   -0.2947681E-02
   -0.1007703E-03   -0.1805497E-02    0.2051148E-03    0.6028900E-02   -0.1656970E-01   -0.1603345E+00    0.1797510E-01    0.8952140E-03   -0.2968739E+02   -0.2887195E+02   -0.1843920E+02    0.1799092E+03    0.1249890E+03    0.1045125E+03    0.6029347E+02   -0.1051286E+02   -0.2568806E+01   -0.1158276E+02   -0.6010005E+01   -0.3222090E+01   -0.2188870E-02   -0.1456983E-02   -0.1651356E-02   -0.1057803E-02    0.6617325E-03    0.4410307E-02    0.3135736E-02    0.1941826E-01    0.1199461E-01    0.5524755E-01    0.4147674E-01    0.4554247E-01   -0.1874516E-03   -0.6639509E-03
   -0.1033264E-03   -0.5415839E-02    0.5619665E-03    0.1153477E-01   -0.2085797E-01   -0.3546129E+00    0.2338528E-01    0.6425414E-03   -0.7797060E+02   -0.5206523E+02   -0.6568225E+01    0.8318380E+02    0.1045125E+03    0.1682236E+03    0.1230307E+03   -0.8434747E+01   -0.8911825E+01   -0.8841673E+01    0.4117870E+01    0.5372057E+01   -0.2576102E-02   -0.1272682E-02   -0.3225835E-02   -0.1081022E-02    0.1657552E-02    0.6206808E-02    0.1742864E-01    0.3340144E-01    0.2222209E-01    0.4243169E-01    0.2763350E-01    0.5036061E-01   -0.7268924E-03    0.1935551E-02
   -0.1593499E-03   -0.6262819E-02    0.6135011E-03    0.1227461E-01   -0.2331337E-01   -0.3924980E+00    0.2125151E-01   -0.1143760E-02   -0.9139063E+02   -0.3233052E+02   -0.1652864E+01    0.2300833E+02    0.6029347E+02    0.1230307E+03    0.1553855E+03   -0.7979426E+01   -0.1291029E+02   -0.1256527E+02   -0.1531176E+02   -0.1572432E+02   -0.3080896E-02   -0.1287337E-02   -0.2640754E-02   -0.1490184E-02    0.1088266E-02    0.2926527E-02    0.2587286E-01    0.4476557E-01    0.6165365E-01    0.4961645E-01    0.8013239E-01    0.1718002E+00   -0.7333937E-03    0.5731526E-02
    0.4039085E-05    0.1068571E-02   -0.8901396E-04   -0.2266967E-02    0.2139491E-02    0.5922714E-01   -0.3519276E-02   -0.4558475E-03   -0.2976753E+01   -0.1395236E+01   -0.3331353E+00   -0.1257052E+02   -0.1051286E+02   -0.8434747E+01   -0.7979426E+01    0.8001465E+01   -0.4345895E+00   -0.1296219E+01   -0.1876404E+01   -0.2289279E+01   -0.2037714E-04   -0.3727833E-03   -0.8977261E-03   -0.4910252E-03   -0.6354556E-03   -0.8635334E-03    0.1719788E-04    0.1998739E-02   -0.5747708E-03    0.4145077E-02    0.1827641E-02    0.1240918E-04   -0.3184974E-04    0.1994372E-03
    0.6006243E-03    0.1036785E-01   -0.9353805E-03   -0.5833382E-02    0.2057075E-01    0.6360569E+00   -0.2412700E-02    0.2027580E-01    0.1054298E+01   -0.1343926E+01   -0.3008297E+01   -0.4390766E+02   -0.2568806E+01   -0.8911825E+01   -0.1291029E+02   -0.4345895E+00    0.1713310E+03    0.7856866E+02    0.7700663E+02    0.7631987E+02    0.5734835E-02    0.4864182E-02    0.7302417E-02    0.7455354E-02    0.7942997E-02    0.6420202E-02   -0.3908662E-01   -0.1308977E+00   -0.1240744E+00   -0.1093303E+00   -0.1083466E+00   -0.1621441E+00   -0.1267236E-01   -0.3623607E-03
    0.3505653E-03    0.1046911E-01   -0.1037568E-02   -0.9952905E-02    0.5426190E-01    0.6952164E+00   -0.2087104E-01    0.2058180E-01   -0.6212494E+01   -0.4441323E+01   -0.1062930E+01   -0.2599345E+01   -0.1158276E+02   -0.8841673E+01   -0.1256527E+02   -0.1296219E+01    0.7856866E+02    0.1375849E+03    0.1404209E+03    0.1408348E+03    0.8785994E-02    0.8506547E-02    0.1148415E-01    0.1043089E-01    0.9310666E-02    0.1103051E-01   -0.1173318E-01   -0.8665862E-01   -0.9568750E-01   -0.1236085E+00   -0.1265166E+00   -0.1377408E+00    0.3577825E-02   -0.2821519E-04
    0.3787323E-03    0.1071492E-01   -0.1063629E-02   -0.1311654E-01    0.6720478E-01    0.7170893E+00   -0.2660753E-01    0.2068787E-01   -0.1352105E+02   -0.1210125E+02    0.2874065E+01   -0.1106217E+02   -0.6010005E+01    0.4117870E+01   -0.1531176E+02   -0.1876404E+01    0.7700663E+02    0.1404209E+03    0.1810447E+03    0.2059564E+03    0.9256746E-02    0.8778203E-02    0.9943952E-02    0.1036773E-01    0.8617943E-02    0.8800556E-02    0.3351104E-02   -0.6326773E-01   -0.9214189E-01   -0.9718443E-01   -0.1099324E+00   -0.9084233E-01    0.3246948E-02   -0.4868657E-02
    0.3916958E-03    0.1069097E-01   -0.1055018E-02   -0.1500471E-01    0.7187656E-01    0.7196173E+00   -0.3062889E-01    0.2150564E-01   -0.1955346E+02   -0.1393461E+02    0.3555317E+01   -0.1008656E+02   -0.3222090E+01    0.5372057E+01   -0.1572432E+02   -0.2289279E+01    0.7631987E+02    0.1408348E+03    0.2059564E+03    0.2550583E+03    0.9788531E-02    0.9214534E-02    0.9334489E-02    0.1062586E-01    0.8199338E-02    0.7548223E-02    0.1333757E-01   -0.4608953E-01   -0.7454516E-01   -0.6874074E-01   -0.7039750E-01   -0.5378690E-02    0.3141067E-02   -0.9150580E-02
    0.1968153E-06    0.1736037E-05   -0.1876627E-06    0.5027135E-05    0.6142514E-05    0.1702030E-03    0.9390000E-05    0.1208547E-04    0.4980998E-03    0.6423453E-04   -0.1169491E-03   -0.4812966E-02   -0.2188870E-02   -0.2576102E-02   -0.3080896E-02   -0.2037714E-04    0.5734835E-02    0.8785994E-02    0.9256746E-02    0.9788531E-02    0.7044570E-04    0.2414556E-04    0.2892446E-04    0.1226337E-04    0.1359300E-04    0.1821505E-04   -0.9139134E-04   -0.7778923E-04   -0.7180235E-04   -0.5560698E-04   -0.4362188E-04   -0.5768000E-04    0.3972435E-06   -0.1297106E-06
    0.2257484E-06    0.1535111E-05   -0.1533553E-06    0.6120972E-05    0.9642396E-05    0.1632524E-03    0.1153041E-04    0.1228678E-04   -0.3396222E-03   -0.2531553E-03   -0.1836584E-03   -0.4352345E-02   -0.1456983E-02   -0.1272682E-02   -0.1287337E-02   -0.3727833E-03    0.4864182E-02    0.8506547E-02    0.8778203E-02    0.9214534E-02    0.2414556E-04    0.4073214E-04    0.3657865E-04    0.2975995E-04    0.3185375E-04    0.2991334E-04   -0.6002536E-04   -0.1027117E-03   -0.9633861E-04   -0.1139094E-03   -0.1128158E-03   -0.1373489E-03    0.4479789E-06   -0.7484605E-07
    0.2625414E-06    0.1696389E-05   -0.1276897E-06    0.5282293E-05    0.1294607E-04    0.1798131E-03    0.9412370E-05    0.1353980E-04    0.1265044E-02    0.5078994E-03   -0.6042049E-03   -0.4735028E-02   -0.1651356E-02   -0.3225835E-02   -0.2640754E-02   -0.8977261E-03    0.7302417E-02    0.1148415E-01    0.9943952E-02    0.9334489E-02    0.2892446E-04    0.3657865E-04    0.1179823E-03    0.2570883E-04    0.6271029E-04    0.1101991E-03   -0.5008101E-04   -0.1057595E-03   -0.1191842E-03   -0.1225197E-03   -0.2045654E-03   -0.4166427E-03    0.6109972E-06    0.4164898E-08
    0.2885835E-06    0.1441675E-05   -0.1331961E-06    0.5917158E-05    0.2573714E-04    0.1749661E-03    0.1091806E-04    0.1250311E-04   -0.2482351E-03   -0.2459758E-03   -0.1999441E-03   -0.1989116E-02   -0.1057803E-02   -0.1081022E-02   -0.1490184E-02   -0.4910252E-03    0.7455354E-02    0.1043089E-01    0.1036773E-01    0.1062586E-01    0.1226337E-04    0.2975995E-04    0.2570883E-04    0.8636492E-04    0.5831532E-04    0.4242346E-04   -0.3521364E-04   -0.8410563E-04   -0.7185065E-04   -0.1860159E-03   -0.1763161E-03   -0.1984838E-03    0.2205788E-06   -0.4539396E-07
    0.3254877E-06    0.1445622E-05   -0.1615318E-06    0.8019695E-05    0.2664831E-04    0.1876750E-03    0.1487908E-04    0.1475905E-04   -0.1589529E-02   -0.1070140E-02   -0.3941619E-03   -0.1648157E-02    0.6617325E-03    0.1657552E-02    0.1088266E-02   -0.6354556E-03    0.7942997E-02    0.9310666E-02    0.8617943E-02    0.8199338E-02    0.1359300E-04    0.3185375E-04    0.6271029E-04    0.5831532E-04    0.1321761E-03    0.1623191E-03   -0.2019573E-04   -0.7849334E-04   -0.1123431E-03   -0.1782851E-03   -0.2465618E-03   -0.4406602E-03    0.1695127E-06    0.6138466E-07
    0.3518648E-06    0.9455892E-06    0.9800413E-08    0.1189087E-04    0.7596676E-04    0.1701768E-03    0.2118002E-04    0.1604774E-04   -0.3148283E-02   -0.2911304E-02   -0.1553048E-02    0.6606712E-02    0.4410307E-02    0.6206808E-02    0.2926527E-02   -0.8635334E-03    0.6420202E-02    0.1103051E-01    0.8800556E-02    0.7548223E-02    0.1821505E-04    0.2991334E-04    0.1101991E-03    0.4242346E-04    0.1623191E-03    0.6517640E-03   -0.3077737E-04   -0.7196439E-04   -0.1401788E-03   -0.1651526E-03   -0.3183000E-03   -0.4820553E-03    0.4747774E-06    0.2257702E-06
   -0.1624773E-05    0.1494025E-05   -0.2910945E-06   -0.6162981E-04   -0.1874917E-03   -0.3766736E-03   -0.1129379E-03   -0.2937553E-04   -0.1102959E-01   -0.2184967E-02    0.3228024E-02    0.2351454E-01    0.3135736E-02    0.1742864E-01    0.2587286E-01    0.1719788E-04   -0.3908662E-01   -0.1173318E-01    0.3351104E-02    0.1333757E-01   -0.9139134E-04   -0.6002536E-04   -0.5008101E-04   -0.3521364E-04   -0.2019573E-04   -0.3077737E-04    0.1252238E-01    0.8039333E-02    0.8870129E-02    0.1974064E-02    0.2079260E-02    0.2093055E-02    0.2513185E-05   -0.9733843E-06
   -0.2747645E-05   -0.1235316E-04    0.5233146E-07   -0.7759798E-04   -0.2142010E-04   -0.1195191E-02   -0.1616542E-03   -0.6475777E-04   -0.1985978E-01   -0.3220042E-02    0.4242048E-02    0.3975068E-01    0.1941826E-01    0.3340144E-01    0.4476557E-01    0.1998739E-02   -0.1308977E+00   -0.8665862E-01   -0.6326773E-01   -0.4608953E-01   -0.7778923E-04   -0.1027117E-03   -0.1057595E-03   -0.8410563E-04   -0.7849334E-04   -0.7196439E-04    0.8039333E-02    0.1171689E-01    0.1290489E-01    0.7771163E-02    0.7386279E-02    0.6453419E-02    0.6878031E-05   -0.1594697E-05
   -0.3476583E-05   -0.1773330E-04    0.6491106E-06   -0.7678825E-04    0.1401691E-03   -0.1557264E-02   -0.1687416E-03   -0.7465097E-04   -0.2388400E-01    0.4837176E-02    0.3809996E-03    0.4023007E-01    0.1199461E-01    0.2222209E-01    0.6165365E-01   -0.5747708E-03   -0.1240744E+00   -0.9568750E-01   -0.9214189E-01   -0.7454516E-01   -0.7180235E-04   -0.9633861E-04   -0.1191842E-03   -0.7185065E-04   -0.1123431E-03   -0.1401788E-03    0.8870129E-02    0.1290489E-01    0.2467763E-01    0.4442508E-02    0.1111582E-01    0.2112602E-01    0.6099549E-05   -0.1021110E-05
   -0.4483568E-05   -0.8837821E-05   -0.1270065E-05   -0.1752784E-03   -0.4752004E-03   -0.1711309E-02   -0.3454465E-03   -0.1099182E-03   -0.1539916E-01   -0.1143059E-02   -0.2652602E-02    0.5932126E-01    0.5524755E-01    0.4243169E-01    0.4961645E-01    0.4145077E-02   -0.1093303E+00   -0.1236085E+00   -0.9718443E-01   -0.6874074E-01   -0.5560698E-04   -0.1139094E-03   -0.1225197E-03   -0.1860159E-03   -0.1782851E-03   -0.1651526E-03    0.1974064E-02    0.7771163E-02    0.4442508E-02    0.1991455E-01    0.1798720E-01    0.1304336E-01    0.1276251E-06   -0.3844120E-05
   -0.5946667E-05   -0.8316044E-05   -0.1143359E-05   -0.1846042E-03   -0.6855335E-03   -0.2079955E-02   -0.3674561E-03   -0.1293497E-03   -0.2730086E-01    0.9942426E-02   -0.2146808E-02    0.4692773E-01    0.4147674E-01    0.2763350E-01    0.8013239E-01    0.1827641E-02   -0.1083466E+00   -0.1265166E+00   -0.1099324E+00   -0.7039750E-01   -0.4362188E-04   -0.1128158E-03   -0.2045654E-03   -0.1763161E-03   -0.2465618E-03   -0.3183000E-03    0.2079260E-02    0.7386279E-02    0.1111582E-01    0.1798720E-01    0.2787143E-01    0.3967469E-01   -0.2430916E-06   -0.3499262E-05
   -0.8969235E-05   -0.5965643E-05   -0.1093219E-05   -0.2023373E-03   -0.1199116E-02   -0.2667907E-02   -0.4069522E-03   -0.1582546E-03   -0.8449899E-01    0.1350955E-01    0.6041750E-02    0.6338921E-02    0.4554247E-01    0.5036061E-01    0.1718002E+00    0.1240918E-04   -0.1621441E+00   -0.1377408E+00   -0.9084233E-01   -0.5378690E-02   -0.5768000E-04   -0.1373489E-03   -0.4166427E-03   -0.1984838E-03   -0.4406602E-03   -0.4820553E-03    0.2093055E-02    0.6453419E-02    0.2112602E-01    0.1304336E-01    0.3967469E-01    0.9986309E-01    0.2949355E-05   -0.4450716E-05
   -0.4016607E-07   -0.2166548E-06    0.6726446E-08    0.9703169E-07    0.1257286E-05   -0.8874894E-05   -0.1324102E-05   -0.1109152E-06    0.1703948E-03    0.8086050E-04   -0.1651503E-03   -0.6518742E-03   -0.1874516E-03   -0.7268924E-03   -0.7333937E-03   -0.3184974E-04   -0.1267236E-01    0.3577825E-02    0.3246948E-02    0.3141067E-02    0.3972435E-06    0.4479789E-06    0.6109972E-06    0.2205788E-06    0.1695127E-06    0.4747774E-06    0.2513185E-05    0.6878031E-05    0.6099549E-05    0.1276251E-06   -0.2430916E-06    0.2949355E-05    0.2289291E-05    0.2408508E-07
   -0.8151547E-08   -0.1695443E-06    0.1596790E-07    0.6780454E-06   -0.3211511E-05   -0.1072406E-04    0.1020750E-05   -0.1146292E-06   -0.3054025E-02   -0.1729056E-03    0.1504786E-03   -0.2947681E-02   -0.6639509E-03    0.1935551E-02    0.5731526E-02    0.1994372E-03   -0.3623607E-03   -0.2821519E-04   -0.4868657E-02   -0.9150580E-02   -0.1297106E-06   -0.7484605E-07    0.4164898E-08   -0.4539396E-07    0.6138466E-07    0.2257702E-06   -0.9733843E-06   -0.1594697E-05   -0.1021110E-05   -0.3844120E-05   -0.3499262E-05   -0.4450716E-05    0.2408508E-07    0.1267949E-05
