# omegabh2 omegach2 theta tau mnu nnu logA ns calPlanck aps100 aps143 aps217 acib217 asz143 psr xi aksz dust100 dust143 dust217 dust143x217 cal0 cal2 bm_1_1
    0.8936986E-07   -0.1522642E-06    0.5434367E-07    0.2881701E-05   -0.1698379E-04    0.2350392E-04    0.5623886E-05    0.2210605E-05    0.2886989E-07   -0.8570411E-03   -0.6016491E-03   -0.5560392E-06   -0.2080862E-03    0.4077489E-04   -0.9478255E-06    0.9126594E-06   -0.5363989E-04    0.2690571E-06    0.5730454E-06    0.2095493E-05   -0.1758283E-06   -0.6859392E-09   -0.9697122E-08   -0.1000165E-05
   -0.1522642E-06    0.8286457E-05   -0.7869006E-06   -0.1243075E-04    0.9584497E-04    0.2470057E-03   -0.6826634E-05   -0.3100490E-05   -0.1880801E-06    0.9150036E-02    0.5928997E-02   -0.1123614E-02    0.2638646E-02   -0.3349466E-03    0.1134793E-04   -0.2306601E-04    0.7306300E-03    0.7711055E-05   -0.3854970E-05   -0.1518212E-04    0.1733961E-04   -0.3981253E-07    0.3454884E-06   -0.1192857E-04
    0.5434367E-07   -0.7869006E-06    0.2581834E-06    0.1878955E-05   -0.2862091E-04   -0.1655569E-04    0.2308938E-05    0.1146112E-05    0.1689404E-07   -0.1213192E-02   -0.7867883E-03    0.1737947E-03   -0.3768440E-03    0.3291631E-04   -0.1673108E-05    0.2712453E-05   -0.8650186E-04    0.2677732E-06   -0.9997883E-07    0.2881356E-05   -0.2700894E-05   -0.2122217E-08   -0.3567539E-07    0.4129043E-05
    0.2881701E-05   -0.1243075E-04    0.1878955E-05    0.4635443E-03    0.3530698E-03    0.8739267E-03    0.8921872E-03    0.1103126E-03   -0.3557099E-06   -0.6532557E-01   -0.2989024E-01    0.1242667E-01   -0.1496988E-01    0.3316998E-02    0.5333762E-04    0.2045151E-03   -0.5805675E-02   -0.2615440E-04    0.1314079E-04    0.8105037E-04   -0.4998814E-04   -0.3569609E-06   -0.2042603E-05   -0.1252050E-03
   -0.1698379E-04    0.9584497E-04   -0.2862091E-04    0.3530698E-03    0.2721541E-01   -0.4977417E-03    0.7836837E-03   -0.3607408E-03   -0.4177007E-06    0.3079352E+00    0.1994848E+00   -0.6183010E-01    0.1025908E+00   -0.7475535E-02    0.4451884E-03   -0.9139679E-03    0.2693695E-01    0.4248691E-03   -0.1413726E-03   -0.7475402E-03    0.8403865E-03   -0.3957239E-06    0.8264966E-05    0.6016548E-03
    0.2350392E-04    0.2470057E-03   -0.1655569E-04    0.8739267E-03   -0.4977417E-03    0.2469747E-01    0.2301534E-02    0.1092175E-02    0.2602366E-05    0.4165402E+00    0.1730771E+00   -0.1530343E+00    0.1374734E+00   -0.1257625E-01   -0.5717090E-04   -0.1189702E-02    0.4040854E-01    0.6867424E-03    0.3167371E-03   -0.8717919E-03    0.7228914E-03   -0.3615532E-06    0.1890830E-04    0.1667955E-02
    0.5623886E-05   -0.6826634E-05    0.2308938E-05    0.8921872E-03    0.7836837E-03    0.2301534E-02    0.1782791E-02    0.2133957E-03    0.1111873E-04   -0.1040700E+00   -0.4558037E-01    0.2816151E-01   -0.2468327E-01    0.6044351E-02    0.1477659E-03    0.3960453E-03   -0.1093499E-01   -0.4571933E-04   -0.5175718E-04    0.1665033E-03   -0.7352398E-04   -0.2720786E-06   -0.3392338E-05   -0.2928363E-03
    0.2210605E-05   -0.3100490E-05    0.1146112E-05    0.1103126E-03   -0.3607408E-03    0.1092175E-02    0.2133957E-03    0.9497305E-04    0.7039295E-06   -0.2052680E-01   -0.1057360E-01    0.2955083E-02   -0.4273981E-02    0.7974720E-03    0.5542210E-05    0.4546877E-04   -0.1519282E-02    0.5252571E-04    0.3458169E-04    0.3471011E-04   -0.2321501E-04   -0.3669006E-06   -0.2077598E-06    0.1405309E-03
    0.2886989E-07   -0.1880801E-06    0.1689404E-07   -0.3557099E-06   -0.4177007E-06    0.2602366E-05    0.1111873E-04    0.7039295E-06    0.6134402E-05    0.3422830E-02    0.5064207E-03    0.8321923E-03    0.7015666E-03    0.1493669E-04   -0.1075873E-05   -0.7565204E-07    0.6626591E-05    0.3333128E-05   -0.4458152E-05    0.8817924E-05   -0.3234765E-05    0.1673554E-07   -0.2299125E-07   -0.4375263E-05
   -0.8570411E-03    0.9150036E-02   -0.1213192E-02   -0.6532557E-01    0.3079352E+00    0.4165402E+00   -0.1040700E+00   -0.2052680E-01    0.3422830E-02    0.5106103E+03    0.7361010E+02   -0.6359405E+02    0.4056237E+02   -0.1969113E+02   -0.6254907E+00   -0.5777748E-01    0.8257799E+01   -0.8006257E-01    0.4924568E-01   -0.1164840E+00   -0.1063988E+00    0.6169870E-02    0.8247968E-02    0.1556529E+01
   -0.6016491E-03    0.5928997E-02   -0.7867883E-03   -0.2989024E-01    0.1994848E+00    0.1730771E+00   -0.4558037E-01   -0.1057360E-01    0.5064207E-03    0.7361010E+02    0.6041183E+02    0.8703072E+01    0.8267423E+01   -0.2272443E+01    0.2097281E+00    0.6486045E+00   -0.5210375E+01   -0.2454519E-02   -0.1608280E+00   -0.7423337E-01    0.1590221E+00    0.4544375E-03   -0.2823119E-03    0.6592033E-01
   -0.5560392E-06   -0.1123614E-02    0.1737947E-03    0.1242667E-01   -0.6183010E-01   -0.1530343E+00    0.2816151E-01    0.2955083E-02    0.8321923E-03   -0.6359405E+02    0.8703072E+01    0.1711529E+03   -0.7991915E+02    0.4078086E+01    0.4095618E+00    0.4118380E+00   -0.8436709E+01    0.1364358E-01   -0.4464626E-01    0.6430755E+00   -0.7002012E-01    0.1174526E-02   -0.1130851E-01    0.9522133E-01
   -0.2080862E-03    0.2638646E-02   -0.3768440E-03   -0.1496988E-01    0.1025908E+00    0.1374734E+00   -0.2468327E-01   -0.4273981E-02    0.7015666E-03    0.4056237E+02    0.8267423E+01   -0.7991915E+02    0.4807369E+02    0.2349535E+00   -0.5522982E-01   -0.3344300E+00   -0.1057760E+01    0.6089743E-02    0.3626056E-01   -0.4929219E+00   -0.2233230E-01   -0.2520547E-03    0.5177242E-02   -0.1882137E-01
    0.4077489E-04   -0.3349466E-03    0.3291631E-04    0.3316998E-02   -0.7475535E-02   -0.1257625E-01    0.6044351E-02    0.7974720E-03    0.1493669E-04   -0.1969113E+02   -0.2272443E+01    0.4078086E+01    0.2349535E+00    0.3187852E+01    0.1103962E+00   -0.8732461E-01   -0.2595368E+01   -0.7746647E-03   -0.1776039E-01   -0.3948603E-01    0.4904431E-01    0.3782565E-03   -0.9211558E-03   -0.1227715E-01
   -0.9478255E-06    0.1134793E-04   -0.1673108E-05    0.5333762E-04    0.4451884E-03   -0.5717090E-04    0.1477659E-03    0.5542210E-05   -0.1075873E-05   -0.6254907E+00    0.2097281E+00    0.4095618E+00   -0.5522982E-01    0.1103962E+00    0.9829146E-02    0.1218128E-01   -0.1328603E+00    0.1483058E-03   -0.2650267E-03   -0.1386115E-02    0.2551165E-03    0.1712508E-04   -0.3233648E-04   -0.2256030E-03
    0.9126594E-06   -0.2306601E-04    0.2712453E-05    0.2045151E-03   -0.9139679E-03   -0.1189702E-02    0.3960453E-03    0.4546877E-04   -0.7565204E-07   -0.5777748E-01    0.6486045E+00    0.4118380E+00   -0.3344300E+00   -0.8732461E-01    0.1218128E-01    0.7965788E-01    0.8375644E-01    0.4455465E-03   -0.2540243E-03    0.4582007E-03    0.3200387E-03    0.1024376E-04   -0.2752501E-04   -0.6157313E-03
   -0.5363989E-04    0.7306300E-03   -0.8650186E-04   -0.5805675E-02    0.2693695E-01    0.4040854E-01   -0.1093499E-01   -0.1519282E-02    0.6626591E-05    0.8257799E+01   -0.5210375E+01   -0.8436709E+01   -0.1057760E+01   -0.2595368E+01   -0.1328603E+00    0.8375644E-01    0.6494585E+01   -0.5786216E-02    0.1243643E-01    0.3669408E-01   -0.4752177E-01   -0.3078178E-03    0.6290031E-03   -0.3303239E-02
    0.2690571E-06    0.7711055E-05    0.2677732E-06   -0.2615440E-04    0.4248691E-03    0.6867424E-03   -0.4571933E-04    0.5252571E-04    0.3333128E-05   -0.8006257E-01   -0.2454519E-02    0.1364358E-01    0.6089743E-02   -0.7746647E-03    0.1483058E-03    0.4455465E-03   -0.5786216E-02    0.3846616E-01    0.3369641E-02   -0.2388709E-03    0.4468914E-03    0.4382879E-04   -0.3442629E-05   -0.6465682E-03
    0.5730454E-06   -0.3854970E-05   -0.9997883E-07    0.1314079E-04   -0.1413726E-03    0.3167371E-03   -0.5175718E-04    0.3458169E-04   -0.4458152E-05    0.4924568E-01   -0.1608280E+00   -0.4464626E-01    0.3626056E-01   -0.1776039E-01   -0.2650267E-03   -0.2540243E-03    0.1243643E-01    0.3369641E-02    0.3314716E-01   -0.2796727E-02    0.3011074E-02   -0.5758782E-04   -0.6263915E-04    0.1430279E-02
    0.2095493E-05   -0.1518212E-04    0.2881356E-05    0.8105037E-04   -0.7475402E-03   -0.8717919E-03    0.1665033E-03    0.3471011E-04    0.8817924E-05   -0.1164840E+00   -0.7423337E-01    0.6430755E+00   -0.4929219E+00   -0.3948603E-01   -0.1386115E-02    0.4582007E-03    0.3669408E-01   -0.2388709E-03   -0.2796727E-02    0.1347362E-01    0.1140412E-01    0.3572272E-06    0.6273422E-04    0.4440369E-03
   -0.1758283E-06    0.1733961E-04   -0.2700894E-05   -0.4998814E-04    0.8403865E-03    0.7228914E-03   -0.7352398E-04   -0.2321501E-04   -0.3234765E-05   -0.1063988E+00    0.1590221E+00   -0.7002012E-01   -0.2233230E-01    0.4904431E-01    0.2551165E-03    0.3200387E-03   -0.4752177E-01    0.4468914E-03    0.3011074E-02    0.1140412E-01    0.3148650E-01    0.5516882E-05    0.8858934E-04    0.2040722E-03
   -0.6859392E-09   -0.3981253E-07   -0.2122217E-08   -0.3569609E-06   -0.3957239E-06   -0.3615532E-06   -0.2720786E-06   -0.3669006E-06    0.1673554E-07    0.6169870E-02    0.4544375E-03    0.1174526E-02   -0.2520547E-03    0.3782565E-03    0.1712508E-04    0.1024376E-04   -0.3078178E-03    0.4382879E-04   -0.5758782E-04    0.3572272E-06    0.5516882E-05    0.9298481E-06   -0.4509995E-07   -0.7806698E-04
   -0.9697122E-08    0.3454884E-06   -0.3567539E-07   -0.2042603E-05    0.8264966E-05    0.1890830E-04   -0.3392338E-05   -0.2077598E-06   -0.2299125E-07    0.8247968E-02   -0.2823119E-03   -0.1130851E-01    0.5177242E-02   -0.9211558E-03   -0.3233648E-04   -0.2752501E-04    0.6290031E-03   -0.3442629E-05   -0.6263915E-04    0.6273422E-04    0.8858934E-04   -0.4509995E-07    0.3102398E-05    0.7493900E-06
   -0.1000165E-05   -0.1192857E-04    0.4129043E-05   -0.1252050E-03    0.6016548E-03    0.1667955E-02   -0.2928363E-03    0.1405309E-03   -0.4375263E-05    0.1556529E+01    0.6592033E-01    0.9522133E-01   -0.1882137E-01   -0.1227715E-01   -0.2256030E-03   -0.6157313E-03   -0.3303239E-02   -0.6465682E-03    0.1430279E-02    0.4440369E-03    0.2040722E-03   -0.7806698E-04    0.7493900E-06    0.9853199E+00
