# omegabh2 omegach2 theta tau w logA ns alpha_JLA beta_JLA acib217 acibsz143 asz143 aps100 aps143 aps143217 aps217 aksz kgal100 t1gal143 t1gal143217 t1gal217 calib_100T calib_217T
    0.5190204E-07   -0.1286667E-06    0.3645097E-07    0.1007472E-05    0.2989361E-05    0.1769903E-05    0.5210849E-06    0.4845578E-07   -0.7386571E-06   -0.3579506E-03   -0.1605226E-03    0.1024965E-04   -0.9900658E-03   -0.3600345E-03    0.4627733E-04    0.1118243E-03   -0.7762743E-04    0.6497993E-03    0.4545924E-03    0.4076271E-03    0.3680183E-03   -0.1858941E-07    0.1992015E-07
   -0.1286667E-06    0.2255493E-05   -0.1432317E-06   -0.1113584E-04   -0.3981450E-04   -0.1780473E-04   -0.5552175E-05    0.1706222E-06    0.5738576E-06    0.1024384E-02    0.2212460E-03    0.3057869E-04   -0.1145440E-02   -0.3260315E-03   -0.9099284E-03   -0.1552216E-02    0.2478902E-03    0.3725379E-02    0.3524881E-02    0.3850289E-02    0.3955867E-02   -0.7227249E-07   -0.1042565E-06
    0.3645097E-07   -0.1432317E-06    0.1921660E-06    0.1709112E-05    0.4828258E-05    0.3362287E-05    0.6914665E-06    0.9397344E-07   -0.1429271E-05   -0.2236604E-03   -0.9585509E-04   -0.2825325E-04   -0.3854363E-04    0.4633210E-04    0.1716916E-03    0.1331172E-03   -0.1697759E-04   -0.8855380E-04   -0.1998823E-03   -0.2813124E-03   -0.3375855E-03   -0.1072226E-07    0.3228150E-07
    0.1007472E-05   -0.1113584E-04    0.1709112E-05    0.1566075E-03    0.2356012E-03    0.2847990E-03    0.3610520E-04   -0.7424786E-06   -0.3573437E-04   -0.1160277E-01   -0.3376205E-02   -0.8330384E-03   -0.2601844E-01   -0.7648836E-02    0.6118362E-03    0.6237264E-02   -0.8485939E-03   -0.4008009E-02    0.5165774E-02   -0.1670274E-02   -0.5658308E-02    0.1589838E-05    0.1536554E-05
    0.2989361E-05   -0.3981450E-04    0.4828258E-05    0.2356012E-03    0.1830297E-02    0.4053810E-03    0.1028995E-03   -0.1413986E-04   -0.2432901E-03   -0.3378977E-01   -0.1016945E-01   -0.2126585E-02    0.2144185E-01    0.2683308E-01    0.4159459E-01    0.5437384E-01   -0.7568071E-02   -0.6695166E-01   -0.8059436E-01   -0.8897329E-01   -0.9320815E-01   -0.4517420E-06    0.3191229E-05
    0.1769903E-05   -0.1780473E-04    0.3362287E-05    0.2847990E-03    0.4053810E-03    0.5372418E-03    0.5877451E-04   -0.6587951E-06   -0.7171231E-04   -0.1945905E-01   -0.6046072E-02   -0.2521040E-02   -0.2645044E-01    0.1092127E-02    0.1274555E-01    0.2129848E-01   -0.2062211E-02   -0.2554411E-01   -0.3593983E-01   -0.4938820E-01   -0.5705848E-01    0.1902882E-06    0.2654889E-05
    0.5210849E-06   -0.5552175E-05    0.6914665E-06    0.3610520E-04    0.1028995E-03    0.5877451E-04    0.2835064E-04   -0.9640434E-06   -0.1492026E-04   -0.1271071E-01   -0.5410698E-02   -0.1502715E-02   -0.9879250E-02    0.5130668E-02    0.1379762E-01    0.1521848E-01   -0.3045725E-02   -0.7035872E-02   -0.6690359E-02   -0.8467022E-02   -0.8411690E-02    0.6538670E-06    0.6838201E-06
    0.4845578E-07    0.1706222E-06    0.9397344E-07   -0.7424786E-06   -0.1413986E-04   -0.6587951E-06   -0.9640434E-06    0.4537342E-04   -0.4387370E-04   -0.1106711E-02   -0.2874964E-03   -0.1580903E-03    0.4161206E-02    0.2130716E-03    0.3739465E-03    0.6451576E-03   -0.2518977E-03    0.2432539E-02    0.3081902E-02    0.3492522E-02    0.3983819E-02   -0.1191321E-06    0.1597325E-07
   -0.7386571E-06    0.5738576E-06   -0.1429271E-05   -0.3573437E-04   -0.2432901E-03   -0.7171231E-04   -0.1492026E-04   -0.4387370E-04    0.6085281E-02    0.5080781E-01    0.2214028E-01    0.4690884E-02    0.4317853E-01    0.6089549E-02   -0.3652895E-01   -0.4412640E-01   -0.3189863E-02   -0.4167022E-01   -0.4505456E-01   -0.4127714E-01   -0.4238066E-01    0.1412949E-05   -0.1130646E-05
   -0.3579506E-03    0.1024384E-02   -0.2236604E-03   -0.1160277E-01   -0.3378977E-01   -0.1945905E-01   -0.1271071E-01   -0.1106711E-02    0.5080781E-01    0.6677408E+02    0.2530164E+02    0.4253511E+00    0.2297997E+02   -0.1671707E+02   -0.6336402E+02   -0.7893682E+02   -0.3216653E+01   -0.1768729E+02   -0.2659779E+02   -0.3120795E+02   -0.3409289E+02    0.2214885E-03   -0.3611965E-02
   -0.1605226E-03    0.2212460E-03   -0.9585509E-04   -0.3376205E-02   -0.1016945E-01   -0.6046072E-02   -0.5410698E-02   -0.2874964E-03    0.2214028E-01    0.2530164E+02    0.1810630E+02    0.1868788E+01   -0.6490973E+01   -0.1987429E+02   -0.4223626E+02   -0.2505030E+02   -0.1347722E+01   -0.1100806E+02   -0.1591347E+02   -0.2263923E+02   -0.2350654E+02    0.5071456E-04   -0.3432623E-03
    0.1024965E-04    0.3057869E-04   -0.2825325E-04   -0.8330384E-03   -0.2126585E-02   -0.2521040E-02   -0.1502715E-02   -0.1580903E-03    0.4690884E-02    0.4253511E+00    0.1868788E+01    0.5089594E+01   -0.3546722E+02   -0.1498821E+02   -0.4569876E+01   -0.6596261E+00   -0.4656463E-01   -0.9579169E+00   -0.2674768E+00    0.3048237E+01    0.3407271E+01   -0.2147471E-03    0.1839216E-03
   -0.9900658E-03   -0.1145440E-02   -0.3854363E-04   -0.2601844E-01    0.2144185E-01   -0.2645044E-01   -0.9879250E-02    0.4161206E-02    0.4317853E-01    0.2297997E+02   -0.6490973E+01   -0.3546722E+02    0.7686096E+03    0.1811592E+03    0.7515254E+02    0.2744367E+02   -0.1474280E+02   -0.1002081E+03   -0.7879879E+02   -0.8255809E+02   -0.7505600E+02   -0.3215769E-02   -0.4234280E-02
   -0.3600345E-03   -0.3260315E-03    0.4633210E-04   -0.7648836E-02    0.2683308E-01    0.1092127E-02    0.5130668E-02    0.2130716E-03    0.6089549E-02   -0.1671707E+02   -0.1987429E+02   -0.1498821E+02    0.1811592E+03    0.1243573E+03    0.9686638E+02    0.5849055E+02   -0.1168413E+02   -0.2762308E+02   -0.5085050E+02   -0.4435104E+02   -0.4082306E+02   -0.1719214E-02   -0.9315484E-03
    0.4627733E-04   -0.9099284E-03    0.1716916E-03    0.6118362E-03    0.4159459E-01    0.1274555E-01    0.1379762E-01    0.3739465E-03   -0.3652895E-01   -0.6336402E+02   -0.4223626E+02   -0.4569876E+01    0.7515254E+02    0.9686638E+02    0.1483125E+03    0.1098061E+03   -0.8096135E+01   -0.8791994E+01   -0.2296889E+02   -0.1283383E+02   -0.1381459E+02   -0.2329741E-02    0.2137484E-02
    0.1118243E-03   -0.1552216E-02    0.1331172E-03    0.6237264E-02    0.5437384E-01    0.2129848E-01    0.1521848E-01    0.6451576E-03   -0.4412640E-01   -0.7893682E+02   -0.2505030E+02   -0.6596261E+00    0.2744367E+02    0.5849055E+02    0.1098061E+03    0.1448915E+03   -0.7452060E+01   -0.1391855E+02   -0.2861945E+02   -0.3464752E+02   -0.3859437E+02   -0.2319769E-02    0.6184059E-02
   -0.7762743E-04    0.2478902E-03   -0.1697759E-04   -0.8485939E-03   -0.7568071E-02   -0.2062211E-02   -0.3045725E-02   -0.2518977E-03   -0.3189863E-02   -0.3216653E+01   -0.1347722E+01   -0.4656463E-01   -0.1474280E+02   -0.1168413E+02   -0.8096135E+01   -0.7452060E+01    0.7881535E+01   -0.7760479E+00   -0.3222079E+01   -0.3947278E+01   -0.4286104E+01   -0.2208369E-03    0.2340116E-03
    0.6497993E-03    0.3725379E-02   -0.8855380E-04   -0.4008009E-02   -0.6695166E-01   -0.2554411E-01   -0.7035872E-02    0.2432539E-02   -0.4167022E-01   -0.1768729E+02   -0.1100806E+02   -0.9579169E+00   -0.1002081E+03   -0.2762308E+02   -0.8791994E+01   -0.1391855E+02   -0.7760479E+00    0.2322260E+03    0.1529834E+03    0.1532902E+03    0.1516865E+03   -0.1279266E-01    0.5376323E-03
    0.4545924E-03    0.3524881E-02   -0.1998823E-03    0.5165774E-02   -0.8059436E-01   -0.3593983E-01   -0.6690359E-02    0.3081902E-02   -0.4505456E-01   -0.2659779E+02   -0.1591347E+02   -0.2674768E+00   -0.7879879E+02   -0.5085050E+02   -0.2296889E+02   -0.2861945E+02   -0.3222079E+01    0.1529834E+03    0.2863425E+03    0.2903479E+03    0.2875538E+03    0.1051862E-01    0.1163130E-02
    0.4076271E-03    0.3850289E-02   -0.2813124E-03   -0.1670274E-02   -0.8897329E-01   -0.4938820E-01   -0.8467022E-02    0.3492522E-02   -0.4127714E-01   -0.3120795E+02   -0.2263923E+02    0.3048237E+01   -0.8255809E+02   -0.4435104E+02   -0.1283383E+02   -0.3464752E+02   -0.3947278E+01    0.1532902E+03    0.2903479E+03    0.3331838E+03    0.3563562E+03    0.1003987E-01   -0.4189346E-02
    0.3680183E-03    0.3955867E-02   -0.3375855E-03   -0.5658308E-02   -0.9320815E-01   -0.5705848E-01   -0.8411690E-02    0.3983819E-02   -0.4238066E-01   -0.3409289E+02   -0.2350654E+02    0.3407271E+01   -0.7505600E+02   -0.4082306E+02   -0.1381459E+02   -0.3859437E+02   -0.4286104E+01    0.1516865E+03    0.2875538E+03    0.3563562E+03    0.4055288E+03    0.9621359E-02   -0.9110473E-02
   -0.1858941E-07   -0.7227249E-07   -0.1072226E-07    0.1589838E-05   -0.4517420E-06    0.1902882E-06    0.6538670E-06   -0.1191321E-06    0.1412949E-05    0.2214885E-03    0.5071456E-04   -0.2147471E-03   -0.3215769E-02   -0.1719214E-02   -0.2329741E-02   -0.2319769E-02   -0.2208369E-03   -0.1279266E-01    0.1051862E-01    0.1003987E-01    0.9621359E-02    0.3166624E-05    0.6124564E-07
    0.1992015E-07   -0.1042565E-06    0.3228150E-07    0.1536554E-05    0.3191229E-05    0.2654889E-05    0.6838201E-06    0.1597325E-07   -0.1130646E-05   -0.3611965E-02   -0.3432623E-03    0.1839216E-03   -0.4234280E-02   -0.9315484E-03    0.2137484E-02    0.6184059E-02    0.2340116E-03    0.5376323E-03    0.1163130E-02   -0.4189346E-02   -0.9110473E-02    0.6124564E-07    0.1455752E-05
