# omegabh2 omegach2 theta tau yhe ns logA aps100 aps143 aps217 acib143 acib217 asz143 psr cibr cal0 cal2 xi aksz bm_1_1
    0.14475E-06   -0.60897E-06    0.31500E-06    0.22683E-05    0.59153E-05    0.39230E-05    0.48084E-05   -0.48004E-03   -0.20856E-03   -0.40699E-03    0.16055E-03    0.34143E-03    0.29463E-04    0.62255E-07    0.81117E-05    0.11186E-08    0.13869E-07   -0.21856E-05    0.61134E-04   -0.36329E-05
   -0.60897E-06    0.78132E-05   -0.13901E-05   -0.14356E-04   -0.16491E-04   -0.23717E-04   -0.14423E-04    0.47272E-02    0.27725E-02    0.38994E-02   -0.50335E-03   -0.15040E-02   -0.13514E-03    0.81531E-06   -0.37320E-04   -0.38041E-07   -0.79293E-07    0.24874E-04   -0.34638E-03    0.15963E-03
    0.31500E-06   -0.13901E-05    0.12528E-05    0.56871E-05    0.21183E-04    0.12003E-04    0.14045E-04    0.38520E-03    0.55432E-03   -0.10421E-02    0.92028E-03    0.18694E-02    0.13064E-03   -0.47973E-07    0.42059E-04    0.31102E-08    0.34971E-07   -0.86826E-05    0.29622E-03    0.67487E-04
    0.22683E-05   -0.14356E-04    0.56871E-05    0.23663E-03    0.10600E-03    0.89372E-04    0.46729E-03    0.14776E-02    0.10380E-01    0.11046E-01   -0.17861E-02   -0.35805E-02   -0.24989E-03    0.66328E-05   -0.14696E-03   -0.76969E-07    0.16576E-06   -0.44428E-06   -0.32977E-04   -0.40312E-03
    0.59153E-05   -0.16491E-04    0.21183E-04    0.10600E-03    0.53010E-03    0.24790E-03    0.31493E-03    0.31056E-01    0.28947E-01   -0.10108E-01    0.25082E-01    0.45699E-01    0.27583E-02    0.65400E-05    0.96217E-03   -0.11025E-06    0.73279E-06   -0.14143E-03    0.64999E-02    0.20831E-02
    0.39230E-05   -0.23717E-04    0.12003E-04    0.89372E-04    0.24790E-03    0.17255E-03    0.18784E-03   -0.34238E-02    0.18910E-01    0.64443E-02    0.39478E-02    0.86398E-02    0.41234E-03    0.39527E-05    0.17900E-03   -0.66023E-07    0.53791E-06    0.77106E-05    0.17445E-02    0.12402E-03
    0.48084E-05   -0.14423E-04    0.14045E-04    0.46729E-03    0.31493E-03    0.18784E-03    0.99184E-03    0.39006E-01    0.46962E-01    0.43766E-01   -0.84188E-03   -0.56783E-02   -0.87089E-03    0.21079E-04   -0.32991E-03   -0.25138E-06    0.48361E-06    0.76904E-04   -0.50128E-04    0.50764E-03
   -0.48004E-03    0.47272E-02    0.38520E-03    0.14776E-02    0.31056E-01   -0.34238E-02    0.39006E-01    0.26539E+04    0.23572E+03    0.15625E+03    0.79422E+02   -0.46556E+02   -0.28101E+02    0.75706E-01   -0.49227E+01    0.54986E-03    0.44116E-02    0.24874E+01   -0.62503E+01    0.11995E+02
   -0.20856E-03    0.27725E-02    0.55432E-03    0.10380E-01    0.28947E-01    0.18910E-01    0.46962E-01    0.23572E+03    0.19378E+03    0.15693E+03   -0.35119E+02   -0.59934E+02   -0.66207E+01    0.42829E-01   -0.16579E+01   -0.16502E-04   -0.45074E-03    0.58737E+00   -0.57922E+01    0.14715E+00
   -0.40699E-03    0.38994E-02   -0.10421E-02    0.11046E-01   -0.10108E-01    0.64443E-02    0.43766E-01    0.15625E+03    0.15693E+03    0.26186E+03   -0.38204E+02   -0.11037E+03   -0.61945E+01    0.56063E-01   -0.24653E+01   -0.76057E-04   -0.57335E-02    0.57638E+00   -0.62251E+01    0.31998E+00
    0.16055E-03   -0.50335E-03    0.92028E-03   -0.17861E-02    0.25082E-01    0.39478E-02   -0.84188E-03    0.79422E+02   -0.35119E+02   -0.38204E+02    0.30440E+02    0.23721E+02   -0.22570E+00   -0.70510E-02    0.20881E+00   -0.61141E-04    0.97742E-04    0.16598E+00   -0.10815E+00   -0.44475E+00
    0.34143E-03   -0.15040E-02    0.18694E-02   -0.35805E-02    0.45699E-01    0.86398E-02   -0.56783E-02   -0.46556E+02   -0.59934E+02   -0.11037E+03    0.23721E+02    0.61426E+02    0.34826E+01   -0.24157E-01    0.13493E+01    0.98647E-05    0.30145E-02   -0.30017E+00    0.28725E+00    0.17479E+00
    0.29463E-04   -0.13514E-03    0.13064E-03   -0.24989E-03    0.27583E-02    0.41234E-03   -0.87089E-03   -0.28101E+02   -0.66207E+01   -0.61945E+01   -0.22570E+00    0.34826E+01    0.77000E+00   -0.22167E-02    0.15943E+00    0.13879E-04   -0.11321E-03   -0.63093E-01    0.37397E-01    0.98592E-01
    0.62255E-07    0.81531E-06   -0.47973E-07    0.66328E-05    0.65400E-05    0.39527E-05    0.21079E-04    0.75706E-01    0.42829E-01    0.56063E-01   -0.70510E-02   -0.24157E-01   -0.22167E-02    0.16965E-03   -0.66741E-03   -0.35488E-07   -0.67946E-06    0.27521E-03   -0.10564E-02    0.82659E-04
    0.81117E-05   -0.37320E-04    0.42059E-04   -0.14696E-03    0.96217E-03    0.17900E-03   -0.32991E-03   -0.49227E+01   -0.16579E+01   -0.24653E+01    0.20881E+00    0.13493E+01    0.15943E+00   -0.66741E-03    0.49294E-01    0.40752E-05    0.35853E-04   -0.11194E-01    0.75610E-02    0.20314E-01
    0.11186E-08   -0.38041E-07    0.31102E-08   -0.76969E-07   -0.11025E-06   -0.66023E-07   -0.25138E-06    0.54986E-03   -0.16502E-04   -0.76057E-04   -0.61141E-04    0.98647E-05    0.13879E-04   -0.35488E-07    0.40752E-05    0.14713E-06   -0.33865E-08   -0.22556E-05    0.19106E-04   -0.32905E-04
    0.13869E-07   -0.79293E-07    0.34971E-07    0.16576E-06    0.73279E-06    0.53791E-06    0.48361E-06    0.44116E-02   -0.45074E-03   -0.57335E-02    0.97742E-04    0.30145E-02   -0.11321E-03   -0.67946E-06    0.35853E-04   -0.33865E-08    0.10089E-05    0.22405E-05    0.31538E-04    0.11293E-04
   -0.21856E-05    0.24874E-04   -0.86826E-05   -0.44428E-06   -0.14143E-03    0.77106E-05    0.76904E-04    0.24874E+01    0.58737E+00    0.57638E+00    0.16598E+00   -0.30017E+00   -0.63093E-01    0.27521E-03   -0.11194E-01   -0.22556E-05    0.22405E-05    0.24707E-01   -0.50522E-02   -0.50123E-02
    0.61134E-04   -0.34638E-03    0.29622E-03   -0.32977E-04    0.64999E-02    0.17445E-02   -0.50128E-04   -0.62503E+01   -0.57922E+01   -0.62251E+01   -0.10815E+00    0.28725E+00    0.37397E-01   -0.10564E-02    0.75610E-02    0.19106E-04    0.31538E-04   -0.50522E-02    0.20108E+01   -0.10581E-03
   -0.36329E-05    0.15963E-03    0.67487E-04   -0.40312E-03    0.20831E-02    0.12402E-03    0.50764E-03    0.11995E+02    0.14715E+00    0.31998E+00   -0.44475E+00    0.17479E+00    0.98592E-01    0.82659E-04    0.20314E-01   -0.32905E-04    0.11293E-04   -0.50123E-02   -0.10581E-03    0.61389E+00
