# omegabh2 omegach2 theta tau logA ns nrun acib217 acibsz143 asz143 aps100 aps143 aps143217 aps217 aksz kgal100 t1gal143 t1gal143217 t1gal217 calib_100T calib_217T
    0.5802574E-07   -0.5417960E-07    0.2929685E-07    0.8789864E-06    0.1806941E-05    0.1234289E-06   -0.7533860E-06   -0.1164343E-03   -0.6442788E-04    0.3545456E-06   -0.7557046E-03   -0.3887341E-03   -0.1768189E-03   -0.1697347E-03   -0.1789947E-04    0.1026510E-02    0.8228206E-03    0.7329176E-03    0.6610141E-03   -0.3579066E-07    0.1421910E-07
   -0.5417960E-07    0.1472685E-05   -0.4091381E-07   -0.5297881E-05   -0.8099185E-05   -0.3290224E-05   -0.1817118E-06    0.5108195E-03    0.1534991E-03    0.9272741E-05   -0.1608285E-02   -0.9098739E-03   -0.1264142E-02   -0.1469039E-02    0.1643085E-03    0.3943344E-02    0.4638442E-02    0.4480226E-02    0.4397027E-02    0.7043817E-09   -0.1657575E-07
    0.2929685E-07   -0.4091381E-07    0.1724561E-06    0.1149949E-05    0.2599464E-05    0.3475500E-06   -0.4469114E-06   -0.9707619E-04   -0.7285822E-04   -0.1091741E-04   -0.3389870E-04    0.1558553E-03    0.2408047E-03    0.1336609E-03    0.7493258E-06    0.1513134E-03   -0.3761000E-03   -0.2466620E-03   -0.1480851E-03   -0.6216426E-07   -0.1694447E-07
    0.8789864E-06   -0.5297881E-05    0.1149949E-05    0.1250142E-03    0.2376421E-03    0.1463253E-04   -0.2175882E-04   -0.3017945E-02   -0.1786340E-02    0.1264571E-03   -0.1321330E-01   -0.1027986E-01   -0.4522386E-02   -0.4457677E-02    0.1051100E-02    0.6071966E-02    0.1991733E-01    0.2237317E-01    0.2392823E-01    0.1420223E-05   -0.3350385E-06
    0.1806941E-05   -0.8099185E-05    0.2599464E-05    0.2376421E-03    0.4736924E-03    0.2011923E-04   -0.5444079E-04   -0.1788851E-02   -0.2501682E-02   -0.2510968E-03   -0.1995672E-03   -0.4569444E-02    0.2393346E-02   -0.5692494E-03    0.1588563E-02   -0.1163730E-01   -0.7697581E-02   -0.1581055E-02    0.2665508E-02    0.4463552E-06   -0.1243802E-05
    0.1234289E-06   -0.3290224E-05    0.3475500E-06    0.1463253E-04    0.2011923E-04    0.2439190E-04    0.1241645E-04   -0.1378560E-01   -0.6999263E-02   -0.1620613E-02   -0.9863107E-02    0.8717891E-02    0.1962783E-01    0.1919019E-01   -0.3959892E-02   -0.7926277E-02   -0.1477384E-01   -0.1518940E-01   -0.1434645E-01   -0.1174995E-06    0.3901374E-06
   -0.7533860E-06   -0.1817118E-06   -0.4469114E-06   -0.2175882E-04   -0.5444079E-04    0.1241645E-04    0.5458206E-04   -0.1312609E-01   -0.6972186E-02   -0.1312402E-02   -0.9616554E-02    0.7572233E-02    0.1792541E-01    0.1615898E-01   -0.4319678E-02   -0.7552620E-02   -0.1265365E-01   -0.1204346E-01   -0.1055334E-01    0.1598880E-06    0.7801819E-07
   -0.1164343E-03    0.5108195E-03   -0.9707619E-04   -0.3017945E-02   -0.1788851E-02   -0.1378560E-01   -0.1312609E-01    0.7365094E+02    0.2853187E+02    0.6914875E+00    0.2679475E+02   -0.1971520E+02   -0.7206779E+02   -0.8976249E+02   -0.1770824E+01   -0.9830373E+01   -0.2397902E+02   -0.2902795E+02   -0.3285332E+02   -0.2031662E-03   -0.3667171E-02
   -0.6442788E-04    0.1534991E-03   -0.7285822E-04   -0.1786340E-02   -0.2501682E-02   -0.6999263E-02   -0.6972186E-02    0.2853187E+02    0.2055754E+02    0.2433306E+01   -0.8685742E+01   -0.2394199E+02   -0.4843359E+02   -0.2950993E+02   -0.9397648E+00   -0.5759584E+01   -0.1228235E+02   -0.1973810E+02   -0.2137685E+02   -0.1613164E-03   -0.2601985E-03
    0.3545456E-06    0.9272741E-05   -0.1091741E-04    0.1264571E-03   -0.2510968E-03   -0.1620613E-02   -0.1312402E-02    0.6914875E+00    0.2433306E+01    0.4861865E+01   -0.3401488E+02   -0.1487220E+02   -0.5154565E+01   -0.1263654E+00   -0.6687254E-01   -0.2090605E+01   -0.7357916E+00    0.1828448E+01    0.1978744E+01   -0.1103130E-03    0.2535527E-03
   -0.7557046E-03   -0.1608285E-02   -0.3389870E-04   -0.1321330E-01   -0.1995672E-03   -0.9863107E-02   -0.9616554E-02    0.2679475E+02   -0.8685742E+01   -0.3401488E+02    0.7207712E+03    0.1785644E+03    0.7435407E+02    0.1297386E+02   -0.8723874E+01   -0.9054038E+02   -0.8851756E+02   -0.8826000E+02   -0.7857363E+02   -0.4260421E-02   -0.5606920E-02
   -0.3887341E-03   -0.9098739E-03    0.1558553E-03   -0.1027986E-01   -0.4569444E-02    0.8717891E-02    0.7572233E-02   -0.1971520E+02   -0.2394199E+02   -0.1487220E+02    0.1785644E+03    0.1275859E+03    0.1049603E+03    0.5905231E+02   -0.1117304E+02   -0.3767754E+02   -0.6201262E+02   -0.5174731E+02   -0.4596972E+02   -0.1544625E-02   -0.1511839E-02
   -0.1768189E-03   -0.1264142E-02    0.2408047E-03   -0.4522386E-02    0.2393346E-02    0.1962783E-01    0.1792541E-01   -0.7206779E+02   -0.4843359E+02   -0.5154565E+01    0.7435407E+02    0.1049603E+03    0.1666224E+03    0.1237168E+03   -0.1003567E+02   -0.3073899E+02   -0.3999570E+02   -0.2688927E+02   -0.2442453E+02   -0.1561201E-02    0.1583103E-02
   -0.1697347E-03   -0.1469039E-02    0.1336609E-03   -0.4457677E-02   -0.5692494E-03    0.1919019E-01    0.1615898E-01   -0.8976249E+02   -0.2950993E+02   -0.1263654E+00    0.1297386E+02    0.5905231E+02    0.1237168E+03    0.1629153E+03   -0.9854255E+01   -0.3036802E+02   -0.3812944E+02   -0.4363606E+02   -0.4614806E+02   -0.1613865E-02    0.6286786E-02
   -0.1789947E-04    0.1643085E-03    0.7493258E-06    0.1051100E-02    0.1588563E-02   -0.3959892E-02   -0.4319678E-02   -0.1770824E+01   -0.9397648E+00   -0.6687254E-01   -0.8723874E+01   -0.1117304E+02   -0.1003567E+02   -0.9854255E+01    0.8519444E+01   -0.1837382E+01   -0.5793641E+00   -0.9447158E+00   -0.1480413E+01    0.1067167E-03    0.1690713E-03
    0.1026510E-02    0.3943344E-02    0.1513134E-03    0.6071966E-02   -0.1163730E-01   -0.7926277E-02   -0.7552620E-02   -0.9830373E+01   -0.5759584E+01   -0.2090605E+01   -0.9054038E+02   -0.3767754E+02   -0.3073899E+02   -0.3036802E+02   -0.1837382E+01    0.2583183E+03    0.1843377E+03    0.1803109E+03    0.1761013E+03   -0.1287384E-01    0.8848894E-03
    0.8228206E-03    0.4638442E-02   -0.3761000E-03    0.1991733E-01   -0.7697581E-02   -0.1477384E-01   -0.1265365E-01   -0.2397902E+02   -0.1228235E+02   -0.7357916E+00   -0.8851756E+02   -0.6201262E+02   -0.3999570E+02   -0.3812944E+02   -0.5793641E+00    0.1843377E+03    0.3195936E+03    0.3173108E+03    0.3113230E+03    0.9792443E-02    0.2216991E-02
    0.7329176E-03    0.4480226E-02   -0.2466620E-03    0.2237317E-01   -0.1581055E-02   -0.1518940E-01   -0.1204346E-01   -0.2902795E+02   -0.1973810E+02    0.1828448E+01   -0.8826000E+02   -0.5174731E+02   -0.2688927E+02   -0.4363606E+02   -0.9447158E+00    0.1803109E+03    0.3173108E+03    0.3534247E+03    0.3734249E+03    0.9447686E-02   -0.3140094E-02
    0.6610141E-03    0.4397027E-02   -0.1480851E-03    0.2392823E-01    0.2665508E-02   -0.1434645E-01   -0.1055334E-01   -0.3285332E+02   -0.2137685E+02    0.1978744E+01   -0.7857363E+02   -0.4596972E+02   -0.2442453E+02   -0.4614806E+02   -0.1480413E+01    0.1761013E+03    0.3113230E+03    0.3734249E+03    0.4199644E+03    0.9123019E-02   -0.8164683E-02
   -0.3579066E-07    0.7043817E-09   -0.6216426E-07    0.1420223E-05    0.4463552E-06   -0.1174995E-06    0.1598880E-06   -0.2031662E-03   -0.1613164E-03   -0.1103130E-03   -0.4260421E-02   -0.1544625E-02   -0.1561201E-02   -0.1613865E-02    0.1067167E-03   -0.1287384E-01    0.9792443E-02    0.9447686E-02    0.9123019E-02    0.3038963E-05    0.8654912E-07
    0.1421910E-07   -0.1657575E-07   -0.1694447E-07   -0.3350385E-06   -0.1243802E-05    0.3901374E-06    0.7801819E-07   -0.3667171E-02   -0.2601985E-03    0.2535527E-03   -0.5606920E-02   -0.1511839E-02    0.1583103E-02    0.6286786E-02    0.1690713E-03    0.8848894E-03    0.2216991E-02   -0.3140094E-02   -0.8164683E-02    0.8654912E-07    0.1474622E-05
