# omegabh2 omegach2 theta tau mnu logA ns calPlanck calTE
    0.7324006E-07   -0.1996686E-06    0.5112807E-07    0.1529911E-05   -0.4926108E-04    0.4086843E-05    0.2271557E-05    0.6919321E-08    0.2220406E-06
   -0.1996686E-06    0.4001884E-05   -0.3324445E-06   -0.7731786E-05    0.6743295E-04   -0.7530724E-05   -0.1019921E-04   -0.1199568E-06   -0.1398008E-05
    0.5112807E-07   -0.3324445E-06    0.2626178E-06    0.7105142E-06   -0.6895088E-04    0.1857576E-05    0.2295342E-05    0.1710217E-07    0.1893239E-06
    0.1529911E-05   -0.7731786E-05    0.7105142E-06    0.4413917E-03   -0.2854484E-03    0.9171645E-03    0.9188201E-04    0.1163792E-05   -0.4762538E-06
   -0.4926108E-04    0.6743295E-04   -0.6895088E-04   -0.2854484E-03    0.1607171E+00   -0.2362698E-02   -0.2844165E-02    0.1621495E-04   -0.1181821E-03
    0.4086843E-05   -0.7530724E-05    0.1857576E-05    0.9171645E-03   -0.2362698E-02    0.2132390E-02    0.2384396E-03    0.1503418E-04    0.1034085E-03
    0.2271557E-05   -0.1019921E-04    0.2295342E-05    0.9188201E-04   -0.2844165E-02    0.2384396E-03    0.1565304E-03    0.5358332E-06    0.1774664E-04
    0.6919321E-08   -0.1199568E-06    0.1710217E-07    0.1163792E-05    0.1621495E-04    0.1503418E-04    0.5358332E-06    0.6162178E-05    0.7112902E-07
    0.2220406E-06   -0.1398008E-05    0.1893239E-06   -0.4762538E-06   -0.1181821E-03    0.1034085E-03    0.1774664E-04    0.7112902E-07    0.9927303E-04
