# omegabh2 omegach2 theta tau nnu logA ns calPlanck acib217 xi asz143 aps100 aps143 aps143217 aps217 aksz kgal100 kgal143 kgal143217 kgal217 galfEE100 galfEE100143 galfEE100217 galfEE143 galfEE143217 galfEE217 galfTE100 galfTE100143 galfTE100217 galfTE143 galfTE143217 galfTE217 cal0 cal2
    0.3700533E-07    0.3383700E-06   -0.3368999E-07    0.1082665E-05    0.2534792E-04    0.3116679E-05    0.1060513E-05    0.1029636E-07    0.3443990E-04   -0.8760197E-06   -0.1568314E-05    0.1545960E-03    0.4246088E-04    0.2398894E-04   -0.3789346E-05    0.7001127E-05    0.8183096E-05   -0.5668942E-05   -0.6353122E-05   -0.1258232E-05    0.8320875E-07    0.4162985E-07    0.1326356E-07    0.3679492E-07    0.8953818E-07    0.2178565E-06   -0.4125948E-06   -0.2184511E-06   -0.1073841E-05   -0.3539388E-07   -0.7257724E-06   -0.6563012E-06    0.3878920E-08    0.6715157E-08
    0.3383700E-06    0.9813180E-05   -0.1044406E-05    0.4388154E-05    0.5508719E-03    0.3382213E-04    0.1654185E-04    0.2004745E-06    0.2953555E-02   -0.5217451E-04   -0.5014396E-03    0.1039553E-01    0.5598982E-02    0.1439843E-02   -0.1133512E-02    0.1065697E-02    0.1222037E-03    0.1151291E-03    0.5070402E-03    0.1231643E-03    0.3571222E-06    0.1032388E-06    0.2282658E-06    0.2425963E-06   -0.1313442E-05   -0.2779598E-05    0.5672156E-05    0.1187424E-05   -0.5477846E-05   -0.1656783E-05   -0.5281640E-05    0.1589057E-04   -0.9394577E-07    0.3689895E-06
   -0.3368999E-07   -0.1044406E-05    0.1952678E-06   -0.6183388E-06   -0.6162977E-04   -0.3764388E-05   -0.1828896E-05    0.7730058E-08   -0.3006824E-03    0.4681041E-05    0.5507264E-04   -0.1265869E-02   -0.6267381E-03   -0.1726850E-03    0.1158181E-03   -0.1361612E-03   -0.5222801E-05   -0.1017672E-04   -0.7300351E-04   -0.4657834E-04   -0.4870416E-07   -0.4623260E-07   -0.1622967E-07   -0.2281415E-07   -0.7176339E-08    0.3007941E-07   -0.6271203E-06   -0.1473468E-06    0.4699931E-07    0.2787842E-06    0.6297399E-06   -0.1506858E-05    0.1061218E-07   -0.4454301E-07
    0.1082665E-05    0.4388154E-05   -0.6183388E-06    0.2753078E-03    0.6098563E-03    0.5611559E-03    0.4184671E-04   -0.5996867E-06   -0.8486814E-02    0.1356772E-03    0.7741268E-03   -0.1780159E-01   -0.8950979E-02    0.7326892E-03    0.9258684E-02   -0.2282230E-02   -0.4100595E-03   -0.8747082E-03   -0.2762589E-02   -0.8847047E-03    0.3170104E-05    0.1460715E-05    0.3721759E-05    0.1047030E-05    0.5424221E-05   -0.1006005E-04   -0.5872260E-04   -0.1802197E-04   -0.8878784E-04    0.8023962E-07    0.9257268E-06    0.7445082E-05    0.1417660E-06   -0.1089004E-05
    0.2534792E-04    0.5508719E-03   -0.6162977E-04    0.6098563E-03    0.3479536E-01    0.2629219E-02    0.1208014E-02    0.1092366E-04    0.1778644E+00   -0.3468646E-02   -0.2973964E-01    0.6347862E+00    0.3061127E+00    0.5931340E-01   -0.8455766E-01    0.6450456E-01    0.1031615E-01    0.6387460E-02    0.2480726E-01    0.9078364E-03    0.5824481E-04    0.2509638E-04    0.7657829E-05    0.2743884E-04   -0.5500118E-04   -0.3581091E-04    0.5766104E-04   -0.3746475E-04   -0.4387181E-03   -0.7140452E-04   -0.4150414E-03    0.7957425E-03   -0.4654846E-05    0.2173884E-04
    0.3116679E-05    0.3382213E-04   -0.3764388E-05    0.5611559E-03    0.2629219E-02    0.1236134E-02    0.1246985E-03    0.1186714E-04   -0.9833041E-02    0.1948951E-03    0.3978964E-03   -0.6255004E-02   -0.2133300E-02    0.8582034E-02    0.2200788E-01   -0.2706953E-02   -0.7015558E-03   -0.1936281E-02   -0.5116781E-02   -0.6400640E-03    0.9267745E-05    0.3276137E-05    0.7207545E-05    0.3460902E-05    0.6816708E-05   -0.2128915E-04   -0.1008533E-03   -0.3092034E-04   -0.1921296E-03   -0.3612490E-05   -0.1276280E-04    0.4900050E-04    0.2838676E-06   -0.1452422E-05
    0.1060513E-05    0.1654185E-04   -0.1828896E-05    0.4184671E-04    0.1208014E-02    0.1246985E-03    0.5861252E-04    0.4192151E-06    0.6671327E-03   -0.1069627E-05    0.4415209E-05   -0.2803273E-02    0.4512629E-02    0.5054521E-02    0.4365036E-02   -0.4423473E-03    0.5370087E-03   -0.1109497E-03    0.9627022E-04    0.6536409E-03    0.5607357E-05    0.2418874E-05   -0.4457332E-06    0.2434819E-05   -0.4939425E-06    0.5795768E-05   -0.9467496E-05   -0.6123067E-05   -0.8800408E-05   -0.3607454E-05   -0.1676565E-04    0.3536303E-04   -0.3194446E-06    0.2658672E-06
    0.1029636E-07    0.2004745E-06    0.7730058E-08   -0.5996867E-06    0.1092366E-04    0.1186714E-04    0.4192151E-06    0.6211808E-05    0.6092206E-03   -0.2243398E-05    0.4406748E-04    0.2619299E-02    0.5855099E-03    0.5530077E-03    0.1578367E-02   -0.1604234E-04   -0.1693434E-04    0.2314375E-04   -0.1306710E-03    0.4843255E-03    0.1559421E-05    0.2483891E-06   -0.4340568E-06    0.5350463E-06   -0.6895822E-07    0.2713126E-05    0.1707228E-05    0.1603964E-05    0.2674373E-05    0.3514021E-06    0.1506237E-06    0.2477156E-05   -0.4743760E-08   -0.8436796E-07
    0.3443990E-04    0.2953555E-02   -0.3006824E-03   -0.8486814E-02    0.1778644E+00   -0.9833041E-02    0.6671327E-03    0.6092206E-03    0.4945029E+02   -0.5108560E+00   -0.1642779E+01    0.4718536E+02    0.1924253E+01   -0.2111629E+02   -0.6699100E+02    0.6209242E+00   -0.1984639E+00    0.3189333E+00   -0.3040374E+01   -0.2479726E+02    0.2871359E-03   -0.1429301E-03   -0.3762718E-03   -0.1573519E-03   -0.2095248E-02   -0.6369075E-02    0.5189629E-02    0.4395993E-03    0.1537066E-02    0.1838713E-03   -0.3765233E-02    0.1329907E-01   -0.1410481E-03    0.4496891E-02
   -0.8760197E-06   -0.5217451E-04    0.4681041E-05    0.1356772E-03   -0.3468646E-02    0.1948951E-03   -0.1069627E-05   -0.2243398E-05   -0.5108560E+00    0.8146952E-01   -0.4755988E-01   -0.6982578E+00    0.9314263E+00    0.1821270E+01    0.7959932E+00    0.3864200E-01   -0.1419461E-01    0.1820411E-02    0.1008484E+00    0.9951869E-01   -0.2844925E-04   -0.1452363E-04    0.8026901E-04   -0.2759629E-05   -0.1776918E-03    0.3390180E-03   -0.2774843E-03   -0.4696253E-04   -0.7053740E-05   -0.7779304E-04    0.2116427E-03   -0.1922050E-03    0.1038008E-04   -0.2560827E-04
   -0.1568314E-05   -0.5014396E-03    0.5507264E-04    0.7741268E-03   -0.2973964E-01    0.3978964E-03    0.4415209E-05    0.4406748E-04   -0.1642779E+01   -0.4755988E-01    0.3662668E+01   -0.2863848E+02   -0.3492618E+01    0.7941689E+01    0.6686134E+01   -0.2602591E+01   -0.1539887E+00    0.3512228E-01    0.2271876E+01    0.1739267E+01    0.3010522E-03    0.5212185E-04    0.5007270E-04    0.1541694E-03    0.8917359E-03    0.3251501E-03   -0.2092425E-02   -0.7230626E-03    0.2690440E-03   -0.2591654E-03    0.1609130E-02   -0.5119140E-02    0.2175599E-03   -0.3892205E-03
    0.1545960E-03    0.1039553E-01   -0.1265869E-02   -0.1780159E-01    0.6347862E+00   -0.6255004E-02   -0.2803273E-02    0.2619299E-02    0.4718536E+02   -0.6982578E+00   -0.2863848E+02    0.7265582E+03    0.6666553E+02   -0.6157462E+02   -0.7561944E+02    0.1403500E+02    0.1615991E+00    0.5848157E+00   -0.1160365E+02   -0.1827832E+02   -0.8419739E-02   -0.2848652E-04    0.2623204E-02    0.3566638E-03    0.1388701E-02   -0.2326364E-01    0.6541785E-01    0.7933153E-02    0.6576548E-02    0.1432007E-01   -0.1024656E-01    0.2682109E-01    0.4275083E-02    0.4905202E-02
    0.4246088E-04    0.5598982E-02   -0.6267381E-03   -0.8950979E-02    0.3061127E+00   -0.2133300E-02    0.4512629E-02    0.5855099E-03    0.1924253E+01    0.9314263E+00   -0.3492618E+01    0.6666553E+02    0.5910211E+02    0.4174058E+02    0.1584167E+02   -0.4268635E+01   -0.1870672E+00   -0.7899483E+00    0.4361773E+01    0.3924563E+01   -0.2644167E-02   -0.1816062E-03    0.6873673E-03    0.2873761E-03   -0.3189109E-02    0.1113906E-02   -0.1576988E-02    0.2141520E-03   -0.5869972E-02   -0.3099784E-02   -0.9913015E-04    0.8985768E-02    0.1077947E-03    0.2902208E-03
    0.2398894E-04    0.1439843E-02   -0.1726850E-03    0.7326892E-03    0.5931340E-01    0.8582034E-02    0.5054521E-02    0.5530077E-03   -0.2111629E+02    0.1821270E+01    0.7941689E+01   -0.6157462E+02    0.4174058E+02    0.9369801E+02    0.6599791E+02   -0.1198439E+02   -0.4947037E+00   -0.4019723E+00    0.4987520E+01    0.5641515E+01   -0.9702321E-03    0.1910433E-04    0.1262234E-02    0.5310134E-03   -0.2910771E-02    0.1352888E-01   -0.1293241E-01   -0.4489016E-02   -0.5471678E-02   -0.3597936E-02    0.1136049E-01   -0.1513329E-01    0.8470705E-03   -0.2547930E-02
   -0.3789346E-05   -0.1133512E-02    0.1158181E-03    0.9258684E-02   -0.8455766E-01    0.2200788E-01    0.4365036E-02    0.1578367E-02   -0.6699100E+02    0.7959932E+00    0.6686134E+01   -0.7561944E+02    0.1584167E+02    0.6599791E+02    0.1265706E+03   -0.1037479E+02    0.1191083E+00   -0.5381845E+00    0.9270469E+00    0.2202292E+02   -0.1100601E-02    0.4004072E-03   -0.2043930E-03    0.7533892E-03    0.2639905E-02    0.1208017E-01   -0.1513932E-01   -0.4781057E-02   -0.1915856E-01   -0.2247048E-03    0.1223323E-01   -0.1652571E-01    0.5837981E-03   -0.7668051E-02
    0.7001127E-05    0.1065697E-02   -0.1361612E-03   -0.2282230E-02    0.6450456E-01   -0.2706953E-02   -0.4423473E-03   -0.1604234E-04    0.6209242E+00    0.3864200E-01   -0.2602591E+01    0.1403500E+02   -0.4268635E+01   -0.1198439E+02   -0.1037479E+02    0.6009350E+01    0.9254688E-01    0.1832952E-01   -0.1770926E+01   -0.1228307E+01    0.3208198E-03   -0.1687996E-03    0.2629936E-03   -0.3555021E-03   -0.1455448E-02   -0.4480755E-03    0.4353792E-02    0.2545722E-02    0.2429393E-02    0.9433454E-03   -0.1716179E-02    0.2928642E-02   -0.1229405E-03    0.1896291E-03
    0.8183096E-05    0.1222037E-03   -0.5222801E-05   -0.4100595E-03    0.1031615E-01   -0.7015558E-03    0.5370087E-03   -0.1693434E-04   -0.1984639E+00   -0.1419461E-01   -0.1539887E+00    0.1615991E+00   -0.1870672E+00   -0.4947037E+00    0.1191083E+00    0.9254688E-01    0.3121042E+01    0.7330954E+00    0.3133705E+00    0.5344747E+00    0.3300825E-03    0.4403428E-04   -0.1296071E-03    0.1444360E-04   -0.2400486E-03    0.1166078E-02   -0.5172095E-02   -0.5358963E-03   -0.1099418E-02   -0.6156383E-03   -0.8419065E-04    0.1458941E-02    0.4493082E-03    0.3639610E-05
   -0.5668942E-05    0.1151291E-03   -0.1017672E-04   -0.8747082E-03    0.6387460E-02   -0.1936281E-02   -0.1109497E-03    0.2314375E-04    0.3189333E+00    0.1820411E-02    0.3512228E-01    0.5848157E+00   -0.7899483E+00   -0.4019723E+00   -0.5381845E+00    0.1832952E-01    0.7330954E+00    0.3087307E+01    0.2314463E+01    0.1289368E+01    0.3708598E-03   -0.8996530E-04    0.1497871E-03   -0.2278449E-03    0.1265324E-03    0.3653835E-03    0.4047684E-02   -0.8725211E-03   -0.2275182E-02   -0.1207132E-02   -0.1394102E-02   -0.3524817E-03   -0.4163882E-03   -0.2020341E-03
   -0.6353122E-05    0.5070402E-03   -0.7300351E-04   -0.2762589E-02    0.2480726E-01   -0.5116781E-02    0.9627022E-04   -0.1306710E-03   -0.3040374E+01    0.1008484E+00    0.2271876E+01   -0.1160365E+02    0.4361773E+01    0.4987520E+01    0.9270469E+00   -0.1770926E+01    0.3133705E+00    0.2314463E+01    0.1720904E+02    0.2630771E+02   -0.8743709E-04    0.2141223E-04   -0.5123546E-03    0.6317574E-04    0.2009929E-02   -0.6250005E-03    0.5850274E-02    0.2195591E-02    0.1010335E-01   -0.4465808E-02    0.2924359E-02   -0.1914998E-03   -0.8448080E-04    0.2368135E-02
   -0.1258232E-05    0.1231643E-03   -0.4657834E-04   -0.8847047E-03    0.9078364E-03   -0.6400640E-03    0.6536409E-03    0.4843255E-03   -0.2479726E+02    0.9951869E-01    0.1739267E+01   -0.1827832E+02    0.3924563E+01    0.5641515E+01    0.2202292E+02   -0.1228307E+01    0.5344747E+00    0.1289368E+01    0.2630771E+02    0.6032503E+02   -0.3427176E-03    0.5434530E-03   -0.1397822E-02    0.4919373E-03    0.3530761E-02    0.2257323E-02    0.8435717E-02    0.6713581E-02    0.2950803E-01   -0.3776595E-02    0.8100036E-02   -0.3514397E-02   -0.1281753E-03    0.4242512E-02
    0.8320875E-07    0.3571222E-06   -0.4870416E-07    0.3170104E-05    0.5824481E-04    0.9267745E-05    0.5607357E-05    0.1559421E-05    0.2871359E-03   -0.2844925E-04    0.3010522E-03   -0.8419739E-02   -0.2644167E-02   -0.9702321E-03   -0.1100601E-02    0.3208198E-03    0.3300825E-03    0.3708598E-03   -0.8743709E-04   -0.3427176E-03    0.1228629E-03    0.1038885E-04   -0.1203164E-05    0.4243916E-05    0.3427426E-05    0.1037249E-04   -0.1713815E-05    0.5396969E-05   -0.3580030E-04   -0.4036404E-05   -0.1641834E-04   -0.5427692E-04   -0.1138945E-06   -0.2431593E-06
    0.4162985E-07    0.1032388E-06   -0.4623260E-07    0.1460715E-05    0.2509638E-04    0.3276137E-05    0.2418874E-05    0.2483891E-06   -0.1429301E-03   -0.1452363E-04    0.5212185E-04   -0.2848652E-04   -0.1816062E-03    0.1910433E-04    0.4004072E-03   -0.1687996E-03    0.4403428E-04   -0.8996530E-04    0.2141223E-04    0.5434530E-03    0.1038885E-04    0.1386630E-04    0.1107088E-05    0.6373727E-05    0.1163615E-05    0.4941668E-06   -0.2434914E-05    0.2866434E-06    0.1969516E-05   -0.1111914E-06    0.2786870E-06    0.1321777E-06   -0.3404234E-07    0.9000148E-07
    0.1326356E-07    0.2282658E-06   -0.1622967E-07    0.3721759E-05    0.7657829E-05    0.7207545E-05   -0.4457332E-06   -0.4340568E-06   -0.3762718E-03    0.8026901E-04    0.5007270E-04    0.2623204E-02    0.6873673E-03    0.1262234E-02   -0.2043930E-03    0.2629936E-03   -0.1296071E-03    0.1497871E-03   -0.5123546E-03   -0.1397822E-02   -0.1203164E-05    0.1107088E-05    0.2273858E-03    0.4820573E-06   -0.3607263E-05   -0.1535197E-04   -0.8718931E-06    0.1963751E-05   -0.8044277E-05   -0.4222392E-05    0.1391850E-04    0.2376971E-05   -0.1316983E-06   -0.4392261E-06
    0.3679492E-07    0.2425963E-06   -0.2281415E-07    0.1047030E-05    0.2743884E-04    0.3460902E-05    0.2434819E-05    0.5350463E-06   -0.1573519E-03   -0.2759629E-05    0.1541694E-03    0.3566638E-03    0.2873761E-03    0.5310134E-03    0.7533892E-03   -0.3555021E-03    0.1444360E-04   -0.2278449E-03    0.6317574E-04    0.4919373E-03    0.4243916E-05    0.6373727E-05    0.4820573E-06    0.3051099E-04   -0.5987499E-06   -0.4298800E-05    0.4680696E-05    0.2580698E-05    0.2106460E-04   -0.1961168E-05    0.3879045E-05    0.4270961E-05    0.4591818E-07    0.7382022E-07
    0.8953818E-07   -0.1313442E-05   -0.7176339E-08    0.5424221E-05   -0.5500118E-04    0.6816708E-05   -0.4939425E-06   -0.6895822E-07   -0.2095248E-02   -0.1776918E-03    0.8917359E-03    0.1388701E-02   -0.3189109E-02   -0.2910771E-02    0.2639905E-02   -0.1455448E-02   -0.2400486E-03    0.1265324E-03    0.2009929E-02    0.3530761E-02    0.3427426E-05    0.1163615E-05   -0.3607263E-05   -0.5987499E-06    0.3879597E-03   -0.7940110E-05   -0.6098953E-05   -0.7967091E-05   -0.3321583E-04   -0.4991740E-05    0.1151574E-04    0.1720501E-04    0.6403383E-07   -0.1820698E-06
    0.2178565E-06   -0.2779598E-05    0.3007941E-07   -0.1006005E-04   -0.3581091E-04   -0.2128915E-04    0.5795768E-05    0.2713126E-05   -0.6369075E-02    0.3390180E-03    0.3251501E-03   -0.2326364E-01    0.1113906E-02    0.1352888E-01    0.1208017E-01   -0.4480755E-03    0.1166078E-02    0.3653835E-03   -0.6250005E-03    0.2257323E-02    0.1037249E-04    0.4941668E-06   -0.1535197E-04   -0.4298800E-05   -0.7940110E-05    0.3532385E-02    0.9417892E-06    0.1473890E-04    0.1258138E-03    0.3911559E-04   -0.1784563E-05    0.1240818E-04   -0.1090094E-06    0.6022929E-06
   -0.4125948E-06    0.5672156E-05   -0.6271203E-06   -0.5872260E-04    0.5766104E-04   -0.1008533E-03   -0.9467496E-05    0.1707228E-05    0.5189629E-02   -0.2774843E-03   -0.2092425E-02    0.6541785E-01   -0.1576988E-02   -0.1293241E-01   -0.1513932E-01    0.4353792E-02   -0.5172095E-02    0.4047684E-02    0.5850274E-02    0.8435717E-02   -0.1713815E-05   -0.2434914E-05   -0.8718931E-06    0.4680696E-05   -0.6098953E-05    0.9417892E-06    0.5640205E-02    0.1767370E-02    0.1729926E-02   -0.6712452E-03   -0.4626828E-04   -0.2135068E-04    0.1654918E-05    0.8883219E-06
   -0.2184511E-06    0.1187424E-05   -0.1473468E-06   -0.1802197E-04   -0.3746475E-04   -0.3092034E-04   -0.6123067E-05    0.1603964E-05    0.4395993E-03   -0.4696253E-04   -0.7230626E-03    0.7933153E-02    0.2141520E-03   -0.4489016E-02   -0.4781057E-02    0.2545722E-02   -0.5358963E-03   -0.8725211E-03    0.2195591E-02    0.6713581E-02    0.5396969E-05    0.2866434E-06    0.1963751E-05    0.2580698E-05   -0.7967091E-05    0.1473890E-04    0.1767370E-02    0.1219836E-02    0.7148696E-03    0.2191978E-03    0.4717393E-04   -0.1667705E-03   -0.2246169E-06    0.7691618E-06
   -0.1073841E-05   -0.5477846E-05    0.4699931E-07   -0.8878784E-04   -0.4387181E-03   -0.1921296E-03   -0.8800408E-05    0.2674373E-05    0.1537066E-02   -0.7053740E-05    0.2690440E-03    0.6576548E-02   -0.5869972E-02   -0.5471678E-02   -0.1915856E-01    0.2429393E-02   -0.1099418E-02   -0.2275182E-02    0.1010335E-01    0.2950803E-01   -0.3580030E-04    0.1969516E-05   -0.8044277E-05    0.2106460E-04   -0.3321583E-04    0.1258138E-03    0.1729926E-02    0.7148696E-03    0.3300204E-01   -0.6346397E-03    0.1578905E-02    0.1033795E-01    0.1068056E-05    0.2911417E-05
   -0.3539388E-07   -0.1656783E-05    0.2787842E-06    0.8023962E-07   -0.7140452E-04   -0.3612490E-05   -0.3607454E-05    0.3514021E-06    0.1838713E-03   -0.7779304E-04   -0.2591654E-03    0.1432007E-01   -0.3099784E-02   -0.3597936E-02   -0.2247048E-03    0.9433454E-03   -0.6156383E-03   -0.1207132E-02   -0.4465808E-02   -0.3776595E-02   -0.4036404E-05   -0.1111914E-06   -0.4222392E-05   -0.1961168E-05   -0.4991740E-05    0.3911559E-04   -0.6712452E-03    0.2191978E-03   -0.6346397E-03    0.1386566E-02    0.1379114E-03   -0.2603564E-03   -0.6178821E-07   -0.7224392E-06
   -0.7257724E-06   -0.5281640E-05    0.6297399E-06    0.9257268E-06   -0.4150414E-03   -0.1276280E-04   -0.1676565E-04    0.1506237E-06   -0.3765233E-02    0.2116427E-03    0.1609130E-02   -0.1024656E-01   -0.9913015E-04    0.1136049E-01    0.1223323E-01   -0.1716179E-02   -0.8419065E-04   -0.1394102E-02    0.2924359E-02    0.8100036E-02   -0.1641834E-04    0.2786870E-06    0.1391850E-04    0.3879045E-05    0.1151574E-04   -0.1784563E-05   -0.4626828E-04    0.4717393E-04    0.1578905E-02    0.1379114E-03    0.5007764E-02    0.4095660E-02    0.1590199E-05    0.1944910E-05
   -0.6563012E-06    0.1589057E-04   -0.1506858E-05    0.7445082E-05    0.7957425E-03    0.4900050E-04    0.3536303E-04    0.2477156E-05    0.1329907E-01   -0.1922050E-03   -0.5119140E-02    0.2682109E-01    0.8985768E-02   -0.1513329E-01   -0.1652571E-01    0.2928642E-02    0.1458941E-02   -0.3524817E-03   -0.1914998E-03   -0.3514397E-02   -0.5427692E-04    0.1321777E-06    0.2376971E-05    0.4270961E-05    0.1720501E-04    0.1240818E-04   -0.2135068E-04   -0.1667705E-03    0.1033795E-01   -0.2603564E-03    0.4095660E-02    0.3531503E-01    0.1326068E-05    0.6797402E-06
    0.3878920E-08   -0.9394577E-07    0.1061218E-07    0.1417660E-06   -0.4654846E-05    0.2838676E-06   -0.3194446E-06   -0.4743760E-08   -0.1410481E-03    0.1038008E-04    0.2175599E-03    0.4275083E-02    0.1077947E-03    0.8470705E-03    0.5837981E-03   -0.1229405E-03    0.4493082E-03   -0.4163882E-03   -0.8448080E-04   -0.1281753E-03   -0.1138945E-06   -0.3404234E-07   -0.1316983E-06    0.4591818E-07    0.6403383E-07   -0.1090094E-06    0.1654918E-05   -0.2246169E-06    0.1068056E-05   -0.6178821E-07    0.1590199E-05    0.1326068E-05    0.5399726E-06    0.6892819E-08
    0.6715157E-08    0.3689895E-06   -0.4454301E-07   -0.1089004E-05    0.2173884E-04   -0.1452422E-05    0.2658672E-06   -0.8436796E-07    0.4496891E-02   -0.2560827E-04   -0.3892205E-03    0.4905202E-02    0.2902208E-03   -0.2547930E-02   -0.7668051E-02    0.1896291E-03    0.3639610E-05   -0.2020341E-03    0.2368135E-02    0.4242512E-02   -0.2431593E-06    0.9000148E-07   -0.4392261E-06    0.7382022E-07   -0.1820698E-06    0.6022929E-06    0.8883219E-06    0.7691618E-06    0.2911417E-05   -0.7224392E-06    0.1944910E-05    0.6797402E-06    0.6892819E-08    0.2056255E-05
