# omegabh2 omegach2 theta tau logA ns aps100 aps143 aps217 acib143 acib217 asz143 psr cibr ncib xi aksz cal0 cal2 bm_1_1
    0.5191793E-07   -0.2006597E-06    0.4469801E-07    0.1184343E-05    0.2017087E-05    0.6154448E-06   -0.2733847E-03   -0.3977992E-03    0.3229393E-03   -0.1003660E-03   -0.3374083E-03   -0.5150592E-05    0.2132986E-05   -0.5099031E-05   -0.3390313E-05    0.1281570E-05   -0.4874723E-04    0.1146629E-07   -0.1663068E-07   -0.5689125E-05
   -0.2006597E-06    0.3317287E-05   -0.3104742E-06   -0.1442177E-04   -0.2118248E-04   -0.7743468E-05    0.2296657E-02    0.6634594E-03   -0.8729050E-03    0.3021488E-03    0.9046103E-03    0.1656955E-03   -0.1273389E-04    0.2119314E-04    0.8262406E-05   -0.1227806E-04    0.3471597E-03   -0.7624767E-07   -0.4872174E-07    0.5919631E-04
    0.4469801E-07   -0.3104742E-06    0.2106319E-06    0.2277848E-05    0.4065268E-05    0.1036129E-05   -0.1163701E-03   -0.2129666E-03    0.2684878E-03   -0.3865352E-04   -0.2153792E-03   -0.2355596E-04    0.1834777E-05   -0.3371250E-05   -0.2792386E-05    0.1838464E-05   -0.5050265E-04    0.1714354E-08   -0.1620518E-07   -0.4722312E-05
    0.1184343E-05   -0.1442177E-04    0.2277848E-05    0.1580087E-03    0.2786023E-03    0.4340115E-04   -0.2603644E-01   -0.7210318E-02    0.2101701E-01   -0.4556458E-02   -0.1577749E-01   -0.7737298E-03    0.1031186E-03   -0.2486529E-03   -0.1752827E-03    0.1525569E-03   -0.1356633E-02    0.6633231E-08   -0.9996751E-06   -0.5866126E-03
    0.2017087E-05   -0.2118248E-04    0.4065268E-05    0.2786023E-03    0.5075840E-03    0.6801020E-04   -0.4598339E-01   -0.7198652E-02    0.4830082E-01   -0.1115484E-01   -0.3229159E-01   -0.2357804E-02    0.1960662E-03   -0.5539656E-03   -0.3163841E-03    0.2814111E-03   -0.3453553E-02    0.8057431E-07   -0.5248772E-06   -0.5037877E-03
    0.6154448E-06   -0.7743468E-05    0.1036129E-05    0.4340115E-04    0.6801020E-04    0.3257626E-04   -0.2839536E-01   -0.7782124E-03    0.1616081E-01   -0.5416961E-02   -0.9699835E-02   -0.1387108E-02    0.1091825E-03   -0.2201621E-03   -0.6163196E-04    0.9426603E-04   -0.3402294E-02   -0.7718134E-07    0.7328838E-06   -0.1909831E-05
   -0.2733847E-03    0.2296657E-02   -0.1163701E-03   -0.2603644E-01   -0.4598339E-01   -0.2839536E-01    0.2384533E+04    0.5855584E+02   -0.1221732E+03    0.7129166E+02    0.8043124E+02   -0.5384305E+02   -0.9594118E+00   -0.8847703E+00    0.5119303E+00    0.2900449E+00   -0.1507153E+02    0.3435011E-02    0.3868825E-02    0.1132327E+02
   -0.3977992E-03    0.6634594E-03   -0.2129666E-03   -0.7210318E-02   -0.7198652E-02   -0.7782124E-03    0.5855584E+02    0.1158779E+03    0.3722323E+02   -0.2093403E+02   -0.4763948E+01   -0.6344142E+01   -0.1156600E+00    0.3215564E-01    0.4788801E-01    0.1046589E+01   -0.1124191E+02    0.3097374E-03    0.1253447E-02    0.2608024E+00
    0.3229393E-03   -0.8729050E-03    0.2684878E-03    0.2101701E-01    0.4830082E-01    0.1616081E-01   -0.1221732E+03    0.3722323E+02    0.3222502E+03   -0.4010878E+02   -0.1526797E+03   -0.5925013E-01    0.2273719E+00   -0.1482287E+01   -0.1737637E+01    0.4729922E+00   -0.5258476E+01    0.2295295E-04   -0.4845871E-02    0.9741792E-01
   -0.1003660E-03    0.3021488E-03   -0.3865352E-04   -0.4556458E-02   -0.1115484E-01   -0.5416961E-02    0.7129166E+02   -0.2093403E+02   -0.4010878E+02    0.2514096E+02    0.2291083E+02   -0.1536597E+01   -0.2126312E-01    0.8564879E-01    0.2285932E+00    0.2208699E+00   -0.1725458E+01   -0.2324914E-03   -0.6390882E-03   -0.1940949E+00
   -0.3374083E-03    0.9046103E-03   -0.2153792E-03   -0.1577749E-01   -0.3229159E-01   -0.9699835E-02    0.8043124E+02   -0.4763948E+01   -0.1526797E+03    0.2291083E+02    0.8427457E+02    0.5354475E+00   -0.4071766E-01    0.7110078E+00    0.1076370E+01   -0.2637280E+00   -0.3798819E+01    0.2629998E-04    0.1841280E-02    0.9119517E-01
   -0.5150592E-05    0.1656955E-03   -0.2355596E-04   -0.7737298E-03   -0.2357804E-02   -0.1387108E-02   -0.5384305E+02   -0.6344142E+01   -0.5925013E-01   -0.1536597E+01    0.5354475E+00    0.6762996E+01    0.6339689E-01    0.2526747E+00   -0.5963146E-03   -0.6248864E-01   -0.1288633E+00    0.8031264E-04   -0.8199124E-03    0.9038442E-01
    0.2132986E-05   -0.1273389E-04    0.1834777E-05    0.1031186E-03    0.1960662E-03    0.1091825E-03   -0.9594118E+00   -0.1156600E+00    0.2273719E+00   -0.2126312E-01   -0.4071766E-01    0.6339689E-01    0.1709753E-01   -0.9752846E-02    0.3972763E-02    0.7440900E-02   -0.2666515E-01   -0.2489796E-06   -0.2074473E-04    0.2996071E-02
   -0.5099031E-05    0.2119314E-04   -0.3371250E-05   -0.2486529E-03   -0.5539656E-03   -0.2201621E-03   -0.8847703E+00    0.3215564E-01   -0.1482287E+01    0.8564879E-01    0.7110078E+00    0.2526747E+00   -0.9752846E-02    0.4619064E-01   -0.2219218E-03    0.4600951E-02   -0.2328356E-01    0.3106102E-05    0.4390211E-04   -0.8537636E-03
   -0.3390313E-05    0.8262406E-05   -0.2792386E-05   -0.1752827E-03   -0.3163841E-03   -0.6163196E-04    0.5119303E+00    0.4788801E-01   -0.1737637E+01    0.2285932E+00    0.1076370E+01   -0.5963146E-03    0.3972763E-02   -0.2219218E-03    0.2375420E-01   -0.2045396E-02   -0.4071074E-01    0.4422236E-05   -0.6945026E-04    0.6985725E-02
    0.1281570E-05   -0.1227806E-04    0.1838464E-05    0.1525569E-03    0.2814111E-03    0.9426603E-04    0.2900449E+00    0.1046589E+01    0.4729922E+00    0.2208699E+00   -0.2637280E+00   -0.6248864E-01    0.7440900E-02    0.4600951E-02   -0.2045396E-02    0.8088536E-01    0.6915297E-02   -0.2579776E-05   -0.9451981E-05   -0.1668014E-02
   -0.4874723E-04    0.3471597E-03   -0.5050265E-04   -0.1356633E-02   -0.3453553E-02   -0.3402294E-02   -0.1507153E+02   -0.1124191E+02   -0.5258476E+01   -0.1725458E+01   -0.3798819E+01   -0.1288633E+00   -0.2666515E-01   -0.2328356E-01   -0.4071074E-01    0.6915297E-02    0.7674404E+01    0.8738601E-04   -0.2326632E-03   -0.2927947E-01
    0.1146629E-07   -0.7624767E-07    0.1714354E-08    0.6633231E-08    0.8057431E-07   -0.7718134E-07    0.3435011E-02    0.3097374E-03    0.2295295E-04   -0.2324914E-03    0.2629998E-04    0.8031264E-04   -0.2489796E-06    0.3106102E-05    0.4422236E-05   -0.2579776E-05    0.8738601E-04    0.8423122E-06    0.1179737E-07   -0.9089721E-04
   -0.1663068E-07   -0.4872174E-07   -0.1620518E-07   -0.9996751E-06   -0.5248772E-06    0.7328838E-06    0.3868825E-02    0.1253447E-02   -0.4845871E-02   -0.6390882E-03    0.1841280E-02   -0.8199124E-03   -0.2074473E-04    0.4390211E-04   -0.6945026E-04   -0.9451981E-05   -0.2326632E-03    0.1179737E-07    0.5974966E-05    0.2869054E-03
   -0.5689125E-05    0.5919631E-04   -0.4722312E-05   -0.5866126E-03   -0.5037877E-03   -0.1909831E-05    0.1132327E+02    0.2608024E+00    0.9741792E-01   -0.1940949E+00    0.9119517E-01    0.9038442E-01    0.2996071E-02   -0.8537636E-03    0.6985725E-02   -0.1668014E-02   -0.2927947E-01   -0.9089721E-04    0.2869054E-03    0.2531126E+00
