# omegabh2 omegach2 theta tau mnu Alens ns logA aps100 aps143 aps217 acib143 acib217 asz143 psr cibr ncib cal0 cal2 xi aksz bm_1_1
    0.14826E-06   -0.84716E-06    0.17609E-06    0.91902E-06   -0.50114E-04    0.22384E-04    0.27829E-05    0.35321E-06   -0.30332E-02   -0.13600E-02   -0.19058E-03   -0.20715E-03   -0.52360E-03    0.12645E-04    0.43932E-06   -0.10238E-04   -0.24769E-05    0.40592E-08   -0.18958E-07    0.47338E-05   -0.15088E-03   -0.26513E-04
   -0.84716E-06    0.95190E-05   -0.12963E-05   -0.89500E-05    0.25091E-03   -0.18802E-03   -0.24563E-04    0.27219E-05    0.20238E-01    0.76980E-02    0.25070E-02    0.86969E-03    0.22790E-02   -0.28302E-04   -0.31644E-06    0.46298E-04    0.11222E-04   -0.35632E-07    0.14019E-06   -0.22494E-04    0.59080E-03    0.25011E-03
    0.17609E-06   -0.12963E-05    0.54021E-06    0.13265E-05   -0.92160E-04    0.24907E-04    0.44360E-05    0.50932E-06   -0.31570E-02   -0.13701E-02   -0.34205E-03   -0.19352E-03   -0.47189E-03    0.54795E-05    0.22350E-06   -0.92547E-05   -0.24384E-05    0.33774E-08   -0.20083E-07    0.45061E-05   -0.14951E-03   -0.29751E-04
    0.91902E-06   -0.89500E-05    0.13265E-05    0.16877E-03   -0.19781E-03   -0.18115E-03    0.33255E-04    0.31568E-03   -0.33081E-01   -0.11374E-01    0.61350E-03   -0.18751E-02   -0.52386E-02   -0.94138E-04    0.15471E-04   -0.11722E-03   -0.24754E-04   -0.15947E-07   -0.23498E-06    0.26763E-04   -0.15084E-02   -0.27156E-03
   -0.50114E-04    0.25091E-03   -0.92160E-04   -0.19781E-03    0.12226E+00    0.13182E-01   -0.15754E-02   -0.40040E-03    0.11678E+01    0.50064E+00    0.10959E+00    0.82207E-01    0.19003E+00    0.19843E-02   -0.43849E-03    0.38012E-02    0.39059E-03   -0.36658E-08    0.28733E-05   -0.27723E-02    0.52520E-01    0.48444E-02
    0.22384E-04   -0.18802E-03    0.24907E-04   -0.18115E-03    0.13182E-01    0.18199E-01    0.43015E-03   -0.80549E-03   -0.80028E+00   -0.22603E+00    0.12279E-01   -0.48932E-01   -0.11205E+00   -0.37360E-02    0.19237E-03   -0.28065E-02   -0.26954E-03    0.60937E-06   -0.60036E-05    0.66827E-03   -0.36568E-01   -0.70425E-02
    0.27829E-05   -0.24563E-04    0.44360E-05    0.33255E-04   -0.15754E-02    0.43015E-03    0.92143E-04    0.17601E-04   -0.99213E-01   -0.26862E-01    0.54394E-02   -0.75008E-02   -0.15485E-01   -0.92363E-04    0.32321E-04   -0.36430E-03   -0.42986E-04    0.18084E-07   -0.59619E-07    0.15836E-03   -0.51579E-02   -0.48082E-03
    0.35321E-06    0.27219E-05    0.50932E-06    0.31568E-03   -0.40040E-03   -0.80549E-03    0.17601E-04    0.64370E-03   -0.31273E-01   -0.46478E-02    0.16358E-01   -0.51987E-02   -0.10625E-01   -0.96576E-03    0.53509E-04   -0.30398E-03   -0.15165E-04   -0.57709E-07    0.45823E-06    0.61225E-04   -0.38283E-02    0.62271E-03
   -0.30332E-02    0.20238E-01   -0.31570E-02   -0.33081E-01    0.11678E+01   -0.80028E+00   -0.99213E-01   -0.31273E-01    0.35345E+04    0.12854E+03   -0.10614E+03    0.71419E+02    0.91731E+02   -0.66962E+02   -0.77205E+00   -0.41254E+00    0.82897E+00    0.35037E-03   -0.11548E-02   -0.21359E+00   -0.11646E+02    0.17164E+02
   -0.13600E-02    0.76980E-02   -0.13701E-02   -0.11374E-01    0.50064E+00   -0.22603E+00   -0.26862E-01   -0.46478E-02    0.12854E+03    0.16918E+03    0.20841E+02   -0.30311E+02    0.86176E+01   -0.66442E+01   -0.16292E+00    0.15174E+00    0.66364E-01   -0.18132E-04    0.84490E-03    0.97638E+00   -0.10904E+02    0.51498E+00
   -0.19058E-03    0.25070E-02   -0.34205E-03    0.61350E-03    0.10959E+00    0.12279E-01    0.54394E-02    0.16358E-01   -0.10614E+03    0.20841E+02    0.25503E+03   -0.16934E+02   -0.10075E+03    0.40758E+01    0.25315E-01   -0.14915E+01   -0.92360E+00    0.38312E-05   -0.28061E-02    0.53756E+00   -0.10396E+02    0.98310E+00
   -0.20715E-03    0.86969E-03   -0.19352E-03   -0.18751E-02    0.82207E-01   -0.48932E-01   -0.75008E-02   -0.51987E-02    0.71419E+02   -0.30311E+02   -0.16934E+02    0.27005E+02    0.11260E+02   -0.26946E+01    0.18530E-01    0.41631E-01    0.10582E+00   -0.23005E-04   -0.44599E-03    0.12765E+00   -0.31642E+00   -0.34626E+00
   -0.52360E-03    0.22790E-02   -0.47189E-03   -0.52386E-02    0.19003E+00   -0.11205E+00   -0.15485E-01   -0.10625E-01    0.91731E+02    0.86176E+01   -0.10075E+03    0.11260E+02    0.52584E+02   -0.17485E+01    0.30917E-01    0.70645E+00    0.55568E+00   -0.14254E-04    0.13688E-02   -0.29990E+00   -0.62014E+00   -0.26908E+00
    0.12645E-04   -0.28302E-04    0.54795E-05   -0.94138E-04    0.19843E-02   -0.37360E-02   -0.92363E-04   -0.96576E-03   -0.66962E+02   -0.66442E+01    0.40758E+01   -0.26946E+01   -0.17485E+01    0.74034E+01    0.45641E-01    0.24681E+00   -0.37744E-01    0.15270E-04   -0.16666E-03   -0.48739E-01   -0.49545E-01    0.18415E+00
    0.43932E-06   -0.31644E-06    0.22350E-06    0.15471E-04   -0.43849E-03    0.19237E-03    0.32321E-04    0.53509E-04   -0.77205E+00   -0.16292E+00    0.25315E-01    0.18530E-01    0.30917E-01    0.45641E-01    0.60971E-02   -0.46977E-02    0.41714E-02    0.18807E-06   -0.61238E-05    0.37726E-02   -0.12776E-01    0.26463E-02
   -0.10238E-04    0.46298E-04   -0.92547E-05   -0.11722E-03    0.38012E-02   -0.28065E-02   -0.36430E-03   -0.30398E-03   -0.41254E+00    0.15174E+00   -0.14915E+01    0.41631E-01    0.70645E+00    0.24681E+00   -0.46977E-02    0.50609E-01   -0.38486E-02   -0.45021E-06    0.33407E-04    0.10285E-02   -0.82659E-02   -0.41675E-02
   -0.24769E-05    0.11222E-04   -0.24384E-05   -0.24754E-04    0.39059E-03   -0.26954E-03   -0.42986E-04   -0.15165E-04    0.82897E+00    0.66364E-01   -0.92360E+00    0.10582E+00    0.55568E+00   -0.37744E-01    0.41714E-02   -0.38486E-02    0.15313E-01   -0.27628E-06    0.25923E-05   -0.14582E-02   -0.64682E-02    0.57267E-02
    0.40592E-08   -0.35632E-07    0.33774E-08   -0.15947E-07   -0.36658E-08    0.60937E-06    0.18084E-07   -0.57709E-07    0.35037E-03   -0.18132E-04    0.38312E-05   -0.23005E-04   -0.14254E-04    0.15270E-04    0.18807E-06   -0.45021E-06   -0.27628E-06    0.16014E-06    0.62058E-08    0.37398E-06    0.69389E-05   -0.18867E-04
   -0.18958E-07    0.14019E-06   -0.20083E-07   -0.23498E-06    0.28733E-05   -0.60036E-05   -0.59619E-07    0.45823E-06   -0.11548E-02    0.84490E-03   -0.28061E-02   -0.44599E-03    0.13688E-02   -0.16666E-03   -0.61238E-05    0.33407E-04    0.25923E-05    0.62058E-08    0.18776E-05   -0.50630E-05    0.26260E-04    0.10813E-03
    0.47338E-05   -0.22494E-04    0.45061E-05    0.26763E-04   -0.27723E-02    0.66827E-03    0.15836E-03    0.61225E-04   -0.21359E+00    0.97638E+00    0.53756E+00    0.12765E+00   -0.29990E+00   -0.48739E-01    0.37726E-02    0.10285E-02   -0.14582E-02    0.37398E-06   -0.50630E-05    0.82326E-01    0.58922E-02    0.18820E-02
   -0.15088E-03    0.59080E-03   -0.14951E-03   -0.15084E-02    0.52520E-01   -0.36568E-01   -0.51579E-02   -0.38283E-02   -0.11646E+02   -0.10904E+02   -0.10396E+02   -0.31642E+00   -0.62014E+00   -0.49545E-01   -0.12776E-01   -0.82659E-02   -0.64682E-02    0.69389E-05    0.26260E-04    0.58922E-02    0.77292E+01   -0.16443E-01
   -0.26513E-04    0.25011E-03   -0.29751E-04   -0.27156E-03    0.48444E-02   -0.70425E-02   -0.48082E-03    0.62271E-03    0.17164E+02    0.51498E+00    0.98310E+00   -0.34626E+00   -0.26908E+00    0.18415E+00    0.26463E-02   -0.41675E-02    0.57267E-02   -0.18867E-04    0.10813E-03    0.18820E-02   -0.16443E-01    0.32217E+00
