# omegabh2 omegach2 theta tau meffsterile nnu logA ns aps100 aps143 aps217 acib143 acib217 asz143 psr cibr ncib xi aksz cal0 cal2 bm_1_1
    0.6768125E-07    0.7284297E-07    0.1598385E-07    0.1489318E-05    0.4098186E-05    0.2498807E-04    0.3219880E-05    0.1624413E-05    0.3904541E-03   -0.1083661E-03   -0.1332355E-03   -0.1612355E-04   -0.3316341E-04   -0.7115997E-05    0.6556787E-06    0.5161465E-06   -0.8069766E-06    0.1946194E-05   -0.5211759E-05    0.1334048E-07   -0.3558672E-07   -0.7868182E-05
    0.7284297E-07    0.1754575E-04   -0.1325730E-05    0.4361683E-05   -0.2653598E-03    0.6815821E-03    0.3884639E-04    0.1780019E-04    0.2796277E-01    0.4999975E-02   -0.6374420E-02    0.3129785E-02    0.6618163E-02    0.4214676E-03   -0.3131500E-04    0.7584089E-04    0.4307705E-04   -0.3923991E-04    0.1745354E-02   -0.1271456E-06    0.2196928E-06    0.2509117E-03
    0.1598385E-07   -0.1325730E-05    0.3083591E-06    0.7001508E-06    0.4373890E-07   -0.5810636E-04   -0.8462025E-06   -0.1047100E-05   -0.2805585E-02   -0.4492196E-03    0.6520504E-03   -0.3682111E-03   -0.6481028E-03   -0.3445097E-04    0.6541300E-05   -0.1184705E-04   -0.2163502E-05    0.6505428E-05   -0.1294887E-03    0.1799259E-07   -0.6604551E-07   -0.2461288E-04
    0.1489318E-05    0.4361683E-05    0.7001508E-06    0.2260052E-03   -0.2763264E-03    0.8395220E-03    0.4505178E-03    0.7014758E-04   -0.3262235E-01   -0.4501726E-02    0.1222458E-01   -0.2047806E-02   -0.8178921E-02   -0.3936642E-04   -0.2808873E-04   -0.1152501E-03   -0.5672956E-04   -0.1665647E-04   -0.9728246E-03    0.6115591E-06   -0.1127149E-05   -0.4331975E-03
    0.4098186E-05   -0.2653598E-03    0.4373890E-07   -0.2763264E-03    0.4855963E-01    0.7075083E-03   -0.5629153E-03   -0.5895133E-03    0.6822344E+00    0.1985791E+00   -0.1364389E+00    0.2853333E-01    0.1273112E+00   -0.1814725E-01   -0.7104975E-03    0.2283376E-02    0.7372398E-03   -0.2055456E-02   -0.2847412E-01    0.7202089E-06    0.1020655E-04    0.6609035E-05
    0.2498807E-04    0.6815821E-03   -0.5810636E-04    0.8395220E-03    0.7075083E-03    0.4478323E-01    0.2926595E-02    0.1685440E-02    0.1547457E+01    0.3368784E+00   -0.4995311E+00    0.1765484E+00    0.4141477E+00    0.1709391E-01   -0.2122758E-02    0.5769556E-02    0.2368483E-02   -0.9352716E-03    0.8765080E-01   -0.1708797E-05   -0.6412788E-06    0.6236785E-02
    0.3219880E-05    0.3884639E-04   -0.8462025E-06    0.4505178E-03   -0.5629153E-03    0.2926595E-02    0.9669830E-03    0.1624001E-03   -0.9784701E-02    0.8942527E-02    0.2267472E-01   -0.2113235E-02   -0.7336720E-02   -0.7562399E-03   -0.6922157E-04   -0.1838417E-03   -0.5828039E-05   -0.6514601E-04   -0.2877864E-03    0.1217775E-05   -0.1233874E-06    0.1498793E-03
    0.1624413E-05    0.1780019E-04   -0.1047100E-05    0.7014758E-04   -0.5895133E-03    0.1685440E-02    0.1624001E-03    0.1120508E-03    0.1180185E-01    0.8276078E-02    0.8039915E-02   -0.8771041E-03   -0.2022440E-02   -0.4464758E-03    0.8461960E-05   -0.7171216E-04   -0.3966834E-04    0.8667113E-04    0.3313874E-03   -0.1836015E-06   -0.6142028E-06    0.9062951E-04
    0.3904541E-03    0.2796277E-01   -0.2805585E-02   -0.3262235E-01    0.6822344E+00    0.1547457E+01   -0.9784701E-02    0.1180185E-01    0.2494057E+04    0.8489297E+02   -0.1300502E+03    0.7233705E+02    0.8891641E+02   -0.4880715E+02   -0.8983705E+00   -0.5265252E+00    0.2344129E+00    0.4952709E+00   -0.1375687E+02    0.1774841E-02    0.3672177E-02    0.1181003E+02
   -0.1083661E-03    0.4999975E-02   -0.4492196E-03   -0.4501726E-02    0.1985791E+00    0.3368784E+00    0.8942527E-02    0.8276078E-02    0.8489297E+02    0.1243950E+03    0.2856150E+02   -0.2111394E+02   -0.8832429E+00   -0.6789141E+01   -0.7006411E-01    0.1418767E+00    0.4666058E-01    0.1124634E+01   -0.9425140E+01    0.3867977E-04    0.1728288E-02    0.5176875E+00
   -0.1332355E-03   -0.6374420E-02    0.6520504E-03    0.1222458E-01   -0.1364389E+00   -0.4995311E+00    0.2267472E-01    0.8039915E-02   -0.1300502E+03    0.2856150E+02    0.3812864E+03   -0.4387139E+02   -0.1863146E+03   -0.3395278E+01    0.2691866E+00   -0.1917309E+01   -0.2082165E+01    0.4734261E+00   -0.1062388E+02   -0.5157025E-03   -0.1885093E-02    0.4656840E+00
   -0.1612355E-04    0.3129785E-02   -0.3682111E-03   -0.2047806E-02    0.2853333E-01    0.1765484E+00   -0.2113235E-02   -0.8771041E-03    0.7233705E+02   -0.2111394E+02   -0.4387139E+02    0.2682246E+02    0.2592278E+02   -0.4694712E+00   -0.4597649E-01    0.1266389E+00    0.2431413E+00    0.1700781E+00   -0.9167136E+00   -0.1817839E-03   -0.7709442E-03   -0.2579914E+00
   -0.3316341E-04    0.6618163E-02   -0.6481028E-03   -0.8178921E-02    0.1273112E+00    0.4141477E+00   -0.7336720E-02   -0.2022440E-02    0.8891641E+02   -0.8832429E+00   -0.1863146E+03    0.2592278E+02    0.1035860E+03    0.2613918E+01   -0.6310491E-01    0.9589406E+00    0.1251294E+01   -0.2907091E+00   -0.1849842E+00    0.2553209E-03    0.6984598E-03   -0.3213258E-01
   -0.7115997E-05    0.4214676E-03   -0.3445097E-04   -0.3936642E-04   -0.1814725E-01    0.1709391E-01   -0.7562399E-03   -0.4464758E-03   -0.4880715E+02   -0.6789141E+01   -0.3395278E+01   -0.4694712E+00    0.2613918E+01    0.6487801E+01    0.3883625E-01    0.2556519E+00    0.1792894E-01   -0.7874329E-01   -0.2953067E+00    0.6873789E-04   -0.6676640E-03    0.1348434E+00
    0.6556787E-06   -0.3131500E-04    0.6541300E-05   -0.2808873E-04   -0.7104975E-03   -0.2122758E-02   -0.6922157E-04    0.8461960E-05   -0.8983705E+00   -0.7006411E-01    0.2691866E+00   -0.4597649E-01   -0.6310491E-01    0.3883625E-01    0.1729225E-01   -0.1178929E-01    0.4997211E-02    0.8470170E-02   -0.2327584E-01   -0.2491180E-05   -0.3821641E-04    0.3727858E-02
    0.5161465E-06    0.7584089E-04   -0.1184705E-04   -0.1152501E-03    0.2283376E-02    0.5769556E-02   -0.1838417E-03   -0.7171216E-04   -0.5265252E+00    0.1418767E+00   -0.1917309E+01    0.1266389E+00    0.9589406E+00    0.2556519E+00   -0.1178929E-01    0.4994582E-01    0.8876295E-03    0.1982274E-02   -0.1423375E-01    0.5966138E-05    0.8107615E-04    0.1163223E-02
   -0.8069766E-06    0.4307705E-04   -0.2163502E-05   -0.5672956E-04    0.7372398E-03    0.2368483E-02   -0.5828039E-05   -0.3966834E-04    0.2344129E+00    0.4666058E-01   -0.2082165E+01    0.2431413E+00    0.1251294E+01    0.1792894E-01    0.4997211E-02    0.8876295E-03    0.2634023E-01   -0.1611754E-02    0.1624266E-01    0.5917993E-05   -0.8258079E-04    0.5899890E-02
    0.1946194E-05   -0.3923991E-04    0.6505428E-05   -0.1665647E-04   -0.2055456E-02   -0.9352716E-03   -0.6514601E-04    0.8667113E-04    0.4952709E+00    0.1124634E+01    0.4734261E+00    0.1700781E+00   -0.2907091E+00   -0.7874329E-01    0.8470170E-02    0.1982274E-02   -0.1611754E-02    0.7815751E-01    0.1719829E-01   -0.9933808E-05   -0.1843653E-04    0.6875728E-02
   -0.5211759E-05    0.1745354E-02   -0.1294887E-03   -0.9728246E-03   -0.2847412E-01    0.8765080E-01   -0.2877864E-03    0.3313874E-03   -0.1375687E+02   -0.9425140E+01   -0.1062388E+02   -0.9167136E+00   -0.1849842E+00   -0.2953067E+00   -0.2327584E-01   -0.1423375E-01    0.1624266E-01    0.1719829E-01    0.7486847E+01    0.5289547E-04   -0.3475882E-03   -0.2389107E-01
    0.1334048E-07   -0.1271456E-06    0.1799259E-07    0.6115591E-06    0.7202089E-06   -0.1708797E-05    0.1217775E-05   -0.1836015E-06    0.1774841E-02    0.3867977E-04   -0.5157025E-03   -0.1817839E-03    0.2553209E-03    0.6873789E-04   -0.2491180E-05    0.5966138E-05    0.5917993E-05   -0.9933808E-05    0.5289547E-04    0.8295110E-06    0.2012408E-07   -0.1060117E-03
   -0.3558672E-07    0.2196928E-06   -0.6604551E-07   -0.1127149E-05    0.1020655E-04   -0.6412788E-06   -0.1233874E-06   -0.6142028E-06    0.3672177E-02    0.1728288E-02   -0.1885093E-02   -0.7709442E-03    0.6984598E-03   -0.6676640E-03   -0.3821641E-04    0.8107615E-04   -0.8258079E-04   -0.1843653E-04   -0.3475882E-03    0.2012408E-07    0.5795612E-05    0.2484050E-03
   -0.7868182E-05    0.2509117E-03   -0.2461288E-04   -0.4331975E-03    0.6609035E-05    0.6236785E-02    0.1498793E-03    0.9062951E-04    0.1181003E+02    0.5176875E+00    0.4656840E+00   -0.2579914E+00   -0.3213258E-01    0.1348434E+00    0.3727858E-02    0.1163223E-02    0.5899890E-02    0.6875728E-02   -0.2389107E-01   -0.1060117E-03    0.2484050E-03    0.2607011E+00
