# omegabh2 omegach2 theta tau logA ns calPlanck aps100 aps143 aps217 acib217 asz143 psr xi aksz dust100 dust143 dust217 dust143x217 cal0 cal2 calTE calEE bm_1_1
    0.2344782E-07   -0.1127494E-06    0.1613517E-07    0.2896515E-06    0.4205965E-06    0.3099732E-06    0.2382857E-07   -0.3694033E-03   -0.2203849E-03    0.9852898E-04   -0.1219141E-03    0.2120033E-04    0.4136903E-06    0.7997076E-06   -0.3881749E-04    0.4835140E-06   -0.1341303E-06    0.1315729E-05   -0.1105030E-06    0.3898610E-08   -0.7937395E-08   -0.7263300E-07   -0.1847027E-06    0.3721343E-06
   -0.1127494E-06    0.1845242E-05   -0.1438938E-06   -0.2322864E-05   -0.6063058E-06   -0.4180649E-05   -0.1645362E-06    0.1178933E-02    0.8726511E-03    0.1730751E-03    0.1912681E-03   -0.9580340E-04    0.7127482E-06    0.4662365E-05    0.1160245E-03   -0.1619761E-05    0.2302265E-05   -0.3286006E-05   -0.1523668E-05   -0.1055280E-07    0.1190853E-07   -0.2397931E-06   -0.5640893E-06   -0.3407318E-05
    0.1613517E-07   -0.1438938E-06    0.8833569E-07    0.2446952E-06    0.2549721E-06    0.4596515E-06    0.1817706E-07   -0.8512599E-04   -0.6039969E-04   -0.2362144E-04   -0.8917891E-05    0.4720242E-05   -0.8554224E-07   -0.1419505E-06   -0.1241300E-04    0.3128539E-06    0.4804347E-06    0.4474317E-06    0.9818015E-06    0.8470591E-10    0.1613322E-08   -0.1479286E-07    0.3554660E-07    0.2196834E-05
    0.2896515E-06   -0.2322864E-05    0.2446952E-06    0.6419091E-04    0.1221658E-03    0.8209438E-05   -0.4519759E-06   -0.1072738E-01   -0.3721537E-02    0.5899788E-02   -0.4391489E-02    0.4996978E-03    0.2897385E-04    0.6920518E-04   -0.1229654E-02   -0.2828890E-05   -0.2296967E-04    0.3798707E-04    0.5466587E-05    0.1065825E-06   -0.4388959E-06   -0.3820189E-05   -0.1965649E-05   -0.8173742E-04
    0.4205965E-06   -0.6063058E-06    0.2549721E-06    0.1221658E-03    0.2694129E-03    0.5857042E-05    0.1125180E-04   -0.1278947E-01   -0.4097028E-02    0.2061697E-01   -0.9715529E-02    0.9776485E-03    0.8345602E-04    0.1854229E-03   -0.3436584E-02   -0.1783653E-04   -0.8769480E-04    0.1067773E-03   -0.1752381E-04    0.7357782E-06   -0.1111688E-05   -0.8904672E-05   -0.3644595E-05   -0.1411397E-03
    0.3099732E-06   -0.4180649E-05    0.4596515E-06    0.8209438E-05    0.5857042E-05    0.1904735E-04    0.5503250E-06   -0.2094503E-01   -0.6490334E-02    0.7427552E-02   -0.5062781E-02    0.8777804E-03    0.4457892E-04    0.5494447E-04   -0.2291185E-02    0.1811128E-04   -0.3129286E-05    0.4192011E-04   -0.1993533E-04   -0.2884289E-06   -0.4076771E-06    0.2364093E-06   -0.1627071E-05    0.2829198E-04
    0.2382857E-07   -0.1645362E-06    0.1817706E-07   -0.4519759E-06    0.1125180E-04    0.5503250E-06    0.6238043E-05    0.3305992E-02    0.3460928E-03    0.1717889E-02    0.3144003E-03   -0.6182688E-05   -0.2134531E-05    0.9125004E-06   -0.5718943E-04    0.2390054E-05    0.6940498E-05    0.9907732E-05   -0.1035789E-04    0.8917648E-08   -0.7870340E-07   -0.3908148E-06   -0.1705408E-06    0.9845497E-05
   -0.3694033E-03    0.1178933E-02   -0.8512599E-04   -0.1072738E-01   -0.1278947E-01   -0.2094503E-01    0.3305992E-02    0.4776412E+03    0.5584983E+02   -0.5462832E+02    0.2840112E+02   -0.2061491E+02   -0.7989828E+00   -0.8713970E-01    0.7656645E+01   -0.3671830E-01    0.8647183E-01   -0.3107360E-02   -0.1807832E+00    0.5468358E-02    0.7343247E-02    0.8740107E-03    0.5001180E-02    0.1159629E+01
   -0.2203849E-03    0.8726511E-03   -0.6039969E-04   -0.3721537E-02   -0.4097028E-02   -0.6490334E-02    0.3460928E-03    0.5584983E+02    0.5370889E+02    0.1107520E+02    0.4596244E+01   -0.1756002E+01    0.2188407E+00    0.7529938E+00   -0.6905553E+01   -0.2628980E-01   -0.1514716E+00   -0.6341231E-01    0.1283866E+00    0.3207766E-03   -0.8247127E-03    0.1289372E-02    0.3221778E-02   -0.4964002E-01
    0.9852898E-04    0.1730751E-03   -0.2362144E-04    0.5899788E-02    0.2061697E-01    0.7427552E-02    0.1717889E-02   -0.5462832E+02    0.1107520E+02    0.1691990E+03   -0.7684833E+02    0.4560538E+01    0.4719456E+00    0.3640365E+00   -0.8946959E+01   -0.3905607E-01   -0.6310413E-01    0.5996584E+00   -0.1013089E+00    0.1607104E-02   -0.1141437E-01    0.4429155E-03    0.1370406E-02    0.2249696E-01
   -0.1219141E-03    0.1912681E-03   -0.8917891E-05   -0.4391489E-02   -0.9715529E-02   -0.5062781E-02    0.3144003E-03    0.2840112E+02    0.4596244E+01   -0.7684833E+02    0.4508293E+02    0.5543207E+00   -0.7055527E-01   -0.3001921E+00   -0.1821577E+01    0.9240514E-02    0.4265943E-01   -0.4681130E+00   -0.9816633E-02   -0.4641910E-03    0.4902689E-02    0.1230173E-03    0.5664690E-03   -0.7355541E-02
    0.2120033E-04   -0.9580340E-04    0.4720242E-05    0.4996978E-03    0.9776485E-03    0.8777804E-03   -0.6182688E-05   -0.2061491E+02   -0.1756002E+01    0.4560538E+01    0.5543207E+00    0.3536613E+01    0.1333358E+00   -0.8191949E-01   -0.2917970E+01   -0.7041778E-02   -0.2187408E-01   -0.4481029E-01    0.5986836E-01    0.4429794E-03   -0.9690823E-03   -0.6584179E-05   -0.8717796E-04    0.2304780E-01
    0.4136903E-06    0.7127482E-06   -0.8554224E-07    0.2897385E-04    0.8345602E-04    0.4457892E-04   -0.2134531E-05   -0.7989828E+00    0.2188407E+00    0.4719456E+00   -0.7055527E-01    0.1333358E+00    0.1201522E-01    0.1440500E-01   -0.1577009E+00   -0.1928568E-03   -0.3898874E-03   -0.1634205E-02    0.5222683E-03    0.2089232E-04   -0.3999827E-04    0.1592026E-04    0.1357202E-04    0.5336604E-03
    0.7997076E-06    0.4662365E-05   -0.1419505E-06    0.6920518E-04    0.1854229E-03    0.5494447E-04    0.9125004E-06   -0.8713970E-01    0.7529938E+00    0.3640365E+00   -0.3001921E+00   -0.8191949E-01    0.1440500E-01    0.8065407E-01    0.8487518E-01    0.2248420E-03   -0.1281015E-03   -0.2984288E-03    0.5672208E-03    0.9307454E-05   -0.3023891E-04    0.1340398E-04    0.1579489E-04    0.2400381E-03
   -0.3881749E-04    0.1160245E-03   -0.1241300E-04   -0.1229654E-02   -0.3436584E-02   -0.2291185E-02   -0.5718943E-04    0.7656645E+01   -0.6905553E+01   -0.8946959E+01   -0.1821577E+01   -0.2917970E+01   -0.1577009E+00    0.8487518E-01    0.6939720E+01    0.6059677E-02    0.1855683E-01    0.4787447E-01   -0.5712173E-01   -0.3917283E-03    0.6911231E-03   -0.2247643E-03   -0.2361246E-03    0.1544596E-01
    0.4835140E-06   -0.1619761E-05    0.3128539E-06   -0.2828890E-05   -0.1783653E-04    0.1811128E-04    0.2390054E-05   -0.3671830E-01   -0.2628980E-01   -0.3905607E-01    0.9240514E-02   -0.7041778E-02   -0.1928568E-03    0.2248420E-03    0.6059677E-02    0.3683865E-01    0.3512827E-02   -0.1284366E-03    0.3925749E-03    0.4109195E-04   -0.1689028E-05    0.6269465E-05   -0.1584465E-04   -0.8196942E-03
   -0.1341303E-06    0.2302265E-05    0.4804347E-06   -0.2296967E-04   -0.8769480E-04   -0.3129286E-05    0.6940498E-05    0.8647183E-01   -0.1514716E+00   -0.6310413E-01    0.4265943E-01   -0.2187408E-01   -0.3898874E-03   -0.1281015E-03    0.1855683E-01    0.3512827E-02    0.3293128E-01   -0.2791331E-02    0.2688272E-02   -0.5719494E-04   -0.6122098E-04   -0.4582674E-04   -0.5057853E-04   -0.2384303E-02
    0.1315729E-05   -0.3286006E-05    0.4474317E-06    0.3798707E-04    0.1067773E-03    0.4192011E-04    0.9907732E-05   -0.3107360E-02   -0.6341231E-01    0.5996584E+00   -0.4681130E+00   -0.4481029E-01   -0.1634205E-02   -0.2984288E-03    0.4787447E-01   -0.1284366E-03   -0.2791331E-02    0.1343178E-01    0.1147315E-01    0.1797757E-05    0.6842702E-04    0.1390222E-04   -0.6758124E-05   -0.1228411E-02
   -0.1105030E-06   -0.1523668E-05    0.9818015E-06    0.5466587E-05   -0.1752381E-04   -0.1993533E-04   -0.1035789E-04   -0.1807832E+00    0.1283866E+00   -0.1013089E+00   -0.9816633E-02    0.5986836E-01    0.5222683E-03    0.5672208E-03   -0.5712173E-01    0.3925749E-03    0.2688272E-02    0.1147315E-01    0.3211481E-01    0.7207755E-05    0.9397568E-04   -0.6175563E-05    0.7285199E-07   -0.1531935E-02
    0.3898610E-08   -0.1055280E-07    0.8470591E-10    0.1065825E-06    0.7357782E-06   -0.2884289E-06    0.8917648E-08    0.5468358E-02    0.3207766E-03    0.1607104E-02   -0.4641910E-03    0.4429794E-03    0.2089232E-04    0.9307454E-05   -0.3917283E-03    0.4109195E-04   -0.5719494E-04    0.1797757E-05    0.7207755E-05    0.9284621E-06   -0.9105537E-07    0.1976195E-06    0.4053919E-06   -0.6345251E-04
   -0.7937395E-08    0.1190853E-07    0.1613322E-08   -0.4388959E-06   -0.1111688E-05   -0.4076771E-06   -0.7870340E-07    0.7343247E-02   -0.8247127E-03   -0.1141437E-01    0.4902689E-02   -0.9690823E-03   -0.3999827E-04   -0.3023891E-04    0.6911231E-03   -0.1689028E-05   -0.6122098E-04    0.6842702E-04    0.9397568E-04   -0.9105537E-07    0.3150023E-05    0.4157022E-06    0.6641316E-07   -0.1566330E-04
   -0.7263300E-07   -0.2397931E-06   -0.1479286E-07   -0.3820189E-05   -0.8904672E-05    0.2364093E-06   -0.3908148E-06    0.8740107E-03    0.1289372E-02    0.4429155E-03    0.1230173E-03   -0.6584179E-05    0.1592026E-04    0.1340398E-04   -0.2247643E-03    0.6269465E-05   -0.4582674E-04    0.1390222E-04   -0.6175563E-05    0.1976195E-06    0.4157022E-06    0.1906390E-04    0.5846963E-05   -0.1193710E-05
   -0.1847027E-06   -0.5640893E-06    0.3554660E-07   -0.1965649E-05   -0.3644595E-05   -0.1627071E-05   -0.1705408E-06    0.5001180E-02    0.3221778E-02    0.1370406E-02    0.5664690E-03   -0.8717796E-04    0.1357202E-04    0.1579489E-04   -0.2361246E-03   -0.1584465E-04   -0.5057853E-04   -0.6758124E-05    0.7285199E-07    0.4053919E-06    0.6641316E-07    0.5846963E-05    0.1742162E-04   -0.7380933E-05
    0.3721343E-06   -0.3407318E-05    0.2196834E-05   -0.8173742E-04   -0.1411397E-03    0.2829198E-04    0.9845497E-05    0.1159629E+01   -0.4964002E-01    0.2249696E-01   -0.7355541E-02    0.2304780E-01    0.5336604E-03    0.2400381E-03    0.1544596E-01   -0.8196942E-03   -0.2384303E-02   -0.1228411E-02   -0.1531935E-02   -0.6345251E-04   -0.1566330E-04   -0.1193710E-05   -0.7380933E-05    0.9957618E+00
