# omegabh2 omegach2 theta tau Alens ns logA aps100 aps143 aps217 acib143 acib217 asz143 psr cibr ncib cal0 cal2 xi aksz bm_1_1
    0.12905E-06   -0.77421E-06    0.14265E-06    0.20037E-05    0.24779E-04    0.22414E-05    0.24345E-05   -0.25148E-02   -0.11752E-02   -0.22714E-03   -0.15793E-03   -0.42320E-03    0.12839E-04    0.33750E-06   -0.85839E-05   -0.24404E-05    0.38302E-08   -0.21525E-07    0.46990E-05   -0.11581E-03   -0.26663E-04
   -0.77421E-06    0.94245E-05   -0.11933E-05   -0.26930E-04   -0.17714E-03   -0.23192E-04   -0.32163E-04    0.17049E-01    0.65073E-02    0.24630E-02    0.56050E-03    0.19658E-02    0.12493E-03   -0.63112E-06    0.44552E-04    0.12387E-04   -0.30382E-07    0.20137E-06   -0.28174E-04    0.53188E-03    0.25137E-03
    0.14265E-06   -0.11933E-05    0.48484E-06    0.33444E-05    0.30497E-04    0.34969E-05    0.42984E-05   -0.24233E-02   -0.11313E-02   -0.44728E-03   -0.79938E-04   -0.29272E-03    0.21260E-05    0.24995E-06   -0.64878E-05   -0.23899E-05    0.16328E-08   -0.21599E-07    0.23359E-05   -0.67230E-04   -0.32619E-04
    0.20037E-05   -0.26930E-04    0.33444E-05    0.11977E-02   -0.22436E-02    0.10531E-03    0.23204E-02   -0.10807E+00   -0.29211E-01    0.51660E-02   -0.85039E-02   -0.15664E-01    0.26509E-03    0.16267E-04   -0.42915E-03   -0.89377E-04   -0.23998E-06   -0.21023E-06    0.62469E-04   -0.57178E-02   -0.78908E-03
    0.24779E-04   -0.17714E-03    0.30497E-04   -0.22436E-02    0.20041E-01    0.43012E-03   -0.48248E-02   -0.80510E+00   -0.24319E+00   -0.29339E-01   -0.25697E-01   -0.10084E+00   -0.69467E-02    0.16396E-03   -0.25463E-02   -0.36680E-03    0.13673E-05   -0.98357E-05    0.15971E-02   -0.28019E-01   -0.85947E-02
    0.22414E-05   -0.23192E-04    0.34969E-05    0.10531E-03    0.43012E-03    0.77786E-04    0.15643E-03   -0.84292E-01   -0.22259E-01    0.63897E-02   -0.56415E-02   -0.13582E-01   -0.32640E-03    0.28867E-04   -0.35011E-03   -0.52022E-04    0.10119E-09   -0.20947E-06    0.14778E-03   -0.44913E-02   -0.49602E-03
    0.24345E-05   -0.32163E-04    0.42984E-05    0.23204E-02   -0.48248E-02    0.15643E-03    0.45494E-02   -0.18358E+00   -0.40461E-01    0.25166E-01   -0.18693E-01   -0.30781E-01    0.26723E-03    0.53612E-04   -0.90062E-03   -0.14231E-03   -0.49644E-06    0.66696E-06    0.97711E-04   -0.12015E-01   -0.42091E-03
   -0.25148E-02    0.17049E-01   -0.24233E-02   -0.10807E+00   -0.80510E+00   -0.84292E-01   -0.18358E+00    0.35557E+04    0.13177E+03   -0.12062E+03    0.66790E+02    0.96466E+02   -0.67779E+02   -0.71572E+00   -0.24078E+00    0.92800E+00    0.61011E-03   -0.11989E-02   -0.20078E+00   -0.11263E+02    0.17271E+02
   -0.11752E-02    0.65073E-02   -0.11313E-02   -0.29211E-01   -0.24319E+00   -0.22259E-01   -0.40461E-01    0.13177E+03    0.16707E+03    0.18931E+02   -0.29180E+02    0.95429E+01   -0.67984E+01   -0.15819E+00    0.17911E+00    0.77296E-01    0.14895E-04    0.12337E-02    0.10021E+01   -0.11370E+02    0.51206E+00
   -0.22714E-03    0.24630E-02   -0.44728E-03    0.51660E-02   -0.29339E-01    0.63897E-02    0.25166E-01   -0.12062E+03    0.18931E+02    0.25543E+03   -0.15820E+02   -0.10031E+03    0.41544E+01    0.23634E-01   -0.14857E+01   -0.92563E+00   -0.42936E-04   -0.25644E-02    0.61010E+00   -0.10514E+02    0.87458E+00
   -0.15793E-03    0.56050E-03   -0.79938E-04   -0.85039E-02   -0.25697E-01   -0.56415E-02   -0.18693E-01    0.66790E+02   -0.29180E+02   -0.15820E+02    0.26338E+02    0.10287E+02   -0.26206E+01    0.19920E-01    0.42280E-01    0.10490E+00   -0.31640E-04   -0.48125E-03    0.15276E+00   -0.34642E+00   -0.32418E+00
   -0.42320E-03    0.19658E-02   -0.29272E-03   -0.15664E-01   -0.10084E+00   -0.13582E-01   -0.30781E-01    0.96466E+02    0.95429E+01   -0.10031E+03    0.10287E+02    0.51808E+02   -0.18995E+01    0.35199E-01    0.71214E+00    0.56407E+00    0.24768E-04    0.13406E-02   -0.31233E+00   -0.61262E+00   -0.19815E+00
    0.12839E-04    0.12493E-03    0.21260E-05    0.26509E-03   -0.69467E-02   -0.32640E-03    0.26723E-03   -0.67779E+02   -0.67984E+01    0.41544E+01   -0.26206E+01   -0.18995E+01    0.74367E+01    0.47307E-01    0.24534E+00   -0.37668E-01    0.15842E-04   -0.17470E-03   -0.36062E-01   -0.82005E-01    0.18961E+00
    0.33750E-06   -0.63112E-06    0.24995E-06    0.16267E-04    0.16396E-03    0.28867E-04    0.53612E-04   -0.71572E+00   -0.15819E+00    0.23634E-01    0.19920E-01    0.35199E-01    0.47307E-01    0.60649E-02   -0.44321E-02    0.41498E-02    0.37874E-06   -0.61989E-05    0.37995E-02   -0.16458E-01    0.28803E-02
   -0.85839E-05    0.44552E-04   -0.64878E-05   -0.42915E-03   -0.25463E-02   -0.35011E-03   -0.90062E-03   -0.24078E+00    0.17911E+00   -0.14857E+01    0.42280E-01    0.71214E+00    0.24534E+00   -0.44321E-02    0.50117E-01   -0.32535E-02    0.10115E-05    0.31191E-04    0.80654E-03   -0.14397E-01   -0.32514E-02
   -0.24404E-05    0.12387E-04   -0.23899E-05   -0.89377E-04   -0.36680E-03   -0.52022E-04   -0.14231E-03    0.92800E+00    0.77296E-01   -0.92563E+00    0.10490E+00    0.56407E+00   -0.37668E-01    0.41498E-02   -0.32535E-02    0.15556E-01    0.44127E-06    0.28572E-05   -0.17432E-02   -0.76769E-02    0.59123E-02
    0.38302E-08   -0.30382E-07    0.16328E-08   -0.23998E-06    0.13673E-05    0.10119E-09   -0.49644E-06    0.61011E-03    0.14895E-04   -0.42936E-04   -0.31640E-04    0.24768E-04    0.15842E-04    0.37874E-06    0.10115E-05    0.44127E-06    0.15772E-06    0.13527E-07    0.15816E-06    0.62397E-05   -0.16774E-04
   -0.21525E-07    0.20137E-06   -0.21599E-07   -0.21023E-06   -0.98357E-05   -0.20947E-06    0.66696E-06   -0.11989E-02    0.12337E-02   -0.25644E-02   -0.48125E-03    0.13406E-02   -0.17470E-03   -0.61989E-05    0.31191E-04    0.28572E-05    0.13527E-07    0.18878E-05   -0.92264E-05   -0.17179E-04    0.10592E-03
    0.46990E-05   -0.28174E-04    0.23359E-05    0.62469E-04    0.15971E-02    0.14778E-03    0.97711E-04   -0.20078E+00    0.10021E+01    0.61010E+00    0.15276E+00   -0.31233E+00   -0.36062E-01    0.37995E-02    0.80654E-03   -0.17432E-02    0.15816E-06   -0.92264E-05    0.83809E-01   -0.45396E-02    0.14976E-02
   -0.11581E-03    0.53188E-03   -0.67230E-04   -0.57178E-02   -0.28019E-01   -0.44913E-02   -0.12015E-01   -0.11263E+02   -0.11370E+02   -0.10514E+02   -0.34642E+00   -0.61262E+00   -0.82005E-01   -0.16458E-01   -0.14397E-01   -0.76769E-02    0.62397E-05   -0.17179E-04   -0.45396E-02    0.76103E+01   -0.18655E-01
   -0.26663E-04    0.25137E-03   -0.32619E-04   -0.78908E-03   -0.85947E-02   -0.49602E-03   -0.42091E-03    0.17271E+02    0.51206E+00    0.87458E+00   -0.32418E+00   -0.19815E+00    0.18961E+00    0.28803E-02   -0.32514E-02    0.59123E-02   -0.16774E-04    0.10592E-03    0.14976E-02   -0.18655E-01    0.31766E+00
