# omegabh2 omegach2 theta tau omegak ns logA aps100 aps143 aps217 acib143 acib217 asz143 psr cibr ncib cal0 cal2 xi aksz bm_1_1 bm_1_2 bm_1_3 bm_1_4 bm_1_5 bm_2_1 bm_2_2 bm_2_3 bm_2_4 bm_2_5 bm_3_1 bm_3_2 bm_3_3 bm_3_4 bm_3_5 bm_4_1 bm_4_2 bm_4_3 bm_4_4 bm_4_5
    0.10392E-06   -0.55026E-06    0.11072E-06    0.82513E-06   -0.36815E-05    0.16864E-05    0.63268E-06   -0.21737E-02   -0.85310E-03   -0.20918E-03   -0.21463E-03   -0.31538E-03    0.38155E-04   -0.60477E-06   -0.42065E-05   -0.46870E-05   -0.13289E-08    0.91567E-09    0.56865E-05   -0.92012E-04   -0.14308E-04   -0.20905E-05    0.31409E-05   -0.88118E-05    0.38586E-05   -0.40098E-06   -0.11326E-05    0.63265E-05    0.60761E-05   -0.20108E-05   -0.56269E-05   -0.71721E-05   -0.54993E-05   -0.50927E-05    0.81579E-05   -0.59201E-05    0.35974E-05   -0.37368E-05   -0.14972E-05    0.39602E-05
   -0.55026E-06    0.74846E-05   -0.89660E-06   -0.90388E-05    0.23236E-04   -0.17895E-04   -0.79321E-06    0.75085E-02    0.47616E-02    0.25425E-02    0.37448E-03    0.90156E-03   -0.13785E-03    0.57367E-05    0.80430E-05    0.16865E-04    0.96057E-08    0.82271E-07   -0.24351E-04    0.17954E-03    0.15594E-03   -0.62827E-04   -0.36391E-05    0.19963E-04   -0.30008E-04    0.38500E-04   -0.21274E-04   -0.40173E-04   -0.16624E-04    0.14404E-04    0.15042E-05    0.32282E-04   -0.28282E-05    0.15756E-04   -0.60230E-04    0.46023E-04   -0.33545E-04   -0.54373E-06    0.12448E-06    0.13694E-04
    0.11072E-06   -0.89660E-06    0.45239E-06    0.12413E-05   -0.42442E-05    0.27595E-05    0.83492E-06   -0.14189E-02   -0.68183E-03   -0.32584E-03   -0.11251E-03   -0.19993E-03    0.26069E-04   -0.11864E-05   -0.28214E-06   -0.39258E-05   -0.15110E-08   -0.24944E-08    0.51807E-05   -0.59041E-04   -0.15645E-04    0.15101E-04    0.12419E-04    0.25984E-07    0.61120E-05   -0.39120E-05   -0.20547E-05    0.94021E-05    0.11995E-04   -0.39878E-05   -0.37758E-05   -0.43495E-05   -0.46553E-05    0.11169E-05    0.17647E-04   -0.92547E-05    0.84618E-05   -0.36001E-05   -0.18815E-05    0.86818E-05
    0.82513E-06   -0.90388E-05    0.12413E-05    0.17146E-03    0.53027E-04    0.31559E-04    0.31996E-03   -0.31768E-01   -0.89587E-02   -0.20835E-02   -0.27427E-02   -0.32363E-02    0.19364E-03    0.20349E-04   -0.17523E-03    0.10581E-04   -0.30664E-07   -0.52218E-06   -0.21628E-04   -0.12366E-02   -0.14323E-03    0.16302E-03   -0.35865E-04   -0.22295E-03    0.16856E-03    0.11063E-04    0.43094E-04   -0.20874E-03   -0.40741E-05    0.68421E-04    0.43815E-04   -0.17217E-04   -0.11518E-04   -0.14134E-03   -0.16198E-04    0.10563E-03   -0.20252E-03    0.10389E-03    0.99856E-04    0.21103E-04
   -0.36815E-05    0.23236E-04   -0.42442E-05    0.53027E-04    0.66311E-03   -0.72185E-04    0.14387E-03    0.16272E+00    0.35469E-01    0.13407E-02    0.15487E-01    0.20121E-01    0.16876E-03    0.18876E-04    0.44098E-03    0.19974E-03   -0.51294E-07   -0.18402E-08   -0.34787E-03    0.72363E-02    0.78699E-03   -0.43371E-03   -0.16180E-03    0.62397E-03   -0.63697E-03    0.10207E-03   -0.17715E-03   -0.38087E-03   -0.60498E-03    0.23390E-03    0.70966E-03    0.62294E-03    0.43271E-03    0.15070E-03   -0.47204E-03    0.71567E-03   -0.29748E-03    0.19804E-03   -0.82061E-04   -0.24917E-03
    0.16864E-05   -0.17895E-04    0.27595E-05    0.31559E-04   -0.72185E-04    0.62481E-04    0.21479E-04   -0.68880E-01   -0.14203E-01    0.25604E-02   -0.66277E-02   -0.89019E-02    0.13461E-03    0.68488E-05   -0.24803E-03   -0.69571E-04   -0.78792E-07   -0.13703E-06    0.10208E-03   -0.33033E-02   -0.33154E-03    0.93129E-04    0.22549E-04   -0.63014E-04    0.63601E-04    0.17832E-03    0.78168E-04    0.80189E-04    0.13344E-03   -0.32657E-04   -0.49948E-04   -0.13280E-03   -0.89061E-04   -0.38563E-04    0.72505E-04    0.58360E-04    0.14690E-03   -0.15187E-04   -0.58503E-05    0.20818E-04
    0.63268E-06   -0.79321E-06    0.83492E-06    0.31996E-03    0.14387E-03    0.21479E-04    0.64221E-03   -0.70748E-01   -0.14187E-02    0.95121E-02   -0.89417E-02   -0.78986E-02   -0.69789E-03    0.77223E-04   -0.48834E-03    0.70412E-04    0.32288E-07   -0.46830E-06   -0.44240E-04   -0.39723E-02    0.69713E-03    0.37827E-03   -0.67529E-04   -0.39815E-03    0.34103E-03    0.37754E-03    0.14107E-03   -0.47398E-03   -0.37759E-04    0.13875E-03    0.58140E-04    0.94844E-04   -0.12662E-03   -0.30591E-03   -0.25730E-03    0.47552E-03   -0.36752E-03    0.29649E-03    0.18609E-03    0.93566E-04
   -0.21737E-02    0.75085E-02   -0.14189E-02   -0.31768E-01    0.16272E+00   -0.68880E-01   -0.70748E-01    0.25940E+04    0.74113E+02   -0.12654E+03    0.10205E+03    0.94067E+02   -0.73433E+02   -0.92090E+00    0.46850E-02    0.15411E+01    0.81167E-03   -0.22605E-02   -0.49313E+00   -0.13065E+02    0.10922E+02   -0.10133E+02   -0.49113E+00    0.40399E+00    0.45128E+00   -0.11054E+00   -0.45973E+01   -0.97586E+00   -0.18538E+00   -0.11440E+01    0.14249E+01    0.39324E+00    0.71781E+00    0.39642E+00   -0.35936E+01    0.14169E+01   -0.12690E+01   -0.24345E+01    0.81915E-01    0.30280E+01
   -0.85310E-03    0.47616E-02   -0.68183E-03   -0.89587E-02    0.35469E-01   -0.14203E-01   -0.14187E-02    0.74113E+02    0.16787E+03    0.50097E+02   -0.26495E+02   -0.54092E+01   -0.74058E+01   -0.29293E+00   -0.12348E+00   -0.16198E+00    0.10847E-03    0.30997E-02    0.95890E+00   -0.12757E+02    0.76705E+00    0.37243E+00    0.85823E-02    0.21317E+00   -0.10078E+00   -0.16267E+01   -0.87765E+00   -0.24161E+00   -0.16334E+00    0.28750E+00    0.10163E+01    0.26083E+00    0.26880E+00   -0.11482E-01   -0.11021E+00   -0.31401E+00   -0.89310E+00   -0.27294E+00    0.81775E-01   -0.48881E-02
   -0.20918E-03    0.25425E-02   -0.32584E-03   -0.20835E-02    0.13407E-02    0.25604E-02    0.95121E-02   -0.12654E+03    0.50097E+02    0.18615E+03   -0.26210E+02   -0.61662E+02    0.60319E+01   -0.97822E-01   -0.71028E+00   -0.10736E+01    0.10590E-03   -0.34115E-02    0.29642E+00   -0.10869E+02    0.13659E+01    0.80217E+00   -0.26639E+00    0.10403E+00    0.12688E+00    0.90810E+00    0.15203E+00    0.23654E-01   -0.58559E-01    0.49322E+00   -0.94231E+00    0.52490E+00   -0.32524E+00    0.55191E+00   -0.25035E-01    0.57769E-01    0.12304E+00    0.26577E+00   -0.31508E-01   -0.16600E+00
   -0.21463E-03    0.37448E-03   -0.11251E-03   -0.27427E-02    0.15487E-01   -0.66277E-02   -0.89417E-02    0.10205E+03   -0.26495E+02   -0.26210E+02    0.21718E+02    0.14065E+02   -0.30630E+01    0.40700E-01    0.17016E+00    0.24354E+00   -0.11019E-03   -0.11988E-02    0.47860E-01   -0.28580E+00   -0.74837E+00   -0.42924E+00   -0.54080E-01    0.43322E-02   -0.26485E-02    0.78121E+00    0.19476E+00   -0.26828E-01    0.62797E-01   -0.57606E-01   -0.34678E+00   -0.75983E-01   -0.40354E-01    0.67921E-01    0.16439E-01    0.31795E+00    0.24158E+00   -0.20826E-02   -0.20026E-01    0.14479E+00
   -0.31538E-03    0.90156E-03   -0.19993E-03   -0.32363E-02    0.20121E-01   -0.89019E-02   -0.78986E-02    0.94067E+02   -0.54092E+01   -0.61662E+02    0.14065E+02    0.29430E+02   -0.30659E+01    0.91606E-01    0.30671E+00    0.54190E+00   -0.46867E-04    0.14061E-02   -0.17811E+00   -0.68858E+00   -0.48530E+00   -0.41326E+00    0.30184E-01   -0.16163E-01   -0.59142E-01   -0.34165E+00   -0.53252E-01   -0.77271E-01    0.98098E-01   -0.23079E+00    0.38419E+00   -0.34421E+00    0.13328E+00   -0.27899E+00   -0.11060E+00    0.14054E-01   -0.11205E+00   -0.10031E+00    0.49680E-01    0.15930E+00
    0.38155E-04   -0.13785E-03    0.26069E-04    0.19364E-03    0.16876E-03    0.13461E-03   -0.69789E-03   -0.73433E+02   -0.74058E+01    0.60319E+01   -0.30630E+01   -0.30659E+01    0.76432E+01    0.56150E-01    0.24564E+00   -0.14342E+00    0.29953E-04   -0.12798E-03   -0.19832E-01   -0.41631E-01    0.23867E+00    0.12574E+00    0.19740E-01   -0.67332E-02   -0.38525E-01   -0.45070E-01    0.22299E-01   -0.46973E-01   -0.18611E-01   -0.92288E-02   -0.61074E-01    0.35576E-01   -0.17829E-01   -0.35656E-01    0.29193E-01   -0.64707E-01   -0.42160E-01    0.10552E-01    0.30703E-01   -0.85631E-03
   -0.60477E-06    0.57367E-05   -0.11864E-05    0.20349E-04    0.18876E-04    0.68488E-05    0.77223E-04   -0.92090E+00   -0.29293E+00   -0.97822E-01    0.40700E-01    0.91606E-01    0.56150E-01    0.82429E-02   -0.64856E-02    0.80117E-02    0.93969E-06   -0.26469E-04    0.37771E-02   -0.93129E-02    0.80412E-02    0.24017E-02    0.73166E-03   -0.86892E-03   -0.15427E-02    0.62220E-02    0.39180E-03   -0.12720E-02   -0.12932E-02   -0.15745E-02   -0.10160E-01   -0.11450E-02   -0.24546E-02   -0.33286E-02   -0.22391E-02   -0.15298E-02   -0.52810E-03   -0.34078E-02   -0.39720E-02   -0.13542E-02
   -0.42065E-05    0.80430E-05   -0.28214E-06   -0.17523E-03    0.44098E-03   -0.24803E-03   -0.48834E-03    0.46850E-02   -0.12348E+00   -0.71028E+00    0.17016E+00    0.30671E+00    0.24564E+00   -0.64856E-02    0.45226E-01   -0.12898E-01   -0.12980E-05    0.81810E-04    0.84965E-03   -0.35692E-01   -0.17946E-01   -0.52340E-02   -0.63997E-04    0.61522E-02   -0.16164E-02   -0.21087E-01   -0.57304E-02    0.64356E-02    0.22352E-04    0.55640E-02    0.29885E-01    0.27740E-02    0.57041E-02    0.54345E-02    0.64141E-02    0.35369E-02   -0.15491E-02    0.40752E-02    0.11918E-02    0.35240E-02
   -0.46870E-05    0.16865E-04   -0.39258E-05    0.10581E-04    0.19974E-03   -0.69571E-04    0.70412E-04    0.15411E+01   -0.16198E+00   -0.10736E+01    0.24354E+00    0.54190E+00   -0.14342E+00    0.80117E-02   -0.12898E-01    0.22618E-01    0.24282E-06   -0.21010E-04   -0.23710E-02    0.14194E-02    0.38876E-02   -0.10279E-01   -0.68365E-03   -0.42255E-02   -0.15385E-02    0.48971E-02    0.58412E-02   -0.70579E-02    0.89633E-02   -0.12273E-01   -0.14050E-01   -0.17939E-01   -0.22691E-03   -0.15819E-01   -0.10311E-01   -0.57010E-02   -0.20016E-02   -0.12876E-02    0.51329E-02    0.10332E-01
   -0.13289E-08    0.96057E-08   -0.15110E-08   -0.30664E-07   -0.51294E-07   -0.78792E-07    0.32288E-07    0.81167E-03    0.10847E-03    0.10590E-03   -0.11019E-03   -0.46867E-04    0.29953E-04    0.93969E-06   -0.12980E-05    0.24282E-06    0.15552E-06    0.91600E-08   -0.84422E-06    0.13115E-04   -0.23856E-04   -0.11717E-04   -0.48390E-05    0.27244E-05   -0.80925E-06    0.54683E-05    0.23783E-05   -0.23708E-05   -0.43723E-05   -0.26918E-05    0.33347E-05    0.45518E-05   -0.20220E-05    0.24740E-05    0.59791E-05    0.62295E-05    0.24775E-05   -0.19897E-05    0.25588E-05   -0.27070E-05
    0.91567E-09    0.82271E-07   -0.24944E-08   -0.52218E-06   -0.18402E-08   -0.13703E-06   -0.46830E-06   -0.22605E-02    0.30997E-02   -0.34115E-02   -0.11988E-02    0.14061E-02   -0.12798E-03   -0.26469E-04    0.81810E-04   -0.21010E-04    0.91600E-08    0.16501E-05   -0.71996E-05   -0.61791E-04    0.87368E-04    0.41544E-04   -0.15207E-04   -0.13162E-04   -0.37944E-05    0.23041E-03    0.33278E-05    0.33531E-05    0.14683E-04    0.42312E-04   -0.22507E-03   -0.12422E-04   -0.58512E-04    0.25431E-04   -0.52765E-05    0.25355E-04    0.21496E-04   -0.30479E-04   -0.58061E-04    0.17243E-04
    0.56865E-05   -0.24351E-04    0.51807E-05   -0.21628E-04   -0.34787E-03    0.10208E-03   -0.44240E-04   -0.49313E+00    0.95890E+00    0.29642E+00    0.47860E-01   -0.17811E+00   -0.19832E-01    0.37771E-02    0.84965E-03   -0.23710E-02   -0.84422E-06   -0.71996E-05    0.81825E-01    0.11296E-01    0.20913E-02    0.33773E-02    0.10987E-02    0.15533E-02   -0.37075E-02    0.11213E-02    0.14277E-03    0.62549E-03   -0.43620E-03    0.87952E-03   -0.39102E-02    0.12076E-02    0.17661E-02    0.72511E-03    0.10716E-02   -0.20010E-02    0.40548E-03    0.64125E-03    0.14477E-02    0.13508E-02
   -0.92012E-04    0.17954E-03   -0.59041E-04   -0.12366E-02    0.72363E-02   -0.33033E-02   -0.39723E-02   -0.13065E+02   -0.12757E+02   -0.10869E+02   -0.28580E+00   -0.68858E+00   -0.41631E-01   -0.93129E-02   -0.35692E-01    0.14194E-02    0.13115E-04   -0.61791E-04    0.11296E-01    0.77936E+01   -0.12214E-01   -0.25902E-01    0.32638E-01   -0.21451E-01   -0.19612E-01    0.39836E-01    0.42375E-01    0.35730E-02   -0.46960E-01   -0.54469E-01   -0.34290E-01   -0.34902E-01    0.12117E-01   -0.18964E-01    0.39594E-01   -0.98163E-02    0.52570E-01    0.64888E-02    0.85221E-02   -0.55050E-01
   -0.14308E-04    0.15594E-03   -0.15645E-04   -0.14323E-03    0.78699E-03   -0.33154E-03    0.69713E-03    0.10922E+02    0.76705E+00    0.13659E+01   -0.74837E+00   -0.48530E+00    0.23867E+00    0.80412E-02   -0.17946E-01    0.38876E-02   -0.23856E-04    0.87368E-04    0.20913E-02   -0.12214E-01    0.69687E+00   -0.13522E+00   -0.25783E-02    0.13415E-01    0.82556E-02    0.17940E+00   -0.48677E-01   -0.50513E-01   -0.76716E-02   -0.61111E-01    0.68652E-02    0.38407E-01   -0.32379E-01   -0.43783E-01   -0.13337E+00    0.14830E+00    0.24096E-01   -0.16594E-01    0.27275E-01    0.74925E-01
   -0.20905E-05   -0.62827E-04    0.15101E-04    0.16302E-03   -0.43371E-03    0.93129E-04    0.37827E-03   -0.10133E+02    0.37243E+00    0.80217E+00   -0.42924E+00   -0.41326E+00    0.12574E+00    0.24017E-02   -0.52340E-02   -0.10279E-01   -0.11717E-04    0.41544E-04    0.33773E-02   -0.25902E-01   -0.13522E+00    0.94141E+00    0.45550E-03    0.20391E-02   -0.76610E-02   -0.14735E+00    0.19805E+00    0.60553E-01   -0.25434E-01    0.35043E-01   -0.13028E+00    0.13674E-01    0.22864E-01    0.17146E-01    0.16963E+00   -0.22968E+00    0.43912E-01    0.10968E+00    0.97975E-02   -0.22744E+00
    0.31409E-05   -0.36391E-05    0.12419E-04   -0.35865E-04   -0.16180E-03    0.22549E-04   -0.67529E-04   -0.49113E+00    0.85823E-02   -0.26639E+00   -0.54080E-01    0.30184E-01    0.19740E-01    0.73166E-03   -0.63997E-04   -0.68365E-03   -0.48390E-05   -0.15207E-04    0.10987E-02    0.32638E-01   -0.25783E-02    0.45550E-03    0.98558E+00    0.11306E-01    0.87778E-02   -0.47455E-01   -0.32930E-01    0.16881E+00   -0.23071E-01    0.78504E-01   -0.22835E-02    0.38673E-01   -0.21168E-01   -0.28331E-01    0.10093E+00   -0.53155E-01    0.28156E-01    0.75444E-02   -0.18618E+00    0.82604E-01
   -0.88118E-05    0.19963E-04    0.25984E-07   -0.22295E-03    0.62397E-03   -0.63014E-04   -0.39815E-03    0.40399E+00    0.21317E+00    0.10403E+00    0.43322E-02   -0.16163E-01   -0.67332E-02   -0.86892E-03    0.61522E-02   -0.42255E-02    0.27244E-05   -0.13162E-04    0.15533E-02   -0.21451E-01    0.13415E-01    0.20391E-02    0.11306E-01    0.10096E+01    0.30424E-02    0.56827E-01   -0.73762E-01    0.60766E-01   -0.99187E-01    0.64202E-01    0.84565E-01    0.12896E+00    0.47878E-01    0.15699E+00   -0.83463E-01    0.10105E+00    0.32831E-01    0.11817E-01   -0.10673E+00    0.48027E-01
    0.38586E-05   -0.30008E-04    0.61120E-05    0.16856E-03   -0.63697E-03    0.63601E-04    0.34103E-03    0.45128E+00   -0.10078E+00    0.12688E+00   -0.26485E-02   -0.59142E-01   -0.38525E-01   -0.15427E-02   -0.16164E-02   -0.15385E-02   -0.80925E-06   -0.37944E-05   -0.37075E-02   -0.19612E-01    0.82556E-02   -0.76610E-02    0.87778E-02    0.30424E-02    0.98589E+00    0.29111E-01    0.47678E-01   -0.49259E-01    0.36668E-01    0.77780E-01    0.65959E-01   -0.61726E-01   -0.86241E-01    0.63040E-01    0.54659E-01    0.91430E-01   -0.77631E-01    0.83815E-01   -0.20150E-01   -0.35538E-02
   -0.40098E-06    0.38500E-04   -0.39120E-05    0.11063E-04    0.10207E-03    0.17832E-03    0.37754E-03   -0.11054E+00   -0.16267E+01    0.90810E+00    0.78121E+00   -0.34165E+00   -0.45070E-01    0.62220E-02   -0.21087E-01    0.48971E-02    0.54683E-05    0.23041E-03    0.11213E-02    0.39836E-01    0.17940E+00   -0.14735E+00   -0.47455E-01    0.56827E-01    0.29111E-01    0.86010E+00   -0.15645E-01   -0.10943E-01   -0.27895E-01   -0.26002E-01    0.15250E-01    0.12416E+00   -0.11597E+00    0.34714E-01   -0.62739E-01    0.64422E+00    0.24995E+00   -0.69562E-01   -0.56586E-01    0.64395E-01
   -0.11326E-05   -0.21274E-04   -0.20547E-05    0.43094E-04   -0.17715E-03    0.78168E-04    0.14107E-03   -0.45973E+01   -0.87765E+00    0.15203E+00    0.19476E+00   -0.53252E-01    0.22299E-01    0.39180E-03   -0.57304E-02    0.58412E-02    0.23783E-05    0.33278E-05    0.14277E-03    0.42375E-01   -0.48677E-01    0.19805E+00   -0.32930E-01   -0.73762E-01    0.47678E-01   -0.15645E-01    0.99875E+00    0.20985E-02    0.63034E-02   -0.12506E-01    0.44656E-01   -0.43104E-02   -0.44888E-01   -0.25405E-01    0.15225E+00   -0.87727E-01    0.26280E+00    0.77437E+00    0.30453E+00   -0.19408E+00
    0.63265E-05   -0.40173E-04    0.94021E-05   -0.20874E-03   -0.38087E-03    0.80189E-04   -0.47398E-03   -0.97586E+00   -0.24161E+00    0.23654E-01   -0.26828E-01   -0.77271E-01   -0.46973E-01   -0.12720E-02    0.64356E-02   -0.70579E-02   -0.23708E-05    0.33531E-05    0.62549E-03    0.35730E-02   -0.50513E-01    0.60553E-01    0.16881E+00    0.60766E-01   -0.49259E-01   -0.10943E-01    0.20985E-02    0.10096E+01    0.29290E-02   -0.10305E-01    0.84191E-01   -0.53967E-01    0.13485E+00    0.14781E+00   -0.13496E+00   -0.20326E+00    0.64727E+00    0.14409E+00   -0.61873E+00    0.17265E+00
    0.60761E-05   -0.16624E-04    0.11995E-04   -0.40741E-05   -0.60498E-03    0.13344E-03   -0.37759E-04   -0.18538E+00   -0.16334E+00   -0.58559E-01    0.62797E-01    0.98098E-01   -0.18611E-01   -0.12932E-02    0.22352E-04    0.89633E-02   -0.43723E-05    0.14683E-04   -0.43620E-03   -0.46960E-01   -0.76716E-02   -0.25434E-01   -0.23071E-01   -0.99187E-01    0.36668E-01   -0.27895E-01    0.63034E-02    0.29290E-02    0.97674E+00    0.46413E-02   -0.24531E-01   -0.92312E-01   -0.14264E+00   -0.26856E-01   -0.93745E-01   -0.89534E-01    0.70290E-01   -0.39564E-01    0.29812E+00    0.66497E+00
   -0.20108E-05    0.14404E-04   -0.39878E-05    0.68421E-04    0.23390E-03   -0.32657E-04    0.13875E-03   -0.11440E+01    0.28750E+00    0.49322E+00   -0.57606E-01   -0.23079E+00   -0.92288E-02   -0.15745E-02    0.55640E-02   -0.12273E-01   -0.26918E-05    0.42312E-04    0.87952E-03   -0.54469E-01   -0.61111E-01    0.35043E-01    0.78504E-01    0.64202E-01    0.77780E-01   -0.26002E-01   -0.12506E-01   -0.10305E-01    0.46413E-02    0.98622E+00   -0.55782E-01    0.88232E-01    0.26085E-01    0.16590E+00    0.14933E-01    0.11073E+00   -0.56748E+00    0.37852E+00   -0.33311E+00    0.22414E+00
   -0.56269E-05    0.15042E-05   -0.37758E-05    0.43815E-04    0.70966E-03   -0.49948E-04    0.58140E-04    0.14249E+01    0.10163E+01   -0.94231E+00   -0.34678E+00    0.38419E+00   -0.61074E-01   -0.10160E-01    0.29885E-01   -0.14050E-01    0.33347E-05   -0.22507E-03   -0.39102E-02   -0.34290E-01    0.68652E-02   -0.13028E+00   -0.22835E-02    0.84565E-01    0.65959E-01    0.15250E-01    0.44656E-01    0.84191E-01   -0.24531E-01   -0.55782E-01    0.92265E+00    0.65164E-02   -0.51219E-02    0.13575E-01   -0.39326E-02    0.59469E+00    0.17256E+00    0.12706E+00    0.49462E-01   -0.87748E-01
   -0.71721E-05    0.32282E-04   -0.43495E-05   -0.17217E-04    0.62294E-03   -0.13280E-03    0.94844E-04    0.39324E+00    0.26083E+00    0.52490E+00   -0.75983E-01   -0.34421E+00    0.35576E-01   -0.11450E-02    0.27740E-02   -0.17939E-01    0.45518E-05   -0.12422E-04    0.12076E-02   -0.34902E-01    0.38407E-01    0.13674E-01    0.38673E-01    0.12896E+00   -0.61726E-01    0.12416E+00   -0.43104E-02   -0.53967E-01   -0.92312E-01    0.88232E-01    0.65164E-02    0.97870E+00   -0.67450E-02    0.31592E-03   -0.12200E-01    0.10605E+00    0.15162E+00   -0.47907E-02    0.13678E+00    0.15393E+00
   -0.54993E-05   -0.28282E-05   -0.46553E-05   -0.11518E-04    0.43271E-03   -0.89061E-04   -0.12662E-03    0.71781E+00    0.26880E+00   -0.32524E+00   -0.40354E-01    0.13328E+00   -0.17829E-01   -0.24546E-02    0.57041E-02   -0.22691E-03   -0.20220E-05   -0.58512E-04    0.17661E-02    0.12117E-01   -0.32379E-01    0.22864E-01   -0.21168E-01    0.47878E-01   -0.86241E-01   -0.11597E+00   -0.44888E-01    0.13485E+00   -0.14264E+00    0.26085E-01   -0.51219E-02   -0.67450E-02    0.98900E+00   -0.14494E-01    0.25437E-02   -0.13040E+00    0.47837E-01    0.16335E+00    0.43653E-01   -0.66771E-01
   -0.50927E-05    0.15756E-04    0.11169E-05   -0.14134E-03    0.15070E-03   -0.38563E-04   -0.30591E-03    0.39642E+00   -0.11482E-01    0.55191E+00    0.67921E-01   -0.27899E+00   -0.35656E-01   -0.33286E-02    0.54345E-02   -0.15819E-01    0.24740E-05    0.25431E-04    0.72511E-03   -0.18964E-01   -0.43783E-01    0.17146E-01   -0.28331E-01    0.15699E+00    0.63040E-01    0.34714E-01   -0.25405E-01    0.14781E+00   -0.26856E-01    0.16590E+00    0.13575E-01    0.31592E-03   -0.14494E-01    0.98137E+00   -0.75146E-02    0.21562E-01    0.26889E-01    0.12345E+00   -0.26358E+00    0.11543E+00
    0.81579E-05   -0.60230E-04    0.17647E-04   -0.16198E-04   -0.47204E-03    0.72505E-04   -0.25730E-03   -0.35936E+01   -0.11021E+00   -0.25035E-01    0.16439E-01   -0.11060E+00    0.29193E-01   -0.22391E-02    0.64141E-02   -0.10311E-01    0.59791E-05   -0.52765E-05    0.10716E-02    0.39594E-01   -0.13337E+00    0.16963E+00    0.10093E+00   -0.83463E-01    0.54659E-01   -0.62739E-01    0.15225E+00   -0.13496E+00   -0.93745E-01    0.14933E-01   -0.39326E-02   -0.12200E-01    0.25437E-02   -0.75146E-02    0.97436E+00   -0.38570E-01   -0.58000E-01    0.37831E-01    0.17580E+00   -0.96555E-01
   -0.59201E-05    0.46023E-04   -0.92547E-05    0.10563E-03    0.71567E-03    0.58360E-04    0.47552E-03    0.14169E+01   -0.31401E+00    0.57769E-01    0.31795E+00    0.14054E-01   -0.64707E-01   -0.15298E-02    0.35369E-02   -0.57010E-02    0.62295E-05    0.25355E-04   -0.20010E-02   -0.98163E-02    0.14830E+00   -0.22968E+00   -0.53155E-01    0.10105E+00    0.91430E-01    0.64422E+00   -0.87727E-01   -0.20326E+00   -0.89534E-01    0.11073E+00    0.59469E+00    0.10605E+00   -0.13040E+00    0.21562E-01   -0.38570E-01    0.96437E+00   -0.15800E-01   -0.63501E-02    0.61368E-03   -0.28546E-01
    0.35974E-05   -0.33545E-04    0.84618E-05   -0.20252E-03   -0.29748E-03    0.14690E-03   -0.36752E-03   -0.12690E+01   -0.89310E+00    0.12304E+00    0.24158E+00   -0.11205E+00   -0.42160E-01   -0.52810E-03   -0.15491E-02   -0.20016E-02    0.24775E-05    0.21496E-04    0.40548E-03    0.52570E-01    0.24096E-01    0.43912E-01    0.28156E-01    0.32831E-01   -0.77631E-01    0.24995E+00    0.26280E+00    0.64727E+00    0.70290E-01   -0.56748E+00    0.17256E+00    0.15162E+00    0.47837E-01    0.26889E-01   -0.58000E-01   -0.15800E-01    0.10074E+01    0.10034E-01   -0.41132E-02   -0.17710E-01
   -0.37368E-05   -0.54373E-06   -0.36001E-05    0.10389E-03    0.19804E-03   -0.15187E-04    0.29649E-03   -0.24345E+01   -0.27294E+00    0.26577E+00   -0.20826E-02   -0.10031E+00    0.10552E-01   -0.34078E-02    0.40752E-02   -0.12876E-02   -0.19897E-05   -0.30479E-04    0.64125E-03    0.64888E-02   -0.16594E-01    0.10968E+00    0.75444E-02    0.11817E-01    0.83815E-01   -0.69562E-01    0.77437E+00    0.14409E+00   -0.39564E-01    0.37852E+00    0.12706E+00   -0.47907E-02    0.16335E+00    0.12345E+00    0.37831E-01   -0.63501E-02    0.10034E-01    0.99050E+00   -0.89090E-03   -0.42220E-02
   -0.14972E-05    0.12448E-06   -0.18815E-05    0.99856E-04   -0.82061E-04   -0.58503E-05    0.18609E-03    0.81915E-01    0.81775E-01   -0.31508E-01   -0.20026E-01    0.49680E-01    0.30703E-01   -0.39720E-02    0.11918E-02    0.51329E-02    0.25588E-05   -0.58061E-04    0.14477E-02    0.85221E-02    0.27275E-01    0.97975E-02   -0.18618E+00   -0.10673E+00   -0.20150E-01   -0.56586E-01    0.30453E+00   -0.61873E+00    0.29812E+00   -0.33311E+00    0.49462E-01    0.13678E+00    0.43653E-01   -0.26358E+00    0.17580E+00    0.61368E-03   -0.41132E-02   -0.89090E-03    0.98235E+00   -0.22817E-02
    0.39602E-05    0.13694E-04    0.86818E-05    0.21103E-04   -0.24917E-03    0.20818E-04    0.93566E-04    0.30280E+01   -0.48881E-02   -0.16600E+00    0.14479E+00    0.15930E+00   -0.85631E-03   -0.13542E-02    0.35240E-02    0.10332E-01   -0.27070E-05    0.17243E-04    0.13508E-02   -0.55050E-01    0.74925E-01   -0.22744E+00    0.82604E-01    0.48027E-01   -0.35538E-02    0.64395E-01   -0.19408E+00    0.17265E+00    0.66497E+00    0.22414E+00   -0.87748E-01    0.15393E+00   -0.66771E-01    0.11543E+00   -0.96555E-01   -0.28546E-01   -0.17710E-01   -0.42220E-02   -0.22817E-02    0.98041E+00
