# omegabh2 omegach2 theta tau nnu logA ns calPlanck acib217 xi asz143 aps100 aps143 aps143217 aps217 aksz kgal100 kgal143 kgal143217 kgal217 cal0 cal2
  9.4939105E-08   5.4604235E-07  -3.2118497E-08   8.2468762E-07   6.2379738E-05   3.3489002E-06   3.2025345E-06   2.2605431E-08   1.4640076E-04  -3.4106251E-06  -2.7690754E-05   8.0372053E-04   2.4565472E-04   8.8403771E-06  -9.6095142E-05   7.3128821E-05   2.3111733E-05   2.3486868E-05   1.8791062E-05  -2.6149405E-05   9.8709026E-10   4.0038521E-09
  5.4604235E-07   1.5772993E-05  -1.5622415E-06   2.0976593E-06   9.5121987E-04   4.5689459E-05   3.0451709E-05   1.0541406E-08   4.2894893E-03  -7.9003087E-05  -1.1596102E-03   2.2491901E-02   1.2704359E-02   4.2547357E-03   6.7752436E-04   1.9363441E-03   1.7460833E-04   2.7508649E-04   3.7735676E-04  -8.3977260E-04  -2.8967933E-08   1.0660551E-07
 -3.2118497E-08  -1.5622415E-06   3.3991816E-07  -1.0252011E-07  -9.4737009E-05  -4.1181831E-06  -2.7677231E-06   1.1709663E-08  -4.1376068E-04   6.9338924E-06   1.1786319E-04  -2.2816221E-03  -1.3694222E-03  -5.0652620E-04  -1.5506233E-04  -1.9145711E-04  -7.8817906E-06  -2.5404740E-05  -6.4860069E-05   3.8486117E-05   2.6406237E-09  -1.2156648E-08
  8.2468762E-07   2.0976593E-06  -1.0252011E-07   6.4138911E-05   5.1197449E-04   1.3450863E-04   3.3336000E-05  -4.5556162E-07   1.3721817E-06   8.0439453E-06  -1.3550884E-04   1.5798819E-03   6.2752389E-05  -4.0366761E-04  -6.5602894E-04   1.4090322E-04   1.8991858E-04   7.4056565E-05   6.6368548E-05  -3.4496759E-05  -1.4113556E-08  -2.3276661E-08
  6.2379738E-05   9.5121987E-04  -9.4737009E-05   5.1197449E-04   7.8458898E-02   3.6173363E-03   3.2781841E-03   7.3232599E-06   3.4801301E-01  -6.3967202E-03  -8.8050262E-02   1.7906901E+00   9.2928278E-01   2.7293297E-01  -2.0246664E-02   1.5572925E-01   2.0970018E-02   2.8568403E-02   3.5694353E-02  -6.3682782E-02  -3.1158592E-07   9.4468710E-06
  3.3489002E-06   4.5689459E-05  -4.1181831E-06   1.3450863E-04   3.6173363E-03   4.2047211E-04   1.5149835E-04   1.1649509E-05   1.1152239E-02  -1.4979044E-04  -3.2876781E-03   6.6353947E-02   3.4961049E-02   1.3133631E-02   6.2061395E-03   4.6741502E-03   4.0006446E-04   3.3292297E-04   7.0977876E-04  -7.3278939E-04   5.5630081E-08   2.2670487E-07
  3.2025345E-06   3.0451709E-05  -2.7677231E-06   3.3336000E-05   3.2781841E-03   1.5149835E-04   1.6844317E-04   5.0677153E-07   1.0174242E-02  -1.7960515E-04  -2.4316096E-03   4.9698988E-02   2.9107220E-02   1.0986568E-02   1.8059803E-03   4.0563612E-03   1.4277925E-03   1.0378309E-03   1.2640688E-03  -1.3525668E-03  -8.1398423E-08   3.2191084E-07
  2.2605431E-08   1.0541406E-08   1.1709663E-08  -4.5556162E-07   7.3232599E-06   1.1649509E-05   5.0677153E-07   6.1940590E-06   6.5564600E-04   1.8235515E-06   1.5342818E-05   3.6683595E-03   5.0832074E-04   4.4110407E-04   1.2634608E-03   1.4251858E-05  -7.1306048E-05   9.6577495E-06   3.8602733E-05   8.5400185E-04  -1.4830184E-08   5.2380844E-10
  1.4640076E-04   4.2894893E-03  -4.1376068E-04   1.3721817E-06   3.4801301E-01   1.1152239E-02   1.0174242E-02   6.5564600E-04   4.6782703E+01  -3.9802596E-01  -1.4821238E+00   4.5642448E+01   6.8076817E+00  -1.1735828E+01  -5.5718833E+01   8.3142566E-01   3.8459873E-01   7.7117588E-01  -5.8386357E+00  -3.4477898E+01  -2.3543525E-04   7.7589828E-04
 -3.4106251E-06  -7.9003087E-05   6.9338924E-06   8.0439453E-06  -6.3967202E-03  -1.4979044E-04  -1.7960515E-04   1.8235515E-06  -3.9802596E-01   8.1795671E-02  -3.5222899E-02  -6.6509963E-01   8.2177830E-01   1.6193613E+00   6.0110208E-01   2.7267595E-02  -4.4286561E-03   1.0869809E-02   1.1266688E-01   1.6205047E-01   5.6864125E-06   4.0842584E-07
 -2.7690754E-05  -1.1596102E-03   1.1786319E-04  -1.3550884E-04  -8.8050262E-02  -3.2876781E-03  -2.4316096E-03   1.5342818E-05  -1.4821238E+00  -3.5222899E-02   4.0148252E+00  -3.2723055E+01  -4.6001846E+00   7.5330101E+00   5.5997017E+00  -3.0127382E+00  -2.0432162E-01   1.1297269E-01   2.5936727E+00   3.4399013E+00   1.2333141E-04  -5.9769170E-05
  8.0372053E-04   2.2491901E-02  -2.2816221E-03   1.5798819E-03   1.7906901E+00   6.6353947E-02   4.9698988E-02   3.6683595E-03   4.5642448E+01  -6.6509963E-01  -3.2723055E+01   8.2319774E+02   9.3501049E+01  -4.6952808E+01  -6.0512972E+01   1.8117123E+01  -6.0844180E+00   6.3446407E+00  -1.1671735E+01  -2.7021357E+01   3.5837503E-03   7.8709091E-04
  2.4565472E-04   1.2704359E-02  -1.3694222E-03   6.2752389E-05   9.2928278E-01   3.4961049E-02   2.9107220E-02   5.0832074E-04   6.8076817E+00   8.2177830E-01  -4.6001846E+00   9.3501049E+01   7.5275420E+01   4.4170775E+01   1.5235951E+01  -2.8538410E+00  -2.8245565E-01  -1.0134190E+00   4.0356521E+00   3.7945633E+00   9.3153542E-05   3.1667298E-04
  8.8403771E-06   4.2547357E-03  -5.0652620E-04  -4.0366761E-04   2.7293297E-01   1.3133631E-02   1.0986568E-02   4.4110407E-04  -1.1735828E+01   1.6193613E+00   7.5330101E+00  -4.6952808E+01   4.4170775E+01   8.6527931E+01   5.3989285E+01  -1.1761991E+01  -7.5029454E-01  -5.6313087E-01   5.4108933E+00   8.8891889E+00   5.3886891E-04  -2.8858672E-04
 -9.6095142E-05   6.7752436E-04  -1.5506233E-04  -6.5602894E-04  -2.0246664E-02   6.2061395E-03   1.8059803E-03   1.2634608E-03  -5.5718833E+01   6.0110208E-01   5.5997017E+00  -6.0512972E+01   1.5235951E+01   5.3989285E+01   1.0546062E+02  -9.8321231E+00  -9.0089176E-01  -1.3356717E+00   5.6674081E+00   3.4387854E+01   5.3693329E-04  -1.3801190E-03
  7.3128821E-05   1.9363441E-03  -1.9145711E-04   1.4090322E-04   1.5572925E-01   4.6741502E-03   4.0563612E-03   1.4251858E-05   8.3142566E-01   2.7267595E-02  -3.0127382E+00   1.8117123E+01  -2.8538410E+00  -1.1761991E+01  -9.8321231E+00   6.4340173E+00   1.2980317E-01  -1.5004789E-01  -2.0280566E+00  -2.5349038E+00  -9.1237920E-05   4.8305282E-05
  2.3111733E-05   1.7460833E-04  -7.8817906E-06   1.8991858E-04   2.0970018E-02   4.0006446E-04   1.4277925E-03  -7.1306048E-05   3.8459873E-01  -4.4286561E-03  -2.0432162E-01  -6.0844180E+00  -2.8245565E-01  -7.5029454E-01  -9.0089176E-01   1.2980317E-01   3.3369919E+00   5.6787846E-01   2.0090248E-01   7.4877830E-02   1.7863007E-04   2.0651225E-05
  2.3486868E-05   2.7508649E-04  -2.5404740E-05   7.4056565E-05   2.8568403E-02   3.3292297E-04   1.0378309E-03   9.6577495E-06   7.7117588E-01   1.0869809E-02   1.1297269E-01   6.3446407E+00  -1.0134190E+00  -5.6313087E-01  -1.3356717E+00  -1.5004789E-01   5.6787846E-01   3.1843485E+00   2.7091879E+00   2.6118590E+00  -1.7431707E-04  -2.5506841E-05
  1.8791062E-05   3.7735676E-04  -6.4860069E-05   6.6368548E-05   3.5694353E-02   7.0977876E-04   1.2640688E-03   3.8602733E-05  -5.8386357E+00   1.1266688E-01   2.5936727E+00  -1.1671735E+01   4.0356521E+00   5.4108933E+00   5.6674081E+00  -2.0280566E+00   2.0090248E-01   2.7091879E+00   1.0871931E+01   1.9512738E+01  -1.0389693E-05   4.1858069E-04
 -2.6149405E-05  -8.3977260E-04   3.8486117E-05  -3.4496759E-05  -6.3682782E-02  -7.3278939E-04  -1.3525668E-03   8.5400185E-04  -3.4477898E+01   1.6205047E-01   3.4399013E+00  -2.7021357E+01   3.7945633E+00   8.8891889E+00   3.4387854E+01  -2.5349038E+00   7.4877830E-02   2.6118590E+00   1.9512738E+01   5.4769497E+01   1.0316493E-04   9.1125464E-04
  9.8709026E-10  -2.8967933E-08   2.6406237E-09  -1.4113556E-08  -3.1158592E-07   5.5630081E-08  -8.1398423E-08  -1.4830184E-08  -2.3543525E-04   5.6864125E-06   1.2333141E-04   3.5837503E-03   9.3153542E-05   5.3886891E-04   5.3693329E-04  -9.1237920E-05   1.7863007E-04  -1.7431707E-04  -1.0389693E-05   1.0316493E-04   3.8260562E-07  -1.4957248E-09
  4.0038521E-09   1.0660551E-07  -1.2156648E-08  -2.3276661E-08   9.4468710E-06   2.2670487E-07   3.2191084E-07   5.2380844E-10   7.7589828E-04   4.0842584E-07  -5.9769170E-05   7.8709091E-04   3.1667298E-04  -2.8858672E-04  -1.3801190E-03   4.8305282E-05   2.0651225E-05  -2.5506841E-05   4.1858069E-04   9.1125464E-04  -1.4957248E-09   3.8716233E-07
