# omegabh2 omegach2 theta tau nnu ns logA aps100 aps143 aps217 acib143 acib217 asz143 psr cibr cal0 cal2 xi aksz bm_1_1
    0.70817E-06    0.31588E-05   -0.29005E-07    0.46789E-04    0.54548E-03    0.29102E-04    0.97141E-04   -0.57633E-03    0.27025E-03    0.22019E-03   -0.72418E-05    0.11810E-03    0.20513E-04   -0.15615E-07    0.94689E-05   -0.69825E-10    0.17299E-08   -0.19102E-05   -0.35998E-07   -0.17215E-04
    0.31588E-05    0.39626E-04   -0.21922E-05    0.19474E-03    0.37471E-02    0.14883E-03    0.45123E-03    0.14781E-01    0.95854E-02    0.32444E-02    0.33800E-02    0.69474E-02    0.39379E-03    0.78129E-06    0.18779E-03    0.16053E-07    0.15026E-06   -0.45511E-04    0.10204E-02    0.51685E-03
   -0.29005E-07   -0.21922E-05    0.47319E-06   -0.15616E-05   -0.13950E-03   -0.30464E-05   -0.67975E-05   -0.82005E-03   -0.61258E-03   -0.20615E-03   -0.23507E-03   -0.47748E-03   -0.30825E-04    0.47870E-08   -0.12466E-04    0.26407E-08   -0.50732E-08    0.53240E-05   -0.87741E-04   -0.41121E-04
    0.46789E-04    0.19474E-03   -0.15616E-05    0.39383E-02    0.37009E-01    0.20779E-02    0.80514E-02   -0.97721E-01    0.41625E-01    0.56032E-01   -0.15550E-01   -0.18598E-01   -0.49248E-03   -0.22553E-05    0.37480E-04   -0.98763E-07    0.27909E-06    0.49947E-04   -0.42462E-02   -0.27724E-02
    0.54548E-03    0.37471E-02   -0.13950E-03    0.37009E-01    0.51113E+00    0.24699E-01    0.78883E-01    0.62504E+00    0.76018E+00    0.30593E+00    0.25050E+00    0.54242E+00    0.35923E-01    0.52316E-04    0.16999E-01    0.84496E-06    0.11425E-04   -0.39418E-02    0.69542E-01    0.20575E-01
    0.29102E-04    0.14883E-03   -0.30464E-05    0.20779E-02    0.24699E-01    0.13100E-02    0.43200E-02   -0.12822E-01    0.34480E-01    0.29489E-01    0.69185E-03    0.53349E-02    0.46161E-03    0.40997E-05    0.33223E-03   -0.93685E-07    0.46757E-06   -0.47529E-04   -0.23380E-03   -0.43802E-03
    0.97141E-04    0.45123E-03   -0.67975E-05    0.80514E-02    0.78883E-01    0.43200E-02    0.16566E-01   -0.14804E+00    0.10918E+00    0.12715E+00   -0.26875E-01   -0.29585E-01   -0.98090E-03    0.21810E-06    0.22181E-03   -0.10112E-06    0.10362E-05    0.72503E-04   -0.73363E-02   -0.41384E-02
   -0.57633E-03    0.14781E-01   -0.82005E-03   -0.97721E-01    0.62504E+00   -0.12822E-01   -0.14804E+00    0.26874E+04    0.22444E+03    0.13718E+03    0.90848E+02   -0.34695E+02   -0.27635E+02    0.57026E-01   -0.52536E+01    0.96679E-03    0.37379E-02    0.22411E+01   -0.65025E+01    0.11835E+02
    0.27025E-03    0.95854E-02   -0.61258E-03    0.41625E-01    0.76018E+00    0.34480E-01    0.10918E+00    0.22444E+03    0.18393E+03    0.13685E+03   -0.33927E+02   -0.48920E+02   -0.58868E+01    0.38910E-01   -0.15349E+01   -0.20475E-04    0.52091E-03    0.49821E+00   -0.59029E+01    0.29239E+00
    0.22019E-03    0.32444E-02   -0.20615E-03    0.56032E-01    0.30593E+00    0.29489E-01    0.12715E+00    0.13718E+03    0.13685E+03    0.23137E+03   -0.32840E+02   -0.92980E+02   -0.49774E+01    0.49063E-01   -0.21658E+01   -0.83941E-04   -0.44534E-02    0.48743E+00   -0.60971E+01    0.33472E+00
   -0.72418E-05    0.33800E-02   -0.23507E-03   -0.15550E-01    0.25050E+00    0.69185E-03   -0.26875E-01    0.90848E+02   -0.33927E+02   -0.32840E+02    0.30453E+02    0.19835E+02   -0.63454E+00   -0.76337E-02    0.81179E-01   -0.13581E-04   -0.13309E-03    0.16874E+00   -0.30071E+00   -0.63569E+00
    0.11810E-03    0.69474E-02   -0.47748E-03   -0.18598E-01    0.54242E+00    0.53349E-02   -0.29585E-01   -0.34695E+02   -0.48920E+02   -0.92980E+02    0.19835E+02    0.50665E+02    0.27329E+01   -0.20169E-01    0.11668E+01    0.61911E-04    0.24744E-02   -0.24399E+00   -0.10111E+00    0.64409E-01
    0.20513E-04    0.39379E-03   -0.30825E-04   -0.49248E-03    0.35923E-01    0.46161E-03   -0.98090E-03   -0.27635E+02   -0.58868E+01   -0.49774E+01   -0.63454E+00    0.27329E+01    0.73092E+00   -0.17826E-02    0.16078E+00    0.79556E-05   -0.12218E-03   -0.57500E-01    0.16796E-01    0.10576E+00
   -0.15615E-07    0.78129E-06    0.47870E-08   -0.22553E-05    0.52316E-04    0.40997E-05    0.21810E-06    0.57026E-01    0.38910E-01    0.49063E-01   -0.76337E-02   -0.20169E-01   -0.17826E-02    0.18433E-03   -0.59597E-03    0.21922E-07   -0.54172E-06    0.22788E-03   -0.14812E-02    0.69358E-04
    0.94689E-05    0.18779E-03   -0.12466E-04    0.37480E-04    0.16999E-01    0.33223E-03    0.22181E-03   -0.52536E+01   -0.15349E+01   -0.21658E+01    0.81179E-01    0.11668E+01    0.16078E+00   -0.59597E-03    0.52601E-01    0.15016E-05    0.25282E-04   -0.11144E-01    0.10124E-01    0.22400E-01
   -0.69825E-10    0.16053E-07    0.26407E-08   -0.98763E-07    0.84496E-06   -0.93685E-07   -0.10112E-06    0.96679E-03   -0.20475E-04   -0.83941E-04   -0.13581E-04    0.61911E-04    0.79556E-05    0.21922E-07    0.15016E-05    0.15847E-06    0.13729E-08   -0.14510E-05    0.20393E-05   -0.31215E-04
    0.17299E-08    0.15026E-06   -0.50732E-08    0.27909E-06    0.11425E-04    0.46757E-06    0.10362E-05    0.37379E-02    0.52091E-03   -0.44534E-02   -0.13309E-03    0.24744E-02   -0.12218E-03   -0.54172E-06    0.25282E-04    0.13729E-08    0.94038E-06    0.30248E-05   -0.53661E-05    0.20890E-04
   -0.19102E-05   -0.45511E-04    0.53240E-05    0.49947E-04   -0.39418E-02   -0.47529E-04    0.72503E-04    0.22411E+01    0.49821E+00    0.48743E+00    0.16874E+00   -0.24399E+00   -0.57500E-01    0.22788E-03   -0.11144E-01   -0.14510E-05    0.30248E-05    0.23470E-01   -0.92531E-02   -0.10902E-01
   -0.35998E-07    0.10204E-02   -0.87741E-04   -0.42462E-02    0.69542E-01   -0.23380E-03   -0.73363E-02   -0.65025E+01   -0.59029E+01   -0.60971E+01   -0.30071E+00   -0.10111E+00    0.16796E-01   -0.14812E-02    0.10124E-01    0.20393E-05   -0.53661E-05   -0.92531E-02    0.20755E+01    0.18485E-01
   -0.17215E-04    0.51685E-03   -0.41121E-04   -0.27724E-02    0.20575E-01   -0.43802E-03   -0.41384E-02    0.11835E+02    0.29239E+00    0.33472E+00   -0.63569E+00    0.64409E-01    0.10576E+00    0.69358E-04    0.22400E-01   -0.31215E-04    0.20890E-04   -0.10902E-01    0.18485E-01    0.63257E+00
