# omegabh2 omegach2 theta tau alpha1 logA ns acib217 acibsz143 asz143 aps100 aps143 aps143217 aps217 aksz kgal100 t1gal143 t1gal143217 t1gal217 calib_100T calib_217T
    0.6864462E-07   -0.2136501E-06    0.3558393E-07    0.1324471E-05   -0.1532346E-06    0.2325026E-05    0.4618387E-06   -0.3628172E-03   -0.1872354E-03    0.9481028E-05   -0.9335124E-03   -0.4103331E-03    0.5078200E-05    0.1804982E-04   -0.7108369E-04    0.1049558E-02    0.6013790E-03    0.6143249E-03    0.6141571E-03   -0.6180045E-07    0.6143761E-08
   -0.2136501E-06    0.5470281E-05   -0.6416389E-06   -0.8842283E-05   -0.1224078E-05   -0.4140824E-05   -0.1423940E-04    0.1002019E-02    0.6119195E-03   -0.1879583E-03    0.8148135E-03    0.9984915E-03   -0.2176072E-03    0.5390407E-04   -0.4458678E-04    0.3830990E-02    0.2193661E-02    0.1679803E-02    0.1599795E-02   -0.2637426E-06   -0.1175984E-07
    0.3558393E-07   -0.6416389E-06    0.3069327E-06    0.3203344E-06    0.4352206E-06   -0.9480842E-06    0.2445432E-05   -0.1968666E-03   -0.1370129E-03   -0.3648415E-04   -0.1838606E-03    0.8053530E-04    0.1585995E-03    0.5196398E-04   -0.1819570E-04   -0.3978875E-03   -0.1816179E-03   -0.9499840E-04   -0.4054479E-04    0.4485250E-07   -0.8032024E-08
    0.1324471E-05   -0.8842283E-05    0.3203344E-06    0.2211031E-03   -0.6176078E-05    0.4257869E-03    0.2602088E-04   -0.1624301E-01   -0.7022518E-02   -0.2512355E-03   -0.2077074E-01   -0.1634833E-02    0.1279075E-01    0.1642515E-01   -0.3333807E-02    0.3362934E-02   -0.6314425E-02   -0.9212708E-02   -0.1098826E-01   -0.6539969E-06    0.1151618E-05
   -0.1532346E-06   -0.1224078E-05    0.4352206E-06   -0.6176078E-05    0.3830138E-05   -0.1772542E-04    0.7945530E-05   -0.2844458E-03   -0.1841034E-03   -0.2517258E-03    0.1762281E-02    0.1819543E-02    0.1355789E-02    0.1184258E-02   -0.1601226E-03   -0.4164645E-02   -0.2039098E-02   -0.2149683E-02   -0.2176390E-02    0.3998892E-06    0.1788093E-07
    0.2325026E-05   -0.4140824E-05   -0.9480842E-06    0.4257869E-03   -0.1772542E-04    0.8696932E-03    0.1100294E-04   -0.2928082E-01   -0.1323223E-01   -0.1776673E-02   -0.1506239E-01    0.1420848E-01    0.3896278E-01    0.4407408E-01   -0.7567592E-02   -0.7823388E-02   -0.5693234E-01   -0.6377845E-01   -0.6724040E-01   -0.4629687E-05    0.1992163E-05
    0.4618387E-06   -0.1423940E-04    0.2445432E-05    0.2602088E-04    0.7945530E-05    0.1100294E-04    0.6102163E-04   -0.1436059E-01   -0.6725825E-02   -0.1310499E-02   -0.1400251E-01    0.4952370E-02    0.1539238E-01    0.1658575E-01   -0.2990360E-02   -0.1284414E-01   -0.9932459E-02   -0.1041411E-01   -0.9734755E-02    0.1331302E-05    0.5060282E-06
   -0.3628172E-03    0.1002019E-02   -0.1968666E-03   -0.1624301E-01   -0.2844458E-03   -0.2928082E-01   -0.1436059E-01    0.6980854E+02    0.2579478E+02    0.6576639E+00    0.2701918E+02   -0.1805117E+02   -0.6539395E+02   -0.8438964E+02   -0.2858537E+01   -0.1482995E+02   -0.2241597E+02   -0.2718278E+02   -0.3172011E+02    0.2460065E-03   -0.3414589E-02
   -0.1872354E-03    0.6119195E-03   -0.1370129E-03   -0.7022518E-02   -0.1841034E-03   -0.1323223E-01   -0.6725825E-02    0.2579478E+02    0.1863683E+02    0.2135898E+01   -0.8176862E+01   -0.2172132E+02   -0.4384227E+02   -0.2632106E+02   -0.1372629E+01   -0.7871899E+01   -0.1180598E+02   -0.1887236E+02   -0.2025540E+02    0.9674256E-04   -0.1630682E-03
    0.9481028E-05   -0.1879583E-03   -0.3648415E-04   -0.2512355E-03   -0.2517258E-03   -0.1776673E-02   -0.1310499E-02    0.6576639E+00    0.2135898E+01    0.5534336E+01   -0.3567088E+02   -0.1596683E+02   -0.4564111E+01   -0.4998804E+00   -0.2700757E+00   -0.2844443E+01   -0.5457065E+00    0.3094743E+01    0.3608571E+01   -0.7736471E-04    0.1839581E-03
   -0.9335124E-03    0.8148135E-03   -0.1838606E-03   -0.2077074E-01    0.1762281E-02   -0.1506239E-01   -0.1400251E-01    0.2701918E+02   -0.8176862E+01   -0.3567088E+02    0.7452091E+03    0.1765736E+03    0.6798735E+02    0.1040111E+02   -0.1128225E+02   -0.8849961E+02   -0.6871130E+02   -0.7491155E+02   -0.7259222E+02   -0.3073721E-02   -0.4034604E-02
   -0.4103331E-03    0.9984915E-03    0.8053530E-04   -0.1634833E-02    0.1819543E-02    0.1420848E-01    0.4952370E-02   -0.1805117E+02   -0.2172132E+02   -0.1596683E+02    0.1765736E+03    0.1231081E+03    0.9658539E+02    0.5610125E+02   -0.1043061E+02   -0.2608507E+02   -0.4545082E+02   -0.4037798E+02   -0.3795628E+02   -0.1154624E-02   -0.9655173E-03
    0.5078200E-05   -0.2176072E-03    0.1585995E-03    0.1279075E-01    0.1355789E-02    0.3896278E-01    0.1539238E-01   -0.6539395E+02   -0.4384227E+02   -0.4564111E+01    0.6798735E+02    0.9658539E+02    0.1523278E+03    0.1133991E+03   -0.8298571E+01   -0.1714165E+02   -0.2745136E+02   -0.1767991E+02   -0.1829838E+02   -0.1732743E-02    0.1897759E-02
    0.1804982E-04    0.5390407E-04    0.5196398E-04    0.1642515E-01    0.1184258E-02    0.4407408E-01    0.1658575E-01   -0.8438964E+02   -0.2632106E+02   -0.4998804E+00    0.1040111E+02    0.5610125E+02    0.1133991E+03    0.1532107E+03   -0.8222478E+01   -0.1619064E+02   -0.2768633E+02   -0.3546691E+02   -0.3896512E+02   -0.1825245E-02    0.6346391E-02
   -0.7108369E-04   -0.4458678E-04   -0.1819570E-04   -0.3333807E-02   -0.1601226E-03   -0.7567592E-02   -0.2990360E-02   -0.2858537E+01   -0.1372629E+01   -0.2700757E+00   -0.1128225E+02   -0.1043061E+02   -0.8298571E+01   -0.8222478E+01    0.8297322E+01   -0.2839703E+01   -0.3920763E+01   -0.4357422E+01   -0.4659724E+01   -0.8210920E-05    0.1888828E-03
    0.1049558E-02    0.3830990E-02   -0.3978875E-03    0.3362934E-02   -0.4164645E-02   -0.7823388E-02   -0.1284414E-01   -0.1482995E+02   -0.7871899E+01   -0.2844443E+01   -0.8849961E+02   -0.2608507E+02   -0.1714165E+02   -0.1619064E+02   -0.2839703E+01    0.2472004E+03    0.1580562E+03    0.1545434E+03    0.1518812E+03   -0.1409794E-01    0.6768911E-03
    0.6013790E-03    0.2193661E-02   -0.1816179E-03   -0.6314425E-02   -0.2039098E-02   -0.5693234E-01   -0.9932459E-02   -0.2241597E+02   -0.1180598E+02   -0.5457065E+00   -0.6871130E+02   -0.4545082E+02   -0.2745136E+02   -0.2768633E+02   -0.3920763E+01    0.1580562E+03    0.2712231E+03    0.2746691E+03    0.2735047E+03    0.8137239E-02    0.8628891E-03
    0.6143249E-03    0.1679803E-02   -0.9499840E-04   -0.9212708E-02   -0.2149683E-02   -0.6377845E-01   -0.1041411E-01   -0.2718278E+02   -0.1887236E+02    0.3094743E+01   -0.7491155E+02   -0.4037798E+02   -0.1767991E+02   -0.3546691E+02   -0.4357422E+01    0.1545434E+03    0.2746691E+03    0.3179577E+03    0.3435374E+03    0.8047287E-02   -0.4719815E-02
    0.6141571E-03    0.1599795E-02   -0.4054479E-04   -0.1098826E-01   -0.2176390E-02   -0.6724040E-01   -0.9734755E-02   -0.3172011E+02   -0.2025540E+02    0.3608571E+01   -0.7259222E+02   -0.3795628E+02   -0.1829838E+02   -0.3896512E+02   -0.4659724E+01    0.1518812E+03    0.2735047E+03    0.3435374E+03    0.3962855E+03    0.8006155E-02   -0.9800029E-02
   -0.6180045E-07   -0.2637426E-06    0.4485250E-07   -0.6539969E-06    0.3998892E-06   -0.4629687E-05    0.1331302E-05    0.2460065E-03    0.9674256E-04   -0.7736471E-04   -0.3073721E-02   -0.1154624E-02   -0.1732743E-02   -0.1825245E-02   -0.8210920E-05   -0.1409794E-01    0.8137239E-02    0.8047287E-02    0.8006155E-02    0.3078334E-05    0.1063239E-07
    0.6143761E-08   -0.1175984E-07   -0.8032024E-08    0.1151618E-05    0.1788093E-07    0.1992163E-05    0.5060282E-06   -0.3414589E-02   -0.1630682E-03    0.1839581E-03   -0.4034604E-02   -0.9655173E-03    0.1897759E-02    0.6346391E-02    0.1888828E-03    0.6768911E-03    0.8628891E-03   -0.4719815E-02   -0.9800029E-02    0.1063239E-07    0.1487361E-05
