# omegabh2 omegach2 theta tau meffsterile nnu logA ns acib217 acibsz143 asz143 aps100 aps143 aps143217 aps217 aksz kgal100 t1gal143 t1gal143217 t1gal217 galfEE100 galfEE100143 galfEE100217 galfEE143 galfEE143217 galfEE217 galfTE100 galfTE100143 galfTE100217 galfTE143 galfTE143217 galfTE217 calib_100T calib_217T
    0.3575696E-07    0.2687309E-06   -0.2093003E-07    0.8699457E-06    0.4591076E-05    0.2140665E-04    0.2285587E-05    0.9319402E-06   -0.2995143E-04   -0.1481790E-04    0.1065212E-04   -0.8591337E-04   -0.8790477E-04   -0.4103188E-04   -0.4772066E-04    0.5278243E-05    0.5765654E-03    0.3682067E-03    0.4017277E-03    0.4110940E-03    0.1140762E-06    0.2092694E-06    0.2710039E-06    0.2114486E-06    0.2787022E-06    0.2259096E-06   -0.1542336E-05   -0.2461091E-05   -0.3341665E-05   -0.3369334E-05   -0.4894804E-05   -0.8265442E-05   -0.3874001E-07   -0.9960952E-10
    0.2687309E-06    0.9452519E-05   -0.8332208E-06    0.3636775E-05   -0.8425273E-05    0.4800788E-03    0.2430326E-04    0.1431115E-04    0.3980895E-02    0.1858374E-02    0.2194257E-03    0.5268095E-04   -0.2456061E-02   -0.5679376E-02   -0.5866006E-02    0.1006763E-02    0.1247129E-01    0.1236333E-01    0.1260226E-01    0.1273859E-01    0.6355348E-06    0.1299086E-05    0.1063321E-05    0.1467677E-05    0.1193079E-05   -0.6249725E-06   -0.2485282E-05   -0.1459793E-04   -0.2491314E-04   -0.2187779E-06    0.1403747E-05    0.4304845E-05   -0.3567336E-06   -0.2211241E-06
   -0.2093003E-07   -0.8332208E-06    0.1524747E-06   -0.2915739E-06   -0.9722445E-06   -0.4564539E-04   -0.1983928E-05   -0.1365612E-05   -0.3486763E-03   -0.1349840E-03   -0.1831097E-04    0.7695483E-05    0.2125957E-03    0.4769719E-03    0.5972367E-03   -0.1069949E-03   -0.1108307E-02   -0.1180474E-02   -0.1204393E-02   -0.1204321E-02   -0.1766118E-06   -0.2860332E-06   -0.3312906E-06   -0.1776577E-06   -0.3453707E-06   -0.3155094E-06    0.6401495E-07    0.1687550E-05    0.2435220E-05    0.6072789E-06    0.5440646E-07   -0.4411484E-06    0.1529619E-07    0.2015104E-07
    0.8699457E-06    0.3636775E-05   -0.2915739E-06    0.1375682E-03    0.4061903E-03    0.6312308E-03    0.2761819E-03    0.3961799E-04   -0.3375846E-02   -0.9668481E-03    0.1903820E-03   -0.6208190E-02   -0.9845100E-03    0.2185357E-02    0.4557906E-02   -0.8263012E-03    0.5597469E-02    0.1261418E-01    0.9062215E-02    0.5034109E-02    0.7524915E-05    0.1102547E-04    0.1374090E-04    0.9253693E-05    0.1144508E-04    0.1391423E-04   -0.5559686E-04   -0.7520356E-04   -0.7712153E-04   -0.1382518E-03   -0.1796268E-03   -0.2632006E-03    0.8763352E-06    0.9600221E-06
    0.4591076E-05   -0.8425273E-05   -0.9722445E-06    0.4061903E-03    0.1076921E-01    0.3925988E-02    0.8204726E-03    0.8024061E-04    0.2506432E-01    0.1715236E-01    0.2055153E-03    0.1052674E+00    0.6099305E-02   -0.2429964E-01   -0.1895521E-01    0.9086909E-02   -0.1032838E-01    0.3431586E-01    0.3855058E-01    0.4679543E-01   -0.1049935E-05    0.3435415E-04    0.4140384E-04    0.7770271E-05    0.1199249E-04   -0.1815263E-04   -0.2390265E-03   -0.3869288E-03   -0.6426902E-03   -0.6807143E-03   -0.9676703E-03   -0.1586402E-02    0.3744041E-05   -0.1707917E-05
    0.2140665E-04    0.4800788E-03   -0.4564539E-04    0.6312308E-03    0.3925988E-02    0.2945077E-01    0.2109276E-02    0.1017229E-02    0.2062002E+00    0.9877154E-01    0.1511135E-01    0.5030262E-03   -0.1490313E+00   -0.3127354E+00   -0.3172464E+00    0.5457839E-01    0.7003127E+00    0.7186243E+00    0.7323108E+00    0.7391347E+00    0.8026412E-04    0.1505553E-03    0.1571446E-03    0.1415366E-03    0.1635367E-03    0.8902982E-04   -0.4199285E-03   -0.1214818E-02   -0.1846903E-02   -0.1002493E-02   -0.1341102E-02   -0.2025180E-02   -0.1691132E-04   -0.1069203E-04
    0.2285587E-05    0.2430326E-04   -0.1983928E-05    0.2761819E-03    0.8204726E-03    0.2109276E-02    0.5928456E-03    0.1015946E-03   -0.9151646E-03    0.3790049E-03    0.3065543E-04   -0.5531207E-03    0.1457289E-02    0.1372214E-02    0.4684096E-02   -0.2871176E-03    0.2513179E-01    0.2863942E-01    0.2238044E-01    0.1495516E-01    0.1391710E-04    0.2120322E-04    0.2615591E-04    0.1771028E-04    0.2054618E-04    0.2169222E-04   -0.1202007E-03   -0.1661504E-03   -0.1971783E-03   -0.2472528E-03   -0.3204855E-03   -0.4569109E-03    0.5036734E-07    0.1450924E-05
    0.9319402E-06    0.1431115E-04   -0.1365612E-05    0.3961799E-04    0.8024061E-04    0.1017229E-02    0.1015946E-03    0.5483762E-04   -0.3542725E-02   -0.1739535E-02   -0.5697503E-03   -0.7218378E-02    0.1906041E-02    0.4268199E-02    0.4224031E-02   -0.6915138E-03    0.1996943E-01    0.1849167E-01    0.1789702E-01    0.1797378E-01    0.8905657E-05    0.1241810E-04    0.1337874E-04    0.1203953E-04    0.1456154E-04    0.1265749E-04   -0.3146404E-04   -0.5010535E-04   -0.6064738E-04   -0.5827271E-04   -0.8109284E-04   -0.1243280E-03   -0.3078018E-06    0.1369109E-06
   -0.2995143E-04    0.3980895E-02   -0.3486763E-03   -0.3375846E-02    0.2506432E-01    0.2062002E+00   -0.9151646E-03   -0.3542725E-02    0.7656063E+02    0.3104462E+02    0.1973753E+01    0.6550666E+01   -0.3171617E+02   -0.8311229E+02   -0.9497361E+02   -0.3876562E+01   -0.4333186E+00   -0.1070726E+02   -0.1732676E+02   -0.2239828E+02   -0.2811103E-02   -0.2444335E-02   -0.3388703E-02   -0.1498871E-02   -0.4679847E-02   -0.1460435E-01    0.2837306E-01    0.1964769E-01    0.3179563E-01   -0.1855485E-01   -0.4637564E-01   -0.1157214E+00   -0.1139523E-03   -0.3408596E-02
   -0.1481790E-04    0.1858374E-02   -0.1349840E-03   -0.9668481E-03    0.1715236E-01    0.9877154E-01    0.3790049E-03   -0.1739535E-02    0.3104462E+02    0.2182869E+02    0.2907359E+01   -0.1843890E+02   -0.2987942E+02   -0.5437400E+02   -0.3429614E+02   -0.1396763E+01   -0.3612806E+01   -0.9210428E+01   -0.1745933E+02   -0.1913252E+02   -0.1307295E-02   -0.1399502E-02   -0.1793371E-02   -0.1199596E-02   -0.2454249E-02   -0.7566518E-02    0.4062797E-02    0.7421662E-02    0.2002629E-01    0.7496691E-02    0.2270059E-02   -0.1612886E-01   -0.9926959E-04   -0.3127330E-03
    0.1065212E-04    0.2194257E-03   -0.1831097E-04    0.1903820E-03    0.2055153E-03    0.1511135E-01    0.3065543E-04   -0.5697503E-03    0.1973753E+01    0.2907359E+01    0.5716189E+01   -0.3870274E+02   -0.1747495E+02   -0.6603483E+01   -0.2070106E+01   -0.2785642E+00   -0.2938699E+01   -0.2325382E+01    0.1149864E+01    0.1572613E+01   -0.2727309E-03   -0.2587311E-03   -0.6166134E-03   -0.1085835E-03   -0.4453549E-03   -0.1910983E-02   -0.2536993E-02   -0.2487010E-02   -0.8014776E-02   -0.1086970E-02   -0.8291858E-02   -0.1569618E-01   -0.2258417E-03    0.1540186E-03
   -0.8591337E-04    0.5268095E-04    0.7695483E-05   -0.6208190E-02    0.1052674E+00    0.5030262E-03   -0.5531207E-03   -0.7218378E-02    0.6550666E+01   -0.1843890E+02   -0.3870274E+02    0.7269309E+03    0.1752004E+03    0.7681229E+02    0.2069002E+02   -0.1307331E+02   -0.3148969E+02    0.7169925E+01   -0.1946079E+01   -0.2638597E+01   -0.4255375E-02   -0.2070644E-02   -0.1918952E-02   -0.3900112E-02   -0.3926330E-02   -0.1251962E-01    0.4432445E-01    0.1039282E+00    0.1270425E+00    0.5166378E-01    0.6558237E-01    0.1613417E+00   -0.1259157E-02   -0.2575479E-02
   -0.8790477E-04   -0.2456061E-02    0.2125957E-03   -0.9845100E-03    0.6099305E-02   -0.1490313E+00    0.1457289E-02    0.1906041E-02   -0.3171617E+02   -0.2987942E+02   -0.1747495E+02    0.1752004E+03    0.1254855E+03    0.1071009E+03    0.6186240E+02   -0.1036872E+02   -0.2097949E+01   -0.6416424E+01    0.2028670E+01    0.6471699E+01    0.2299499E-02    0.1791473E-02    0.2150315E-02    0.2692801E-03    0.4272096E-03    0.4361203E-02    0.2039789E-01    0.4441602E-01    0.3575930E-01    0.4966412E-01    0.7964827E-01    0.1414234E+00    0.1189108E-03   -0.8797456E-03
   -0.4103188E-04   -0.5679376E-02    0.4769719E-03    0.2185357E-02   -0.2429964E-01   -0.3127354E+00    0.1372214E-02    0.4268199E-02   -0.8311229E+02   -0.5437400E+02   -0.6603483E+01    0.7681229E+02    0.1071009E+03    0.1729119E+03    0.1268266E+03   -0.7795948E+01   -0.4092558E+01    0.1776051E+01    0.1603090E+02    0.1741865E+02    0.4575022E-02    0.4320865E-02    0.4917286E-02    0.2192551E-02    0.4497229E-02    0.1235389E-01   -0.8919405E-02    0.1758457E-01   -0.3449467E-03    0.3379434E-01    0.6794188E-01    0.1530465E+00   -0.1942462E-03    0.2190971E-02
   -0.4772066E-04   -0.5866006E-02    0.5972367E-03    0.4557906E-02   -0.1895521E-01   -0.3172464E+00    0.4684096E-02    0.4224031E-02   -0.9497361E+02   -0.3429614E+02   -0.2070106E+01    0.2069002E+02    0.6186240E+02    0.1268266E+03    0.1574269E+03   -0.6524025E+01   -0.1183791E+02   -0.7371155E+01   -0.1141002E+02   -0.1293295E+02    0.4802945E-02    0.3662441E-02    0.4309611E-02    0.8007373E-03    0.3582451E-02    0.9236993E-02   -0.4028506E-01    0.1135109E-01    0.7826978E-02    0.7228724E-01    0.1205914E+00    0.2297926E+00   -0.2936047E-03    0.6099639E-02
    0.5278243E-05    0.1006763E-02   -0.1069949E-03   -0.8263012E-03    0.9086909E-02    0.5457839E-01   -0.2871176E-03   -0.6915138E-03   -0.3876562E+01   -0.1396763E+01   -0.2785642E+00   -0.1307331E+02   -0.1036872E+02   -0.7795948E+01   -0.6524025E+01    0.7928732E+01   -0.1299428E+01   -0.2922201E+01   -0.3769081E+01   -0.4099081E+01   -0.1380467E-02   -0.1232452E-02   -0.1131922E-02   -0.1138124E-02   -0.8430849E-03    0.2976474E-02   -0.5973015E-02   -0.1186943E-01   -0.1402736E-01   -0.3042491E-02    0.4732049E-02    0.1176039E-01   -0.1383106E-03    0.2596354E-03
    0.5765654E-03    0.1247129E-01   -0.1108307E-02    0.5597469E-02   -0.1032838E-01    0.7003127E+00    0.2513179E-01    0.1996943E-01   -0.4333186E+00   -0.3612806E+01   -0.2938699E+01   -0.3148969E+02   -0.2097949E+01   -0.4092558E+01   -0.1183791E+02   -0.1299428E+01    0.1845273E+03    0.8830789E+02    0.8738057E+02    0.8641954E+02    0.2703141E-03    0.3072010E-02    0.2800808E-02    0.2192171E-02    0.9699687E-02    0.1421815E-01   -0.5499873E-02   -0.9967441E-01   -0.1050990E+00   -0.9140269E-01   -0.1171787E+00   -0.1430153E+00   -0.1384392E-01   -0.3880259E-03
    0.3682067E-03    0.1236333E-01   -0.1180474E-02    0.1261418E-01    0.3431586E-01    0.7186243E+00    0.2863942E-01    0.1849167E-01   -0.1070726E+02   -0.9210428E+01   -0.2325382E+01    0.7169925E+01   -0.6416424E+01    0.1776051E+01   -0.7371155E+01   -0.2922201E+01    0.8830789E+02    0.1532471E+03    0.1559656E+03    0.1548322E+03    0.3268212E-02    0.7660708E-02    0.7989312E-02    0.1036552E-01    0.1391438E-01    0.1232719E-01    0.1627904E-01   -0.8956023E-01   -0.9794280E-01   -0.1767642E+00   -0.2082292E+00   -0.2649543E+00    0.3729462E-02    0.6364801E-06
    0.4017277E-03    0.1260226E-01   -0.1204393E-02    0.9062215E-02    0.3855058E-01    0.7323108E+00    0.2238044E-01    0.1789702E-01   -0.1732676E+02   -0.1745933E+02    0.1149864E+01   -0.1946079E+01    0.2028670E+01    0.1603090E+02   -0.1141002E+02   -0.3769081E+01    0.8738057E+02    0.1559656E+03    0.1977072E+03    0.2213867E+03    0.1596896E-02    0.6589230E-02    0.6364802E-02    0.1084433E-01    0.1338676E-01    0.1303937E-01    0.4284946E-01   -0.7364640E-01   -0.1188659E+00   -0.1683250E+00   -0.2197942E+00   -0.2718984E+00    0.3419128E-02   -0.5088550E-02
    0.4110940E-03    0.1273859E-01   -0.1204321E-02    0.5034109E-02    0.4679543E-01    0.7391347E+00    0.1495516E-01    0.1797378E-01   -0.2239828E+02   -0.1913252E+02    0.1572613E+01   -0.2638597E+01    0.6471699E+01    0.1741865E+02   -0.1293295E+02   -0.4099081E+01    0.8641954E+02    0.1548322E+03    0.2213867E+03    0.2695821E+03    0.4648415E-04    0.5654664E-02    0.4904579E-02    0.1075820E-01    0.1258386E-01    0.1312622E-01    0.6821773E-01   -0.5085166E-01   -0.9838245E-01   -0.1430423E+00   -0.1870042E+00   -0.2218557E+00    0.3328758E-02   -0.9551794E-02
    0.1140762E-06    0.6355348E-06   -0.1766118E-06    0.7524915E-05   -0.1049935E-05    0.8026412E-04    0.1391710E-04    0.8905657E-05   -0.2811103E-02   -0.1307295E-02   -0.2727309E-03   -0.4255375E-02    0.2299499E-02    0.4575022E-02    0.4802945E-02   -0.1380467E-02    0.2703141E-03    0.3268212E-02    0.1596896E-02    0.4648415E-04    0.6631066E-04    0.2252573E-04    0.2766665E-04    0.1159003E-04    0.1469906E-04    0.2102758E-04   -0.1280440E-03   -0.7354530E-04   -0.5827405E-04   -0.2119494E-04   -0.1487802E-04   -0.3290520E-04    0.6774415E-06    0.4486585E-06
    0.2092694E-06    0.1299086E-05   -0.2860332E-06    0.1102547E-04    0.3435415E-04    0.1505553E-03    0.2120322E-04    0.1241810E-04   -0.2444335E-02   -0.1399502E-02   -0.2587311E-03   -0.2070644E-02    0.1791473E-02    0.4320865E-02    0.3662441E-02   -0.1232452E-02    0.3072010E-02    0.7660708E-02    0.6589230E-02    0.5654664E-02    0.2252573E-04    0.4072851E-04    0.3664177E-04    0.2974598E-04    0.3112439E-04    0.3009673E-04   -0.6298159E-04   -0.1001367E-03   -0.7478296E-04   -0.1183495E-03   -0.1229095E-03   -0.1347692E-03    0.6558540E-06    0.2440938E-06
    0.2710039E-06    0.1063321E-05   -0.3312906E-06    0.1374090E-04    0.4140384E-04    0.1571446E-03    0.2615591E-04    0.1337874E-04   -0.3388703E-02   -0.1793371E-02   -0.6166134E-03   -0.1918952E-02    0.2150315E-02    0.4917286E-02    0.4309611E-02   -0.1131922E-02    0.2800808E-02    0.7989312E-02    0.6364802E-02    0.4904579E-02    0.2766665E-04    0.3664177E-04    0.1173831E-03    0.2590286E-04    0.5990458E-04    0.1069552E-03   -0.9656662E-04   -0.1265894E-03   -0.1303679E-03   -0.1038958E-03   -0.1858237E-03   -0.4258586E-03    0.5656461E-06    0.3249149E-06
    0.2114486E-06    0.1467677E-05   -0.1776577E-06    0.9253693E-05    0.7770271E-05    0.1415366E-03    0.1771028E-04    0.1203953E-04   -0.1498871E-02   -0.1199596E-02   -0.1085835E-03   -0.3900112E-02    0.2692801E-03    0.2192551E-02    0.8007373E-03   -0.1138124E-02    0.2192171E-02    0.1036552E-01    0.1084433E-01    0.1075820E-01    0.1159003E-04    0.2974598E-04    0.2590286E-04    0.8329242E-04    0.5584988E-04    0.4135101E-04   -0.2996798E-04   -0.7581592E-04   -0.2025229E-04   -0.1721818E-03   -0.1438743E-03   -0.7974348E-04    0.1017340E-05    0.6034277E-08
    0.2787022E-06    0.1193079E-05   -0.3453707E-06    0.1144508E-04    0.1199249E-04    0.1635367E-03    0.2054618E-04    0.1456154E-04   -0.4679847E-02   -0.2454249E-02   -0.4453549E-03   -0.3926330E-02    0.4272096E-03    0.4497229E-02    0.3582451E-02   -0.8430849E-03    0.9699687E-02    0.1391438E-01    0.1338676E-01    0.1258386E-01    0.1469906E-04    0.3112439E-04    0.5990458E-04    0.5584988E-04    0.1277219E-03    0.1630532E-03   -0.5263547E-04   -0.1069468E-03   -0.9825345E-04   -0.1961877E-03   -0.2300269E-03   -0.3142407E-03    0.4365985E-06    0.3783705E-06
    0.2259096E-06   -0.6249725E-06   -0.3155094E-06    0.1391423E-04   -0.1815263E-04    0.8902982E-04    0.2169222E-04    0.1265749E-04   -0.1460435E-01   -0.7566518E-02   -0.1910983E-02   -0.1251962E-01    0.4361203E-02    0.1235389E-01    0.9236993E-02    0.2976474E-02    0.1421815E-01    0.1232719E-01    0.1303937E-01    0.1312622E-01    0.2102758E-04    0.3009673E-04    0.1069552E-03    0.4135101E-04    0.1630532E-03    0.6428935E-03   -0.1356244E-03   -0.1972535E-03   -0.3071411E-03   -0.1594662E-03   -0.2966010E-03   -0.4869639E-03   -0.5123061E-06    0.6488737E-06
   -0.1542336E-05   -0.2485282E-05    0.6401495E-07   -0.5559686E-04   -0.2390265E-03   -0.4199285E-03   -0.1202007E-03   -0.3146404E-04    0.2837306E-01    0.4062797E-02   -0.2536993E-02    0.4432445E-01    0.2039789E-01   -0.8919405E-02   -0.4028506E-01   -0.5973015E-02   -0.5499873E-02    0.1627904E-01    0.4284946E-01    0.6821773E-01   -0.1280440E-03   -0.6298159E-04   -0.9656662E-04   -0.2996798E-04   -0.5263547E-04   -0.1356244E-03    0.1223087E-01    0.7518797E-02    0.8139395E-02    0.1209411E-02    0.1198113E-02    0.1320288E-02    0.1944545E-05   -0.7434903E-05
   -0.2461091E-05   -0.1459793E-04    0.1687550E-05   -0.7520356E-04   -0.3869288E-03   -0.1214818E-02   -0.1661504E-03   -0.5010535E-04    0.1964769E-01    0.7421662E-02   -0.2487010E-02    0.1039282E+00    0.4441602E-01    0.1758457E-01    0.1135109E-01   -0.1186943E-01   -0.9967441E-01   -0.8956023E-01   -0.7364640E-01   -0.5085166E-01   -0.7354530E-04   -0.1001367E-03   -0.1265894E-03   -0.7581592E-04   -0.1069468E-03   -0.1972535E-03    0.7518797E-02    0.1053927E-01    0.1151125E-01    0.6796934E-02    0.6475602E-02    0.5578669E-02    0.4203887E-05   -0.6301098E-05
   -0.3341665E-05   -0.2491314E-04    0.2435220E-05   -0.7712153E-04   -0.6426902E-03   -0.1846903E-02   -0.1971783E-03   -0.6064738E-04    0.3179563E-01    0.2002629E-01   -0.8014776E-02    0.1270425E+00    0.3575930E-01   -0.3449467E-03    0.7826978E-02   -0.1402736E-01   -0.1050990E+00   -0.9794280E-01   -0.1188659E+00   -0.9838245E-01   -0.5827405E-04   -0.7478296E-04   -0.1303679E-03   -0.2025229E-04   -0.9825345E-04   -0.3071411E-03    0.8139395E-02    0.1151125E-01    0.2324954E-01    0.3276432E-02    0.1007811E-01    0.2040257E-01    0.5548096E-05   -0.6638084E-05
   -0.3369334E-05   -0.2187779E-06    0.6072789E-06   -0.1382518E-03   -0.6807143E-03   -0.1002493E-02   -0.2472528E-03   -0.5827271E-04   -0.1855485E-01    0.7496691E-02   -0.1086970E-02    0.5166378E-01    0.4966412E-01    0.3379434E-01    0.7228724E-01   -0.3042491E-02   -0.9140269E-01   -0.1767642E+00   -0.1683250E+00   -0.1430423E+00   -0.2119494E-04   -0.1183495E-03   -0.1038958E-03   -0.1721818E-03   -0.1961877E-03   -0.1594662E-03    0.1209411E-02    0.6796934E-02    0.3276432E-02    0.1910734E-01    0.1699843E-01    0.1208178E-01   -0.4743231E-05   -0.1741231E-05
   -0.4894804E-05    0.1403747E-05    0.5440646E-07   -0.1796268E-03   -0.9676703E-03   -0.1341102E-02   -0.3204855E-03   -0.8109284E-04   -0.4637564E-01    0.2270059E-02   -0.8291858E-02    0.6558237E-01    0.7964827E-01    0.6794188E-01    0.1205914E+00    0.4732049E-02   -0.1171787E+00   -0.2082292E+00   -0.2197942E+00   -0.1870042E+00   -0.1487802E-04   -0.1229095E-03   -0.1858237E-03   -0.1438743E-03   -0.2300269E-03   -0.2966010E-03    0.1198113E-02    0.6475602E-02    0.1007811E-01    0.1699843E-01    0.2671427E-01    0.3926498E-01   -0.2939679E-05   -0.1590488E-05
   -0.8265442E-05    0.4304845E-05   -0.4411484E-06   -0.2632006E-03   -0.1586402E-02   -0.2025180E-02   -0.4569109E-03   -0.1243280E-03   -0.1157214E+00   -0.1612886E-01   -0.1569618E-01    0.1613417E+00    0.1414234E+00    0.1530465E+00    0.2297926E+00    0.1176039E-01   -0.1430153E+00   -0.2649543E+00   -0.2718984E+00   -0.2218557E+00   -0.3290520E-04   -0.1347692E-03   -0.4258586E-03   -0.7974348E-04   -0.3142407E-03   -0.4869639E-03    0.1320288E-02    0.5578669E-02    0.2040257E-01    0.1208178E-01    0.3926498E-01    0.1007116E+00   -0.6641834E-05    0.6932614E-06
   -0.3874001E-07   -0.3567336E-06    0.1529619E-07    0.8763352E-06    0.3744041E-05   -0.1691132E-04    0.5036734E-07   -0.3078018E-06   -0.1139523E-03   -0.9926959E-04   -0.2258417E-03   -0.1259157E-02    0.1189108E-03   -0.1942462E-03   -0.2936047E-03   -0.1383106E-03   -0.1384392E-01    0.3729462E-02    0.3419128E-02    0.3328758E-02    0.6774415E-06    0.6558540E-06    0.5656461E-06    0.1017340E-05    0.4365985E-06   -0.5123061E-06    0.1944545E-05    0.4203887E-05    0.5548096E-05   -0.4743231E-05   -0.2939679E-05   -0.6641834E-05    0.2475028E-05    0.9060538E-08
   -0.9960952E-10   -0.2211241E-06    0.2015104E-07    0.9600221E-06   -0.1707917E-05   -0.1069203E-04    0.1450924E-05    0.1369109E-06   -0.3408596E-02   -0.3127330E-03    0.1540186E-03   -0.2575479E-02   -0.8797456E-03    0.2190971E-02    0.6099639E-02    0.2596354E-03   -0.3880259E-03    0.6364801E-06   -0.5088550E-02   -0.9551794E-02    0.4486585E-06    0.2440938E-06    0.3249149E-06    0.6034277E-08    0.3783705E-06    0.6488737E-06   -0.7434903E-05   -0.6301098E-05   -0.6638084E-05   -0.1741231E-05   -0.1590488E-05    0.6932614E-06    0.9060538E-08    0.1326387E-05
