# omegabh2 omegach2 theta tau mnu logA ns calPlanck acib217 xi asz143 aps100 aps143 aps143217 aps217 aksz kgal100 kgal143 kgal143217 kgal217 cal0 cal2
  3.6199691E-08  -6.1727154E-08   1.8396238E-08   2.4204440E-07   5.4598122E-07   4.9311290E-07   2.7560490E-07   2.8327205E-08  -1.4085360E-04   2.8595622E-06   4.1288128E-05  -7.0748180E-04  -4.1113620E-04  -1.2404194E-04  -1.5403265E-05  -6.0606536E-05   9.2180982E-06  -3.4382717E-06  -5.1477181E-06   4.6603240E-05   1.1254106E-10  -1.5943251E-09
 -6.1727154E-08   1.6720465E-06  -7.7579531E-08  -1.7031254E-06  -2.0520062E-05   5.2924154E-07  -3.5114594E-06  -9.6523787E-08  -2.3660678E-05   4.0849190E-06  -1.4266673E-05  -7.1089672E-06   3.6323161E-04   4.2339073E-04   2.9115421E-04  -2.4459018E-05  -2.7638160E-05   1.5937137E-05   6.1731454E-06  -1.2372586E-05  -1.3854597E-08  -1.3065845E-09
  1.8396238E-08  -7.7579531E-08   1.7411035E-07   2.0361069E-07   1.5268568E-06   4.4019436E-07   4.0322295E-07   2.2270956E-08   1.3885121E-05  -1.1786667E-06   1.8182418E-06   2.3854629E-05   2.7389289E-06  -2.3534797E-05  -2.9833517E-05  -7.0686907E-06   9.8271727E-06   8.7227456E-06   3.8274447E-06   3.2760807E-06   2.3358378E-09  -3.6144510E-10
  2.4204440E-07  -1.7031254E-06   2.0361069E-07   6.3689779E-05   3.1947574E-05   1.2301293E-04   7.0122029E-06  -1.7301243E-07  -2.5315236E-03   8.4922758E-05   4.5628976E-04  -9.4555538E-03  -3.8739424E-03   2.7817322E-04   1.0741541E-03  -1.1146363E-03   2.2173826E-05  -3.5232462E-04  -1.3374542E-04   9.6017752E-04  -1.1514482E-08  -5.7505149E-08
  5.4598122E-07  -2.0520062E-05   1.5268568E-06   3.1947574E-05   2.3416085E-03   1.2989143E-05   3.9530322E-05   1.0898683E-06   5.9737229E-03  -1.1622756E-04  -1.1849657E-03   3.0156837E-02   1.2105879E-02   2.0591541E-04  -3.5937074E-03   2.4072888E-03   3.7083549E-05   1.3187508E-04  -1.1242961E-04  -2.5922143E-03   7.9892364E-08  -2.0759054E-08
  4.9311290E-07   5.2924154E-07   4.4019436E-07   1.2301293E-04   1.2989143E-05   2.7650474E-04   4.6364280E-06   1.2356598E-05  -6.1151969E-03   2.3731513E-04   1.1074810E-03  -1.9348030E-02  -6.3718682E-03   4.5226207E-03   9.5423070E-03  -3.3588605E-03  -4.7370307E-04  -1.5169534E-03  -7.2986345E-04   3.7883722E-03   1.0501623E-07  -1.2417076E-07
  2.7560490E-07  -3.5114594E-06   4.0322295E-07   7.0122029E-06   3.9530322E-05   4.6364280E-06   1.8203026E-05   4.2840856E-07  -4.5139126E-03   8.6227781E-05   1.0799914E-03  -2.3961666E-02  -7.1560971E-03   1.4599428E-03   4.9135943E-03  -2.4708759E-03   4.4439140E-04  -3.8034682E-04  -3.4485668E-04   1.4963665E-03  -7.7316672E-08  -9.2009427E-08
  2.8327205E-08  -9.6523787E-08   2.2270956E-08  -1.7301243E-07   1.0898683E-06   1.2356598E-05   4.2840856E-07   6.3844360E-06   3.2928802E-04   7.5241523E-06   6.7099267E-05   2.7790781E-03   3.0421130E-04   5.4272701E-04   1.7033336E-03  -6.6103686E-05  -5.0586361E-05  -9.7643803E-05   4.3314647E-05   1.0194620E-03  -1.3508712E-09   3.1438677E-09
 -1.4085360E-04  -2.3660678E-05   1.3885121E-05  -2.5315236E-03   5.9737229E-03  -6.1151969E-03  -4.5139126E-03   3.2928802E-04   4.5129117E+01  -3.9372970E-01  -8.2100477E-01   3.7825629E+01   2.9043864E+00  -1.2745486E+01  -5.5549210E+01  -2.2236608E-01   7.4012849E-02   5.5055618E-01  -5.6082695E+00  -3.3117148E+01  -1.8256703E-04   8.0953203E-04
  2.8595622E-06   4.0849190E-06  -1.1786667E-06   8.4922758E-05  -1.1622756E-04   2.3731513E-04   8.6227781E-05   7.5241523E-06  -3.9372970E-01   8.2976638E-02  -4.3647141E-02  -6.5409480E-01   8.6600696E-01   1.6524617E+00   6.0607369E-01   5.7070083E-02  -2.1133244E-03   5.2557031E-03   9.7908412E-02   1.2666943E-01   5.9464299E-06  -3.8013545E-06
  4.1288128E-05  -1.4266673E-05   1.8182418E-06   4.5628976E-04  -1.1849657E-03   1.1074810E-03   1.0799914E-03   6.7099267E-05  -8.2100477E-01  -4.3647141E-02   3.9682137E+00  -3.1211110E+01  -3.4005108E+00   7.9301831E+00   5.4929356E+00  -2.9761161E+00  -2.0777888E-01   1.4820760E-01   2.6091034E+00   3.1822921E+00   1.1458745E-04  -4.6513014E-05
 -7.0748180E-04  -7.1089672E-06   2.3854629E-05  -9.4555538E-03   3.0156837E-02  -1.9348030E-02  -2.3961666E-02   2.7790781E-03   3.7825629E+01  -6.5409480E-01  -3.1211110E+01   7.9184760E+02   7.1838619E+01  -5.9033577E+01  -6.3940197E+01   1.6133040E+01  -6.4309440E+00   5.8389561E+00  -1.1994253E+01  -2.5096218E+01   3.7634022E-03   5.9639578E-04
 -4.1113620E-04   3.6323161E-04   2.7389289E-06  -3.8739424E-03   1.2105879E-02  -6.3718682E-03  -7.1560971E-03   3.0421130E-04   2.9043864E+00   8.6600696E-01  -3.4005108E+00   7.1838619E+01   6.3929420E+01   4.0495360E+01   1.5417918E+01  -4.9501879E+00  -4.3255305E-01  -1.3101049E+00   3.5446752E+00   3.6212286E+00   1.3582070E-04   9.6514425E-05
 -1.2404194E-04   4.2339073E-04  -2.3534797E-05   2.7817322E-04   2.0591541E-04   4.5226207E-03   1.4599428E-03   5.4272701E-04  -1.2745486E+01   1.6524617E+00   7.9301831E+00  -5.9033577E+01   4.0495360E+01   8.5949558E+01   5.4414573E+01  -1.2563385E+01  -7.7007278E-01  -8.8278289E-01   4.5335168E+00   7.2611332E+00   5.1189182E-04  -4.7164226E-04
 -1.5403265E-05   2.9115421E-04  -2.9833517E-05   1.0741541E-03  -3.5937074E-03   9.5423070E-03   4.9135943E-03   1.7033336E-03  -5.5549210E+01   6.0607369E-01   5.4929356E+00  -6.3940197E+01   1.5417918E+01   5.4414573E+01   1.0608824E+02  -9.8412347E+00  -6.0895707E-01  -1.2971853E+00   5.1775975E+00   3.2857551E+01   5.0073493E-04  -1.5068023E-03
 -6.0606536E-05  -2.4459018E-05  -7.0686907E-06  -1.1146363E-03   2.4072888E-03  -3.3588605E-03  -2.4708759E-03  -6.6103686E-05  -2.2236608E-01   5.7070083E-02  -2.9761161E+00   1.6133040E+01  -4.9501879E+00  -1.2563385E+01  -9.8412347E+00   6.5289171E+00   1.1087244E-01  -1.4679896E-01  -2.1083615E+00  -2.2775609E+00  -8.3741528E-05   1.8192814E-05
  9.2180982E-06  -2.7638160E-05   9.8271727E-06   2.2173826E-05   3.7083549E-05  -4.7370307E-04   4.4439140E-04  -5.0586361E-05   7.4012849E-02  -2.1133244E-03  -2.0777888E-01  -6.4309440E+00  -4.3255305E-01  -7.7007278E-01  -6.0895707E-01   1.1087244E-01   3.3963479E+00   5.4125173E-01   1.9522462E-01   2.3732529E-01   1.6346306E-04   5.9569583E-06
 -3.4382717E-06   1.5937137E-05   8.7227456E-06  -3.5232462E-04   1.3187508E-04  -1.5169534E-03  -3.8034682E-04  -9.7643803E-05   5.5055618E-01   5.2557031E-03   1.4820760E-01   5.8389561E+00  -1.3101049E+00  -8.8278289E-01  -1.2971853E+00  -1.4679896E-01   5.4125173E-01   3.1818765E+00   2.7539157E+00   2.7412918E+00  -1.8848348E-04  -4.7592983E-05
 -5.1477181E-06   6.1731454E-06   3.8274447E-06  -1.3374542E-04  -1.1242961E-04  -7.2986345E-04  -3.4485668E-04   4.3314647E-05  -5.6082695E+00   9.7908412E-02   2.6091034E+00  -1.1994253E+01   3.5446752E+00   4.5335168E+00   5.1775975E+00  -2.1083615E+00   1.9522462E-01   2.7539157E+00   1.0841379E+01   1.9181889E+01  -3.1917718E-05   4.0534195E-04
  4.6603240E-05  -1.2372586E-05   3.2760807E-06   9.6017752E-04  -2.5922143E-03   3.7883722E-03   1.4963665E-03   1.0194620E-03  -3.3117148E+01   1.2666943E-01   3.1822921E+00  -2.5096218E+01   3.6212286E+00   7.2611332E+00   3.2857551E+01  -2.2775609E+00   2.3732529E-01   2.7412918E+00   1.9181889E+01   5.3292698E+01   3.0939385E-05   9.0012041E-04
  1.1254106E-10  -1.3854597E-08   2.3358378E-09  -1.1514482E-08   7.9892364E-08   1.0501623E-07  -7.7316672E-08  -1.3508712E-09  -1.8256703E-04   5.9464299E-06   1.1458745E-04   3.7634022E-03   1.3582070E-04   5.1189182E-04   5.0073493E-04  -8.3741528E-05   1.6346306E-04  -1.8848348E-04  -3.1917718E-05   3.0939385E-05   3.7268975E-07  -1.8532080E-09
 -1.5943251E-09  -1.3065845E-09  -3.6144510E-10  -5.7505149E-08  -2.0759054E-08  -1.2417076E-07  -9.2009427E-08   3.1438677E-09   8.0953203E-04  -3.8013545E-06  -4.6513014E-05   5.9639578E-04   9.6514425E-05  -4.7164226E-04  -1.5068023E-03   1.8192814E-05   5.9569583E-06  -4.7592983E-05   4.0534195E-04   9.0012041E-04  -1.8532080E-09   3.9384669E-07
