# omegabh2 omegach2 theta tau Alens logA ns calPlanck aps100 aps143 aps217 acib217 asz143 psr cibr xi aksz dust100 dust143 dust217 dust143x217 cal0 cal2 calTE calEE
  3.5639844E-08  -1.9215920E-07   2.9015566E-08   7.2310258E-07   5.7068591E-06   1.0676573E-06   5.9226588E-07  -5.4835247E-09  -7.3393800E-04  -4.6831920E-04   1.3582090E-04  -2.2584646E-04   2.8866235E-05   1.8246941E-06  -3.6908139E-06   1.7105074E-06  -6.0724361E-05   4.5677836E-07  -4.2950380E-07   1.1367562E-06  -4.5927200E-07   6.0123572E-09  -1.3751077E-08  -2.8093685E-07  -3.2538523E-07
 -1.9215920E-07   2.5239106E-06  -2.3859206E-07  -8.8055379E-06  -4.0704997E-05  -1.1690120E-05  -6.5000965E-06   4.6887819E-08   3.3457864E-03   2.4729699E-03  -3.9616116E-04   1.0988440E-03  -1.2721437E-04  -5.7455600E-06   1.6173985E-05  -1.0319115E-05   2.8854169E-04  -2.3023047E-06   2.1988149E-06  -5.8369978E-06   2.2667687E-06  -5.6902456E-08   5.2057674E-08   1.2247101E-06  -5.6362870E-08
  2.9015566E-08  -2.3859206E-07   1.1144366E-07   9.1704986E-07   5.3960755E-06   1.3752335E-06   7.4546007E-07  -5.6412877E-09  -3.3750344E-04  -2.5748788E-04   5.6873979E-05  -1.1481969E-04   2.2116676E-05   5.1481449E-07  -1.4011461E-06   1.9188710E-07  -3.9871717E-05   1.3923276E-07  -7.9059201E-07   4.6933385E-07  -4.6138160E-07   9.4576057E-09  -6.8530418E-09  -2.4774492E-07  -4.9774461E-08
  7.2310258E-07  -8.8055379E-06   9.1704986E-07   1.1554663E-03  -2.2797930E-03   2.2837635E-03   5.1457196E-05   1.5452118E-06  -5.9264014E-02  -2.4401600E-02   1.6873704E-02  -1.5966976E-02   1.6802648E-03   1.7307701E-04  -3.9597986E-04   9.9092667E-05  -5.2989364E-03  -6.3982113E-05  -6.6920273E-05   8.1737675E-05  -1.6954088E-06  -8.4876036E-07  -1.4601443E-06  -1.5362853E-05  -1.2207592E-05
  5.7068591E-06  -4.0704997E-05   5.3960755E-06  -2.2797930E-03   9.2176838E-03  -4.6470144E-03   7.8877010E-05  -1.4668886E-05  -1.1300628E-01  -7.8665376E-02   2.9065161E-02  -4.3698297E-02   2.7336884E-03   2.1629161E-04  -4.3899489E-04   6.7552571E-04  -1.1534672E-02   3.1250578E-04  -2.9247490E-04   4.8182431E-05  -4.6658579E-04   3.6899184E-06  -3.6373666E-06  -1.0749660E-04  -3.2141493E-05
  1.0676573E-06  -1.1690120E-05   1.3752335E-06   2.2837635E-03  -4.6470144E-03   4.5559035E-03   8.5967545E-05   1.5679976E-05  -1.0585767E-01  -4.1716536E-02   3.9948573E-02  -3.0275678E-02   3.1677988E-03   3.5108321E-04  -7.8505278E-04   2.1088462E-04  -1.0801520E-02  -1.4513674E-04  -2.1421427E-04   1.7039105E-04  -1.8598824E-05  -1.1759972E-06  -2.8346116E-06  -2.7706339E-05  -2.2232341E-05
  5.9226588E-07  -6.5000965E-06   7.4546007E-07   5.1457196E-05   7.8877010E-05   8.5967545E-05   2.7798672E-05  -1.2346570E-09  -3.1560087E-02  -1.3428402E-02   8.4998005E-03  -8.2900106E-03   7.7421290E-04   7.9716514E-05  -1.3822557E-04   1.0519600E-04  -2.5987886E-03   2.6645101E-05  -2.8600974E-05   3.9288472E-05  -2.8658567E-05  -2.7258213E-07  -4.7978734E-07  -5.1744117E-06  -4.4970703E-06
 -5.4835247E-09   4.6887819E-08  -5.6412877E-09   1.5452118E-06  -1.4668886E-05   1.5679976E-05  -1.2346570E-09   6.2696975E-06   3.2066494E-03   4.9050960E-04   9.9569792E-04   7.7038399E-04   1.6589804E-05  -3.8343258E-06   1.0452197E-05  -1.6046229E-06   4.4008825E-05   2.2196785E-06   4.5788275E-06   3.6194551E-06  -3.4043244E-06  -8.3232598E-09  -5.3424699E-08   6.1644894E-08   5.8411184E-08
 -7.3393800E-04   3.3457864E-03  -3.3750344E-04  -5.9264014E-02  -1.1300628E-01  -1.0585767E-01  -3.1560087E-02   3.2066494E-03   6.1098259E+02   6.4720258E+01  -5.4957105E+01   3.2319385E+01  -2.5511444E+01  -9.4036818E-01  -1.3877258E-01  -4.0323835E-01   1.1685867E+01  -2.0256766E-01   2.7223536E-01  -2.4955506E-01  -1.6044460E-01   6.2980358E-03   3.1466218E-03   8.5327674E-03   9.3704238E-03
 -4.6831920E-04   2.4729699E-03  -2.5748788E-04  -2.4401600E-02  -7.8665376E-02  -4.1716536E-02  -1.3428402E-02   4.9050960E-04   6.4720258E+01   6.7875773E+01   6.6348142E+00   8.5058278E+00  -7.5006193E-01  -8.7896872E-02   4.7173415E-01   8.4221482E-01  -7.2076507E+00  -3.9149022E-02  -2.0616347E-01   3.3356715E-02   7.2492470E-02   7.9359581E-04   8.1389875E-04   6.0220018E-03   6.4053036E-03
  1.3582090E-04  -3.9616116E-04   5.6873979E-05   1.6873704E-02   2.9065161E-02   3.9948573E-02   8.4998005E-03   9.9569792E-04  -5.4957105E+01   6.6348142E+00   1.6361310E+02  -7.6548287E+01   2.8916862E+00   2.8704312E-01  -9.0746839E-01   2.9944796E-01  -7.5167555E+00  -3.1352462E-02  -1.7910871E-01   5.1105741E-01  -9.8726924E-02   1.3895549E-03  -7.3186745E-03   1.2507824E-03   1.8799167E-03
 -2.2584646E-04   1.0988440E-03  -1.1481969E-04  -1.5966976E-02  -4.3698297E-02  -3.0275678E-02  -8.2900106E-03   7.7038399E-04   3.2319385E+01   8.5058278E+00  -7.6548287E+01   4.8347284E+01   1.2510292E+00  -2.5865606E-02   6.5977696E-01  -2.2892263E-01  -1.9554790E+00   1.3243640E-02   1.2397269E-01  -4.2734370E-01  -6.0251000E-02  -4.4023885E-04   2.8727604E-03   1.2122547E-03   1.1329230E-03
  2.8866235E-05  -1.2721437E-04   2.2116676E-05   1.6802648E-03   2.7336884E-03   3.1677988E-03   7.7421290E-04   1.6589804E-05  -2.5511444E+01  -7.5006193E-01   2.8916862E+00   1.2510292E+00   4.2174486E+00   1.0531450E-01   1.5216822E-01  -2.2585003E-02  -3.2944889E+00  -7.4730581E-04  -7.9491639E-03   1.1149383E-02   5.3142382E-02   4.5199380E-04  -2.5872026E-04  -3.2775428E-04  -3.0430789E-04
  1.8246941E-06  -5.7455600E-06   5.1481449E-07   1.7307701E-04   2.1629161E-04   3.5108321E-04   7.9716514E-05  -3.8343258E-06  -9.4036818E-01  -8.7896872E-02   2.8704312E-01  -2.5865606E-02   1.0531450E-01   1.7184458E-02  -1.6905703E-02   1.1731016E-02  -1.0100612E-01   1.1124501E-04  -5.0856548E-04  -2.8464725E-03   4.9123609E-03   1.4506364E-05  -3.5799045E-05  -2.2365554E-06  -1.1613526E-05
 -3.6908139E-06   1.6173985E-05  -1.4011461E-06  -3.9597986E-04  -4.3899489E-04  -7.8505278E-04  -1.3822557E-04   1.0452197E-05  -1.3877258E-01   4.7173415E-01  -9.0746839E-01   6.5977696E-01   1.5216822E-01  -1.6905703E-02   7.0581845E-02   6.1168251E-03  -1.4298084E-01   6.4723394E-04   5.9216836E-03  -1.9319947E-04  -1.7799038E-02  -3.3433534E-06   8.7194872E-05  -6.0383287E-06   7.6795523E-07
  1.7105074E-06  -1.0319115E-05   1.9188710E-07   9.9092667E-05   6.7552571E-04   2.1088462E-04   1.0519600E-04  -1.6046229E-06  -4.0323835E-01   8.4221482E-01   2.9944796E-01  -2.2892263E-01  -2.2585003E-02   1.1731016E-02   6.1168251E-03   8.2074926E-02   1.6602455E-02   8.3148430E-05   4.9017284E-04   8.1538928E-04   3.9853338E-04   1.2807970E-05  -6.4815911E-06  -1.3939536E-05  -1.4390241E-05
 -6.0724361E-05   2.8854169E-04  -3.9871717E-05  -5.2989364E-03  -1.1534672E-02  -1.0801520E-02  -2.5987886E-03   4.4008825E-05   1.1685867E+01  -7.2076507E+00  -7.5167555E+00  -1.9554790E+00  -3.2944889E+00  -1.0100612E-01  -1.4298084E-01   1.6602455E-02   6.9395032E+00  -1.9968050E-03  -9.7706702E-04  -5.5356619E-03  -4.6938116E-02  -3.5529737E-04   1.1078370E-04   3.7230629E-04   4.8110837E-05
  4.5677836E-07  -2.3023047E-06   1.3923276E-07  -6.3982113E-05   3.1250578E-04  -1.4513674E-04   2.6645101E-05   2.2196785E-06  -2.0256766E-01  -3.9149022E-02  -3.1352462E-02   1.3243640E-02  -7.4730581E-04   1.1124501E-04   6.4723394E-04   8.3148430E-05  -1.9968050E-03   3.7762844E-02   2.5443406E-03  -2.1060536E-04  -1.5740097E-05   3.4183024E-05  -4.0697442E-06  -1.9840304E-05  -2.9350926E-05
 -4.2950380E-07   2.1988149E-06  -7.9059201E-07  -6.6920273E-05  -2.9247490E-04  -2.1421427E-04  -2.8600974E-05   4.5788275E-06   2.7223536E-01  -2.0616347E-01  -1.7910871E-01   1.2397269E-01  -7.9491639E-03  -5.0856548E-04   5.9216836E-03   4.9017284E-04  -9.7706702E-04   2.5443406E-03   3.0337590E-02  -5.9250747E-04   5.4559434E-03  -8.1153631E-05  -4.8540090E-05  -5.8777769E-05  -7.1222202E-05
  1.1367562E-06  -5.8369978E-06   4.6933385E-07   8.1737675E-05   4.8182431E-05   1.7039105E-04   3.9288472E-05   3.6194551E-06  -2.4955506E-01   3.3356715E-02   5.1105741E-01  -4.2734370E-01   1.1149383E-02  -2.8464725E-03  -1.9319947E-04   8.1538928E-04  -5.5356619E-03  -2.1060536E-04  -5.9250747E-04   1.0513843E-02   8.2407881E-03   4.0611943E-06   6.5017195E-05  -3.2026192E-07  -2.3856502E-06
 -4.5927200E-07   2.2667687E-06  -4.6138160E-07  -1.6954088E-06  -4.6658579E-04  -1.8598824E-05  -2.8658567E-05  -3.4043244E-06  -1.6044460E-01   7.2492470E-02  -9.8726924E-02  -6.0251000E-02   5.3142382E-02   4.9123609E-03  -1.7799038E-02   3.9853338E-04  -4.6938116E-02  -1.5740097E-05   5.4559434E-03   8.2407881E-03   2.6371085E-02  -3.8382791E-06   6.3959615E-05   1.0891664E-06   2.9327171E-06
  6.0123572E-09  -5.6902456E-08   9.4576057E-09  -8.4876036E-07   3.6899184E-06  -1.1759972E-06  -2.7258213E-07  -8.3232598E-09   6.2980358E-03   7.9359581E-04   1.3895549E-03  -4.4023885E-04   4.5199380E-04   1.4506364E-05  -3.3433534E-06   1.2807970E-05  -3.5529737E-04   3.4183024E-05  -8.1153631E-05   4.0611943E-06  -3.8382791E-06   1.0956200E-06   7.6484063E-08   2.7996227E-07   5.3655369E-07
 -1.3751077E-08   5.2057674E-08  -6.8530418E-09  -1.4601443E-06  -3.6373666E-06  -2.8346116E-06  -4.7978734E-07  -5.3424699E-08   3.1466218E-03   8.1389875E-04  -7.3186745E-03   2.8727604E-03  -2.5872026E-04  -3.5799045E-05   8.7194872E-05  -6.4815911E-06   1.1078370E-04  -4.0697442E-06  -4.8540090E-05   6.5017195E-05   6.3959615E-05   7.6484063E-08   2.4823448E-06   3.9228267E-07   2.7820393E-07
 -2.8093685E-07   1.2247101E-06  -2.4774492E-07  -1.5362853E-05  -1.0749660E-04  -2.7706339E-05  -5.1744117E-06   6.1644894E-08   8.5327674E-03   6.0220018E-03   1.2507824E-03   1.2122547E-03  -3.2775428E-04  -2.2365554E-06  -6.0383287E-06  -1.3939536E-05   3.7230629E-04  -1.9840304E-05  -5.8777769E-05  -3.2026192E-07   1.0891664E-06   2.7996227E-07   3.9228267E-07   2.8247266E-05   9.8510533E-06
 -3.2538523E-07  -5.6362870E-08  -4.9774461E-08  -1.2207592E-05  -3.2141493E-05  -2.2232341E-05  -4.4970703E-06   5.8411184E-08   9.3704238E-03   6.4053036E-03   1.8799167E-03   1.1329230E-03  -3.0430789E-04  -1.1613526E-05   7.6795523E-07  -1.4390241E-05   4.8110837E-05  -2.9350926E-05  -7.1222202E-05  -2.3856502E-06   2.9327171E-06   5.3655369E-07   2.7820393E-07   9.8510533E-06   2.4586661E-05
