# omegabh2 omegach2 theta tau ns nrun logA r asz
    0.66522E-06   -0.35275E-05    0.13787E-05    0.18016E-05    0.24114E-04    0.94945E-05   -0.17038E-05    0.33861E-04    0.51333E-04
   -0.35275E-05    0.63594E-04   -0.23538E-05   -0.84690E-05   -0.20041E-03   -0.10961E-03    0.17685E-03   -0.25346E-03   -0.37822E-03
    0.13787E-05   -0.23538E-05    0.80195E-05    0.77362E-05    0.34775E-04   -0.82447E-06    0.25618E-04    0.94524E-04    0.82196E-04
    0.18016E-05   -0.84690E-05    0.77362E-05    0.26582E-03   -0.55335E-05   -0.10237E-03    0.52115E-03    0.22141E-03    0.21847E-03
    0.24114E-04   -0.20041E-03    0.34775E-04   -0.55335E-05    0.12694E-02    0.75890E-03   -0.40924E-03    0.60048E-03   -0.59954E-03
    0.94945E-05   -0.10961E-03   -0.82447E-06   -0.10237E-03    0.75890E-03    0.70901E-03   -0.47906E-03   -0.98688E-03   -0.36516E-03
   -0.17038E-05    0.17685E-03    0.25618E-04    0.52115E-03   -0.40924E-03   -0.47906E-03    0.17420E-02   -0.60976E-04   -0.29813E-02
    0.33861E-04   -0.25346E-03    0.94524E-04    0.22141E-03    0.60048E-03   -0.98688E-03   -0.60976E-04    0.12595E-01    0.38074E-02
    0.51333E-04   -0.37822E-03    0.82196E-04    0.21847E-03   -0.59954E-03   -0.36516E-03   -0.29813E-02    0.38074E-02    0.33197E+00
