# r BBdust BBsync BBalphadust BBbetadust BBalphasync BBbetasync BBdustsynccorr
  4.6484746E-04  -8.5664532E-04  -1.1197834E-03  -7.6912704E-05   3.3872596E-04   5.1711198E-05  -7.1881653E-05  -1.0029574E-03
 -8.5664532E-04   1.0737823E+00   2.7317839E-02  -1.1316300E-01   4.4325979E-02   2.4044167E-06   5.7039255E-03  -8.1420590E-03
 -1.1197834E-03   2.7317839E-02   1.2108286E+00  -3.6409239E-03  -2.0386854E-03   1.5904812E-02  -4.8120971E-02   4.7073608E-02
 -7.6912704E-05  -1.1316300E-01  -3.6409239E-03   5.8252217E-02  -5.0381521E-04   7.8886248E-04   4.4093235E-04  -4.8680518E-04
  3.3872596E-04   4.4325979E-02  -2.0386854E-03  -5.0381521E-04   9.2584164E-03  -4.7867778E-05  -1.4410732E-03   8.6793925E-04
  5.1711198E-05   2.4044167E-06   1.5904812E-02   7.8886248E-04  -4.7867778E-05   8.1826196E-02  -7.2990342E-05   3.3701390E-04
 -7.1881653E-05   5.7039255E-03  -4.8120971E-02   4.4093235E-04  -1.4410732E-03  -7.2990342E-05   7.5016458E-02  -5.5634955E-03
 -1.0029574E-03  -8.1420590E-03   4.7073608E-02  -4.8680518E-04   8.6793925E-04   3.3701390E-04  -5.5634955E-03   8.0001750E-02
