# omegabh2 omegach2 theta tau logA ns acib217 acibsz143 asz143 aps100 aps143 aps143217 aps217 aksz t1gal100 t1gal143 t1gal143217 t1gal217 galfEE100 galfEE100143 galfEE100217 galfEE143 galfEE143217 galfEE217 galfTE100 galfTE100143 galfTE100217 galfTE143 galfTE143217 galfTE217 calib_100T calib_217T
    0.2802779E-07   -0.1514345E-06    0.2138237E-07    0.9422607E-06    0.1665198E-05    0.4256225E-06   -0.2327647E-03   -0.1071211E-03   -0.6153323E-05   -0.1187963E-03   -0.2600359E-04    0.1896073E-03    0.2232181E-03   -0.5809566E-04   -0.6929023E-04   -0.1620049E-03   -0.1542541E-03   -0.1535849E-03    0.1802412E-06    0.1965659E-06    0.2317170E-06    0.2168846E-06    0.2742993E-06    0.2013304E-06   -0.2296588E-05   -0.3156089E-05   -0.3606040E-05   -0.4896942E-05   -0.6150572E-05   -0.8898061E-05   -0.9900278E-08    0.8091875E-08
   -0.1514345E-06    0.2319481E-05   -0.1862444E-06   -0.8129127E-05   -0.1030816E-04   -0.5946581E-05    0.8982792E-03    0.3486317E-03   -0.9500055E-04    0.1360208E-02    0.1301255E-02    0.1460694E-03   -0.1222743E-03    0.2122606E-03   -0.3217801E-03   -0.1074512E-02   -0.9652340E-03   -0.8190773E-03   -0.2355698E-05   -0.2604081E-05   -0.2993776E-05   -0.2821166E-05   -0.3215320E-05   -0.2389895E-05    0.1686400E-04    0.2182358E-04    0.2372488E-04    0.3837539E-04    0.4624829E-04    0.6002407E-04   -0.8140524E-07   -0.6762040E-07
    0.2138237E-07   -0.1862444E-06    0.1018279E-06    0.7600319E-06    0.1136938E-05    0.6561380E-06   -0.1159832E-03   -0.4481821E-04   -0.8614242E-05   -0.1066933E-03   -0.9362921E-04    0.1277318E-04    0.7384257E-04   -0.2182958E-04    0.1169476E-03    0.4371977E-04   -0.1333766E-05   -0.4284514E-04    0.2243004E-06    0.2267097E-06    0.3078430E-06    0.2070751E-06    0.3011205E-06    0.1608648E-06   -0.2062883E-05   -0.2533848E-05   -0.2423169E-05   -0.3809245E-05   -0.4508464E-05   -0.6817941E-05   -0.5648268E-08    0.1367294E-07
    0.9422607E-06   -0.8129127E-05    0.7600319E-06    0.2905468E-03    0.5675175E-03    0.3297389E-04   -0.1965672E-01   -0.8732254E-02   -0.2237768E-02   -0.2964102E-02    0.9651846E-02    0.2406433E-01    0.2755227E-01   -0.5679067E-02   -0.1304798E-01   -0.1825566E-01   -0.2293031E-01   -0.2523594E-01    0.9795082E-05    0.1118343E-04    0.1192954E-04    0.1128836E-04    0.1194279E-04    0.8689273E-05   -0.9496633E-04   -0.1296789E-03   -0.1217375E-03   -0.2392185E-03   -0.2736523E-03   -0.3215804E-03   -0.6026555E-07    0.1203565E-05
    0.1665198E-05   -0.1030816E-04    0.1136938E-05    0.5675175E-03    0.1131025E-02    0.4929641E-04   -0.4005261E-01   -0.1864589E-01   -0.5638475E-02    0.8178520E-02    0.3119965E-01    0.5818797E-01    0.6295412E-01   -0.1206180E-01   -0.3633283E-01   -0.5546340E-01   -0.6385088E-01   -0.6749080E-01    0.1132679E-04    0.1347904E-04    0.1331237E-04    0.1275255E-04    0.1274739E-04    0.8476046E-05   -0.1425665E-03   -0.1995239E-03   -0.1810715E-03   -0.3710882E-03   -0.4265596E-03   -0.5056245E-03   -0.1214958E-05    0.2103949E-05
    0.4256225E-06   -0.5946581E-05    0.6561380E-06    0.3297389E-04    0.4929641E-04    0.2940877E-04   -0.1287632E-01   -0.5337729E-02   -0.1245228E-02   -0.8741675E-02    0.3134379E-02    0.1279333E-01    0.1547568E-01   -0.3240027E-02    0.7224212E-03   -0.1176935E-03   -0.1643992E-02   -0.1346258E-02    0.1137162E-04    0.1210178E-04    0.1409808E-04    0.1289791E-04    0.1508784E-04    0.1265366E-04   -0.5088511E-04   -0.5747469E-04   -0.6467187E-04   -0.9094030E-04   -0.1062936E-03   -0.1307334E-03    0.2605458E-06    0.6102222E-06
   -0.2327647E-03    0.8982792E-03   -0.1159832E-03   -0.1965672E-01   -0.4005261E-01   -0.1287632E-01    0.6825450E+02    0.2368764E+02    0.9318346E+00    0.2053918E+02   -0.2196428E+02   -0.6612364E+02   -0.8768569E+02   -0.2492917E+01   -0.3281243E+01   -0.5794840E+01   -0.1099078E+02   -0.1787598E+02   -0.3819506E-02   -0.4101262E-02   -0.3104259E-02   -0.3909559E-02   -0.5225950E-02   -0.6863984E-02    0.1067196E-01    0.1101439E-01    0.1374331E-01    0.7519920E-02    0.1218059E-02   -0.4060275E-01    0.2701992E-03   -0.3123502E-02
   -0.1071211E-03    0.3486317E-03   -0.4481821E-04   -0.8732254E-02   -0.1864589E-01   -0.5337729E-02    0.2368764E+02    0.1704628E+02    0.2244029E+01   -0.1303406E+02   -0.2265109E+02   -0.4244669E+02   -0.2631585E+02   -0.1217151E+01   -0.2299907E+01   -0.3982502E+01   -0.1043939E+02   -0.1196449E+02   -0.1329895E-02   -0.1558981E-02   -0.1772302E-02   -0.1422300E-02   -0.1867150E-02   -0.3533876E-02    0.1181071E-02   -0.1742126E-02    0.1285288E-01   -0.1004748E-01    0.7543376E-02    0.1938343E-01    0.7840880E-04   -0.1347322E-03
   -0.6153323E-05   -0.9500055E-04   -0.8614242E-05   -0.2237768E-02   -0.5638475E-02   -0.1245228E-02    0.9318346E+00    0.2244029E+01    0.5694464E+01   -0.3849328E+02   -0.1633008E+02   -0.4705890E+01   -0.7868537E+00   -0.2395636E+00   -0.1694531E+01   -0.9696047E+00    0.3028159E+01    0.3833982E+01   -0.2088410E-03   -0.3082925E-03   -0.4861707E-03   -0.3081105E-03   -0.2823320E-03   -0.7045872E-03    0.1645974E-02   -0.2257283E-02   -0.6909459E-02   -0.4625936E-02   -0.1240615E-01   -0.1632927E-01   -0.2858400E-03    0.8734056E-04
   -0.1187963E-03    0.1360208E-02   -0.1066933E-03   -0.2964102E-02    0.8178520E-02   -0.8741675E-02    0.2053918E+02   -0.1303406E+02   -0.3849328E+02    0.7017215E+03    0.1643509E+03    0.5808048E+02   -0.7534489E+00   -0.1155592E+02   -0.5205349E+01   -0.3528314E+01   -0.1589363E+02   -0.2044121E+02   -0.6585753E-02   -0.5667639E-02   -0.7160864E-02   -0.3838506E-02   -0.7995791E-02    0.1376105E-02    0.2915397E-01    0.3329107E-01    0.2884815E-01    0.5905359E-01    0.9881152E-01    0.1267180E+00   -0.4292347E-02   -0.2842499E-02
   -0.2600359E-04    0.1301255E-02   -0.9362921E-04    0.9651846E-02    0.3119965E-01    0.3134379E-02   -0.2196428E+02   -0.2265109E+02   -0.1633008E+02    0.1643509E+03    0.1140123E+03    0.8896210E+02    0.5096541E+02   -0.1097983E+02   -0.2364010E+01   -0.9195541E+01   -0.3677262E+01   -0.6931995E-02   -0.9535506E-03   -0.1726055E-02   -0.1788619E-02   -0.2538162E-02   -0.2671142E-02    0.5385670E-03    0.1587029E-01    0.4561500E-01    0.4414834E-01    0.9053373E-01    0.9949742E-01    0.1419566E+00   -0.2351704E-03   -0.8443289E-03
    0.1896073E-03    0.1460694E-03    0.1277318E-04    0.2406433E-01    0.5818797E-01    0.1279333E-01   -0.6612364E+02   -0.4244669E+02   -0.4705890E+01    0.5808048E+02    0.8896210E+02    0.1436746E+03    0.1088821E+03   -0.8923737E+01   -0.2948291E+01   -0.4572402E+01    0.5430762E+01    0.6546384E+01    0.2151379E-02    0.1642189E-02    0.1361480E-02    0.8645786E-03    0.1726947E-02    0.6819015E-02    0.1607817E-01    0.3597675E-01    0.1516156E-01    0.7620524E-01    0.5008368E-01    0.7226917E-01   -0.8662831E-03    0.1838821E-02
    0.2232181E-03   -0.1222743E-03    0.7384257E-04    0.2755227E-01    0.6295412E-01    0.1547568E-01   -0.8768569E+02   -0.2631585E+02   -0.7868537E+00   -0.7534489E+00    0.5096541E+02    0.1088821E+03    0.1521056E+03   -0.8677239E+01   -0.4390580E+01   -0.6221108E+01   -0.1216585E+02   -0.1211838E+02    0.3595724E-02    0.3238208E-02    0.1094861E-02    0.2784573E-02    0.3871002E-02    0.6460558E-02    0.5733199E-02    0.1272643E-01    0.2110305E-01    0.2870487E-01    0.4928483E-01    0.1374838E+00   -0.8856024E-03    0.5998441E-02
   -0.5809566E-04    0.2122606E-03   -0.2182958E-04   -0.5679067E-02   -0.1206180E-01   -0.3240027E-02   -0.2492917E+01   -0.1217151E+01   -0.2395636E+00   -0.1155592E+02   -0.1097983E+02   -0.8923737E+01   -0.8677239E+01    0.8013944E+01   -0.1382364E+01   -0.1997842E+01   -0.2610509E+01   -0.3016865E+01   -0.1013479E-02   -0.7493759E-03   -0.4200627E-03   -0.7188705E-03   -0.5931713E-03   -0.2646578E-04    0.7545210E-02    0.7154659E-02    0.5980270E-02    0.7824560E-02    0.7262113E-02    0.2323185E-02   -0.3633409E-04    0.1759360E-03
   -0.6929023E-04   -0.3217801E-03    0.1169476E-03   -0.1304798E-01   -0.3633283E-01    0.7224212E-03   -0.3281243E+01   -0.2299907E+01   -0.1694531E+01   -0.5205349E+01   -0.2364010E+01   -0.2948291E+01   -0.4390580E+01   -0.1382364E+01    0.1121432E+03    0.5247116E+02    0.5180050E+02    0.5174785E+02    0.1402707E-02    0.1300854E-02    0.2414133E-02    0.2661707E-02    0.1796257E-02    0.3213111E-03   -0.5094924E-01   -0.5235147E-01   -0.2043198E-01   -0.8239604E-01   -0.7710270E-01   -0.8692230E-01   -0.6047097E-02   -0.1693741E-04
   -0.1620049E-03   -0.1074512E-02    0.4371977E-04   -0.1825566E-01   -0.5546340E-01   -0.1176935E-03   -0.5794840E+01   -0.3982502E+01   -0.9696047E+00   -0.3528314E+01   -0.9195541E+01   -0.4572402E+01   -0.6221108E+01   -0.1997842E+01    0.5247116E+02    0.9270758E+02    0.9017675E+02    0.8597412E+02    0.2868108E-02    0.3735691E-02    0.3767789E-02    0.4764427E-02    0.3618834E-02    0.2226387E-02   -0.3213873E-01   -0.5588128E-01   -0.4668795E-01   -0.1095622E+00   -0.1116203E+00   -0.1012978E+00    0.3906706E-02    0.8058097E-03
   -0.1542541E-03   -0.9652340E-03   -0.1333766E-05   -0.2293031E-01   -0.6385088E-01   -0.1643992E-02   -0.1099078E+02   -0.1043939E+02    0.3028159E+01   -0.1589363E+02   -0.3677262E+01    0.5430762E+01   -0.1216585E+02   -0.2610509E+01    0.5180050E+02    0.9017675E+02    0.1299521E+03    0.1550707E+03    0.2009580E-02    0.2511947E-02    0.1652151E-02    0.3084303E-02    0.1089956E-02   -0.1125854E-02   -0.3236079E-01   -0.5454869E-01   -0.7685197E-01   -0.8832236E-01   -0.1111880E+00   -0.1097079E+00    0.3037729E-02   -0.5099590E-02
   -0.1535849E-03   -0.8190773E-03   -0.4284514E-04   -0.2523594E-01   -0.6749080E-01   -0.1346258E-02   -0.1787598E+02   -0.1196449E+02    0.3833982E+01   -0.2044121E+02   -0.6931995E-02    0.6546384E+01   -0.1211838E+02   -0.3016865E+01    0.5174785E+02    0.8597412E+02    0.1550707E+03    0.2099030E+03    0.1825403E-02    0.1798046E-02   -0.2257029E-03    0.1873913E-02   -0.6025278E-03   -0.3921829E-02   -0.3792397E-01   -0.5713342E-01   -0.8397474E-01   -0.7137696E-01   -0.8288744E-01   -0.5933423E-01    0.2522389E-02   -0.1030766E-01
    0.1802412E-06   -0.2355698E-05    0.2243004E-06    0.9795082E-05    0.1132679E-04    0.1137162E-04   -0.3819506E-02   -0.1329895E-02   -0.2088410E-03   -0.6585753E-02   -0.9535506E-03    0.2151379E-02    0.3595724E-02   -0.1013479E-02    0.1402707E-02    0.2868108E-02    0.2009580E-02    0.1825403E-02    0.7733174E-04    0.2675364E-04    0.3058274E-04    0.1556602E-04    0.1815279E-04    0.1390429E-04   -0.9386412E-04   -0.8882863E-04   -0.1090510E-03   -0.6854204E-04   -0.5572958E-04   -0.5883278E-04    0.3601161E-06    0.2919177E-06
    0.1965659E-06   -0.2604081E-05    0.2267097E-06    0.1118343E-04    0.1347904E-04    0.1210178E-04   -0.4101262E-02   -0.1558981E-02   -0.3082925E-03   -0.5667639E-02   -0.1726055E-02    0.1642189E-02    0.3238208E-02   -0.7493759E-03    0.1300854E-02    0.3735691E-02    0.2511947E-02    0.1798046E-02    0.2675364E-04    0.4110069E-04    0.3324323E-04    0.3201301E-04    0.3017962E-04    0.2287350E-04   -0.7430535E-04   -0.1024277E-03   -0.9454139E-04   -0.1247119E-03   -0.1222702E-03   -0.1320627E-03    0.4523246E-06    0.3906182E-06
    0.2317170E-06   -0.2993776E-05    0.3078430E-06    0.1192954E-04    0.1331237E-04    0.1409808E-04   -0.3104259E-02   -0.1772302E-02   -0.4861707E-03   -0.7160864E-02   -0.1788619E-02    0.1361480E-02    0.1094861E-02   -0.4200627E-03    0.2414133E-02    0.3767789E-02    0.1652151E-02   -0.2257029E-03    0.3058274E-04    0.3324323E-04    0.1072009E-03    0.2553225E-04    0.5858544E-04    0.9374344E-04   -0.9726129E-04   -0.1142800E-03   -0.1658244E-03   -0.1126529E-03   -0.2130284E-03   -0.4335055E-03    0.4593275E-06    0.4501932E-06
    0.2168846E-06   -0.2821166E-05    0.2070751E-06    0.1128836E-04    0.1275255E-04    0.1289791E-04   -0.3909559E-02   -0.1422300E-02   -0.3081105E-03   -0.3838506E-02   -0.2538162E-02    0.8645786E-03    0.2784573E-02   -0.7188705E-03    0.2661707E-02    0.4764427E-02    0.3084303E-02    0.1873913E-02    0.1556602E-04    0.3201301E-04    0.2553225E-04    0.8910143E-04    0.5428030E-04    0.3384975E-04   -0.5209371E-04   -0.1060667E-03   -0.8515635E-04   -0.2064831E-03   -0.1944377E-03   -0.1809594E-03    0.3072060E-06    0.3944901E-06
    0.2742993E-06   -0.3215320E-05    0.3011205E-06    0.1194279E-04    0.1274739E-04    0.1508784E-04   -0.5225950E-02   -0.1867150E-02   -0.2823320E-03   -0.7995791E-02   -0.2671142E-02    0.1726947E-02    0.3871002E-02   -0.5931713E-03    0.1796257E-02    0.3618834E-02    0.1089956E-02   -0.6025278E-03    0.1815279E-04    0.3017962E-04    0.5858544E-04    0.5428030E-04    0.1205024E-03    0.1359903E-03   -0.6985875E-04   -0.1044583E-03   -0.1410417E-03   -0.1936030E-03   -0.2534335E-03   -0.4149618E-03    0.5122040E-06    0.6398800E-06
    0.2013304E-06   -0.2389895E-05    0.1608648E-06    0.8689273E-05    0.8476046E-05    0.1265366E-04   -0.6863984E-02   -0.3533876E-02   -0.7045872E-03    0.1376105E-02    0.5385670E-03    0.6819015E-02    0.6460558E-02   -0.2646578E-04    0.3213111E-03    0.2226387E-02   -0.1125854E-02   -0.3921829E-02    0.1390429E-04    0.2287350E-04    0.9374344E-04    0.3384975E-04    0.1359903E-03    0.5761412E-03   -0.1138329E-03   -0.1133834E-03   -0.2406337E-03   -0.1515765E-03   -0.3211657E-03   -0.5472743E-03    0.3807248E-06    0.9273103E-06
   -0.2296588E-05    0.1686400E-04   -0.2062883E-05   -0.9496633E-04   -0.1425665E-03   -0.5088511E-04    0.1067196E-01    0.1181071E-02    0.1645974E-02    0.2915397E-01    0.1587029E-01    0.1607817E-01    0.5733199E-02    0.7545210E-02   -0.5094924E-01   -0.3213873E-01   -0.3236079E-01   -0.3792397E-01   -0.9386412E-04   -0.7430535E-04   -0.9726129E-04   -0.5209371E-04   -0.6985875E-04   -0.1138329E-03    0.1322472E-01    0.9783750E-02    0.1109811E-01    0.2981406E-02    0.3061851E-02    0.3684043E-02    0.1301237E-05   -0.3490609E-06
   -0.3156089E-05    0.2182358E-04   -0.2533848E-05   -0.1296789E-03   -0.1995239E-03   -0.5747469E-04    0.1101439E-01   -0.1742126E-02   -0.2257283E-02    0.3329107E-01    0.4561500E-01    0.3597675E-01    0.1272643E-01    0.7154659E-02   -0.5235147E-01   -0.5588128E-01   -0.5454869E-01   -0.5713342E-01   -0.8882863E-04   -0.1024277E-03   -0.1142800E-03   -0.1060667E-03   -0.1044583E-03   -0.1133834E-03    0.9783750E-02    0.1252888E-01    0.1313981E-01    0.1000356E-01    0.9264562E-02    0.7652323E-02    0.7639949E-06   -0.7970846E-06
   -0.3606040E-05    0.2372488E-04   -0.2423169E-05   -0.1217375E-03   -0.1810715E-03   -0.6467187E-04    0.1374331E-01    0.1285288E-01   -0.6909459E-02    0.2884815E-01    0.4414834E-01    0.1516156E-01    0.2110305E-01    0.5980270E-02   -0.2043198E-01   -0.4668795E-01   -0.7685197E-01   -0.8397474E-01   -0.1090510E-03   -0.9454139E-04   -0.1658244E-03   -0.8515635E-04   -0.1410417E-03   -0.2406337E-03    0.1109811E-01    0.1313981E-01    0.2492297E-01    0.5917672E-02    0.1250185E-01    0.2265065E-01   -0.2573030E-06    0.1733024E-05
   -0.4896942E-05    0.3837539E-04   -0.3809245E-05   -0.2392185E-03   -0.3710882E-03   -0.9094030E-04    0.7519920E-02   -0.1004748E-01   -0.4625936E-02    0.5905359E-01    0.9053373E-01    0.7620524E-01    0.2870487E-01    0.7824560E-02   -0.8239604E-01   -0.1095622E+00   -0.8832236E-01   -0.7137696E-01   -0.6854204E-04   -0.1247119E-03   -0.1126529E-03   -0.2064831E-03   -0.1936030E-03   -0.1515765E-03    0.2981406E-02    0.1000356E-01    0.5917672E-02    0.2415849E-01    0.2102934E-01    0.1331106E-01   -0.2138692E-05   -0.5140743E-05
   -0.6150572E-05    0.4624829E-04   -0.4508464E-05   -0.2736523E-03   -0.4265596E-03   -0.1062936E-03    0.1218059E-02    0.7543376E-02   -0.1240615E-01    0.9881152E-01    0.9949742E-01    0.5008368E-01    0.4928483E-01    0.7262113E-02   -0.7710270E-01   -0.1116203E+00   -0.1111880E+00   -0.8288744E-01   -0.5572958E-04   -0.1222702E-03   -0.2130284E-03   -0.1944377E-03   -0.2534335E-03   -0.3211657E-03    0.3061851E-02    0.9264562E-02    0.1250185E-01    0.2102934E-01    0.3045786E-01    0.4008385E-01   -0.1691731E-05   -0.3716059E-05
   -0.8898061E-05    0.6002407E-04   -0.6817941E-05   -0.3215804E-03   -0.5056245E-03   -0.1307334E-03   -0.4060275E-01    0.1938343E-01   -0.1632927E-01    0.1267180E+00    0.1419566E+00    0.7226917E-01    0.1374838E+00    0.2323185E-02   -0.8692230E-01   -0.1012978E+00   -0.1097079E+00   -0.5933423E-01   -0.5883278E-04   -0.1320627E-03   -0.4335055E-03   -0.1809594E-03   -0.4149618E-03   -0.5472743E-03    0.3684043E-02    0.7652323E-02    0.2265065E-01    0.1331106E-01    0.4008385E-01    0.9981190E-01    0.1380513E-05    0.6639380E-06
   -0.9900278E-08   -0.8140524E-07   -0.5648268E-08   -0.6026555E-07   -0.1214958E-05    0.2605458E-06    0.2701992E-03    0.7840880E-04   -0.2858400E-03   -0.4292347E-02   -0.2351704E-03   -0.8662831E-03   -0.8856024E-03   -0.3633409E-04   -0.6047097E-02    0.3906706E-02    0.3037729E-02    0.2522389E-02    0.3601161E-06    0.4523246E-06    0.4593275E-06    0.3072060E-06    0.5122040E-06    0.3807248E-06    0.1301237E-05    0.7639949E-06   -0.2573030E-06   -0.2138692E-05   -0.1691731E-05    0.1380513E-05    0.1338683E-05    0.8093455E-07
    0.8091875E-08   -0.6762040E-07    0.1367294E-07    0.1203565E-05    0.2103949E-05    0.6102222E-06   -0.3123502E-02   -0.1347322E-03    0.8734056E-04   -0.2842499E-02   -0.8443289E-03    0.1838821E-02    0.5998441E-02    0.1759360E-03   -0.1693741E-04    0.8058097E-03   -0.5099590E-02   -0.1030766E-01    0.2919177E-06    0.3906182E-06    0.4501932E-06    0.3944901E-06    0.6398800E-06    0.9273103E-06   -0.3490609E-06   -0.7970846E-06    0.1733024E-05   -0.5140743E-05   -0.3716059E-05    0.6639380E-06    0.8093455E-07    0.1471367E-05
