# omegabh2 omegach2 theta tau logA ns acib217 acibsz143 asz143 aps100 aps143 aps143217 aps217 aksz kgal100 t1gal143 t1gal143217 t1gal217 calib_100T calib_217T
    0.6547570E-07   -0.3388577E-06    0.6346423E-07    0.1519614E-05    0.2231558E-05    0.1043328E-05   -0.3950521E-03   -0.1774480E-03    0.2555683E-04   -0.1262398E-02   -0.6246022E-03   -0.1112113E-03   -0.2040154E-04   -0.8156782E-04    0.1014814E-02    0.7668551E-03    0.7430866E-03    0.7160380E-03   -0.3856456E-07    0.1947578E-07
   -0.3388577E-06    0.5691293E-05   -0.5947832E-06   -0.1521795E-04   -0.1674186E-04   -0.1380751E-04    0.1451472E-02    0.4678126E-03   -0.2780596E-03    0.5405811E-02    0.3593154E-02    0.1428080E-02    0.6281540E-03    0.7842752E-04    0.1268705E-02   -0.6739265E-03   -0.4790610E-03   -0.2150762E-03   -0.2383684E-06   -0.1319450E-06
    0.6346423E-07   -0.5947832E-06    0.2768216E-06    0.1861407E-05    0.2446148E-05    0.1819486E-05   -0.2040322E-03   -0.7446449E-04    0.3368354E-04   -0.1052597E-02   -0.6058794E-03   -0.2782932E-03   -0.1508752E-03   -0.3191089E-04    0.4709242E-03    0.5212025E-03    0.4470043E-03    0.3869187E-03   -0.2804394E-08    0.2180066E-07
    0.1519614E-05   -0.1521795E-04    0.1861407E-05    0.3454083E-03    0.6608948E-03    0.4783548E-04   -0.1899856E-01   -0.5854513E-02   -0.8845198E-03   -0.3037026E-01   -0.7733993E-02    0.7339839E-02    0.1848257E-01   -0.4222938E-02   -0.1122989E-01   -0.1510217E-01   -0.2197828E-01   -0.2584885E-01    0.3353917E-06    0.1788961E-05
    0.2231558E-05   -0.1674186E-04    0.2446148E-05    0.6608948E-03    0.1310481E-02    0.5985354E-04   -0.3375853E-01   -0.1083361E-01   -0.3175013E-02   -0.2394250E-01    0.8890556E-02    0.3249061E-01    0.5134435E-01   -0.9121577E-02   -0.4538665E-01   -0.8384880E-01   -0.9734426E-01   -0.1046519E+00   -0.2513202E-05    0.3104767E-05
    0.1043328E-05   -0.1380751E-04    0.1819486E-05    0.4783548E-04    0.5985354E-04    0.5095692E-04   -0.1424035E-01   -0.5752175E-02   -0.1135348E-02   -0.2924969E-01   -0.7034751E-02    0.5748479E-02    0.1040824E-01   -0.2990618E-02   -0.8573378E-03    0.2548093E-02   -0.4733246E-03   -0.7928052E-03    0.1052516E-05    0.7685140E-06
   -0.3950521E-03    0.1451472E-02   -0.2040322E-03   -0.1899856E-01   -0.3375853E-01   -0.1424035E-01    0.7407175E+02    0.2481397E+02    0.3719433E-01    0.3282009E+02   -0.1317305E+02   -0.6385332E+02   -0.9325012E+02   -0.2801586E+01   -0.1316738E+02   -0.2423600E+02   -0.2763995E+02   -0.3240774E+02    0.1181242E-04   -0.3886578E-02
   -0.1774480E-03    0.4678126E-03   -0.7446449E-04   -0.5854513E-02   -0.1083361E-01   -0.5752175E-02    0.2481397E+02    0.1806611E+02    0.1850905E+01   -0.5471082E+01   -0.1922927E+02   -0.4233720E+02   -0.2432982E+02   -0.1496289E+01   -0.7194473E+01   -0.1276601E+02   -0.1966331E+02   -0.2135989E+02   -0.1528629E-03   -0.1049520E-03
    0.2555683E-04   -0.2780596E-03    0.3368354E-04   -0.8845198E-03   -0.3175013E-02   -0.1135348E-02    0.3719433E-01    0.1850905E+01    0.6184935E+01   -0.4254222E+02   -0.1822583E+02   -0.3793412E+01    0.1773806E+00    0.7957023E-01   -0.2875378E+01   -0.1084114E+01    0.2926941E+01    0.3514545E+01   -0.1811098E-03    0.1755443E-03
   -0.1262398E-02    0.5405811E-02   -0.1052597E-02   -0.3037026E-01   -0.2394250E-01   -0.2924969E-01    0.3282009E+02   -0.5471082E+01   -0.4254222E+02    0.9256746E+03    0.2124383E+03    0.6984685E+02    0.1045981E+02   -0.1378568E+02   -0.7907299E+02   -0.6600312E+02   -0.7628831E+02   -0.7598876E+02   -0.4932113E-02   -0.3733669E-02
   -0.6246022E-03    0.3593154E-02   -0.6058794E-03   -0.7733993E-02    0.8890556E-02   -0.7034751E-02   -0.1317305E+02   -0.1922927E+02   -0.1822583E+02    0.2124383E+03    0.1436579E+03    0.9987526E+02    0.5730365E+02   -0.1120390E+02   -0.2610766E+02   -0.4901642E+02   -0.4546171E+02   -0.4350231E+02   -0.1141798E-02   -0.9366081E-03
   -0.1112113E-03    0.1428080E-02   -0.2782932E-03    0.7339839E-02    0.3249061E-01    0.5748479E-02   -0.6385332E+02   -0.4233720E+02   -0.3793412E+01    0.6984685E+02    0.9987526E+02    0.1584064E+03    0.1190495E+03   -0.8001009E+01   -0.1932046E+02   -0.2995771E+02   -0.2083669E+02   -0.2060129E+02   -0.1520453E-02    0.1824450E-02
   -0.2040154E-04    0.6281540E-03   -0.1508752E-03    0.1848257E-01    0.5134435E-01    0.1040824E-01   -0.9325012E+02   -0.2432982E+02    0.1773806E+00    0.1045981E+02    0.5730365E+02    0.1190495E+03    0.1810918E+03   -0.8365575E+01   -0.1906865E+02   -0.3103950E+02   -0.4178141E+02   -0.4501342E+02   -0.2025101E-02    0.7253008E-02
   -0.8156782E-04    0.7842752E-04   -0.3191089E-04   -0.4222938E-02   -0.9121577E-02   -0.2990618E-02   -0.2801586E+01   -0.1496289E+01    0.7957023E-01   -0.1378568E+02   -0.1120390E+02   -0.8001009E+01   -0.8365575E+01    0.8228245E+01   -0.3265781E+01   -0.4244352E+01   -0.4315848E+01   -0.4523309E+01   -0.8708238E-05    0.1428871E-03
    0.1014814E-02    0.1268705E-02    0.4709242E-03   -0.1122989E-01   -0.4538665E-01   -0.8573378E-03   -0.1316738E+02   -0.7194473E+01   -0.2875378E+01   -0.7907299E+02   -0.2610766E+02   -0.1932046E+02   -0.1906865E+02   -0.3265781E+01    0.2467429E+03    0.1552442E+03    0.1540761E+03    0.1538999E+03   -0.1440862E-01    0.2744589E-03
    0.7668551E-03   -0.6739265E-03    0.5212025E-03   -0.1510217E-01   -0.8384880E-01    0.2548093E-02   -0.2423600E+02   -0.1276601E+02   -0.1084114E+01   -0.6600312E+02   -0.4901642E+02   -0.2995771E+02   -0.3103950E+02   -0.4244352E+01    0.1552442E+03    0.2770262E+03    0.2805879E+03    0.2808807E+03    0.9134518E-02    0.8105773E-03
    0.7430866E-03   -0.4790610E-03    0.4470043E-03   -0.2197828E-01   -0.9734426E-01   -0.4733246E-03   -0.2763995E+02   -0.1966331E+02    0.2926941E+01   -0.7628831E+02   -0.4546171E+02   -0.2083669E+02   -0.4178141E+02   -0.4315848E+01    0.1540761E+03    0.2805879E+03    0.3246706E+03    0.3517944E+03    0.8849863E-02   -0.4850727E-02
    0.7160380E-03   -0.2150762E-03    0.3869187E-03   -0.2584885E-01   -0.1046519E+00   -0.7928052E-03   -0.3240774E+02   -0.2135989E+02    0.3514545E+01   -0.7598876E+02   -0.4350231E+02   -0.2060129E+02   -0.4501342E+02   -0.4523309E+01    0.1538999E+03    0.2808807E+03    0.3517944E+03    0.4056776E+03    0.8657961E-02   -0.9816537E-02
   -0.3856456E-07   -0.2383684E-06   -0.2804394E-08    0.3353917E-06   -0.2513202E-05    0.1052516E-05    0.1181242E-04   -0.1528629E-03   -0.1811098E-03   -0.4932113E-02   -0.1141798E-02   -0.1520453E-02   -0.2025101E-02   -0.8708238E-05   -0.1440862E-01    0.9134518E-02    0.8849863E-02    0.8657961E-02    0.3278827E-05    0.3370612E-07
    0.1947578E-07   -0.1319450E-06    0.2180066E-07    0.1788961E-05    0.3104767E-05    0.7685140E-06   -0.3886578E-02   -0.1049520E-03    0.1755443E-03   -0.3733669E-02   -0.9366081E-03    0.1824450E-02    0.7253008E-02    0.1428871E-03    0.2744589E-03    0.8105773E-03   -0.4850727E-02   -0.9816537E-02    0.3370612E-07    0.1505360E-05
