# omegabh2 omegach2 theta tau logA ns galfTE100 galfTE100143 galfTE100217 galfTE143 galfTE143217 galfTE217 calib_100T calib_217T
    0.5791472E-07   -0.2289183E-06    0.3434887E-07    0.9821198E-06    0.1947323E-05    0.1570264E-05   -0.3712966E-05   -0.4561950E-05   -0.9524187E-05   -0.6067299E-05   -0.2076159E-04   -0.4363483E-04    0.1869034E-08   -0.6579965E-08
   -0.2289183E-06    0.4190730E-05   -0.3236306E-06   -0.6686885E-05   -0.1815423E-05   -0.1045855E-04    0.2832517E-04    0.3454857E-04    0.5281462E-04    0.4701600E-04    0.1540625E-03    0.3175801E-03   -0.1862570E-08    0.2034020E-07
    0.3434887E-07   -0.3236306E-06    0.2380737E-06    0.4293112E-06    0.2395613E-06    0.1081124E-05   -0.1686280E-05   -0.2785258E-05   -0.6170272E-05   -0.4899112E-05   -0.1808462E-04   -0.3717868E-04   -0.6382891E-09    0.4502178E-08
    0.9821198E-06   -0.6686885E-05    0.4293112E-06    0.3750253E-03    0.7759695E-03    0.6620594E-04   -0.1238442E-04   -0.5269206E-05   -0.1690517E-05   -0.3480970E-04    0.1068855E-03    0.3251892E-03   -0.1554139E-07    0.4927198E-06
    0.1947323E-05   -0.1815423E-05    0.2395613E-06    0.7759695E-03    0.1679940E-02    0.1329845E-03    0.7610674E-04    0.1135506E-03    0.2342905E-03    0.1057361E-03    0.8986904E-03    0.2098944E-02   -0.1217522E-06    0.8650444E-06
    0.1570264E-05   -0.1045855E-04    0.1081124E-05    0.6620594E-04    0.1329845E-03    0.1194966E-03   -0.1376833E-03   -0.1576684E-03   -0.1254602E-03   -0.1837241E-03   -0.9955273E-04    0.8398939E-04    0.1091200E-06    0.3470288E-07
   -0.3712966E-05    0.2832517E-04   -0.1686280E-05   -0.1238442E-04    0.7610674E-04   -0.1376833E-03    0.1204234E-01    0.1001851E-01    0.8268684E-02    0.5651742E-02    0.4900626E-02    0.3271830E-02    0.1799629E-06    0.5228734E-06
   -0.4561950E-05    0.3454857E-04   -0.2785258E-05   -0.5269206E-05    0.1135506E-03   -0.1576684E-03    0.1001851E-01    0.1094490E-01    0.8544186E-02    0.9441239E-02    0.8165677E-02    0.5523780E-02   -0.1275694E-06   -0.3203940E-06
   -0.9524187E-05    0.5281462E-04   -0.6170272E-05   -0.1690517E-05    0.2342905E-03   -0.1254602E-03    0.8268684E-02    0.8544186E-02    0.1000741E+00    0.5985233E-02    0.4658629E-01    0.1086932E+00   -0.2125749E-05    0.1563133E-04
   -0.6067299E-05    0.4701600E-04   -0.4899112E-05   -0.3480970E-04    0.1057361E-03   -0.1837241E-03    0.5651742E-02    0.9441239E-02    0.5985233E-02    0.1769680E-01    0.1544481E-01    0.1145029E-01    0.7965926E-07   -0.1540721E-05
   -0.2076159E-04    0.1540625E-03   -0.1808462E-04    0.1068855E-03    0.8986904E-03   -0.9955273E-04    0.4900626E-02    0.8165677E-02    0.4658629E-01    0.1544481E-01    0.9835720E-01    0.2005261E+00   -0.2082725E-05    0.1599958E-04
   -0.4363483E-04    0.3175801E-03   -0.3717868E-04    0.3251892E-03    0.2098944E-02    0.8398939E-04    0.3271830E-02    0.5523780E-02    0.1086932E+00    0.1145029E-01    0.2005261E+00    0.5368588E+00   -0.5237679E-05    0.3376507E-04
    0.1869034E-08   -0.1862570E-08   -0.6382891E-09   -0.1554139E-07   -0.1217522E-06    0.1091200E-06    0.1799629E-06   -0.1275694E-06   -0.2125749E-05    0.7965926E-07   -0.2082725E-05   -0.5237679E-05    0.2493568E-06   -0.1214724E-07
   -0.6579965E-08    0.2034020E-07    0.4502178E-08    0.4927198E-06    0.8650444E-06    0.3470288E-07    0.5228734E-06   -0.3203940E-06    0.1563133E-04   -0.1540721E-05    0.1599958E-04    0.3376507E-04   -0.1214724E-07    0.9853398E-06
