# omegabh2 omegach2 theta tau logA ns galfEE100 galfEE100143 galfEE100217 galfEE143 galfEE143217 galfEE217
    0.8356373E-06   -0.2983388E-05    0.2579317E-06   -0.2387037E-06    0.2584303E-05    0.7950602E-05    0.6086770E-06    0.6687462E-06    0.9671425E-06    0.4862181E-06    0.6238761E-06    0.7318145E-06
   -0.2983388E-05    0.2034689E-04   -0.1487978E-05    0.8473003E-06    0.2995880E-04   -0.5952979E-04   -0.1822763E-04   -0.1938999E-04   -0.2279525E-04   -0.2014503E-04   -0.2354132E-04   -0.2426199E-04
    0.2579317E-06   -0.1487978E-05    0.9856279E-06   -0.2462966E-06   -0.2514608E-05    0.5779288E-05    0.1259356E-05    0.1493538E-05    0.1807724E-05    0.2048270E-05    0.2153018E-05    0.1974349E-05
   -0.2387037E-06    0.8473003E-06   -0.2462966E-06    0.3662194E-03    0.7343614E-03    0.7884400E-05    0.1761037E-05    0.3790648E-05    0.1715530E-05    0.1871125E-05    0.5165060E-05    0.2268365E-05
    0.2584303E-05    0.2995880E-04   -0.2514608E-05    0.7343614E-03    0.1669256E-02   -0.6078463E-04   -0.5925694E-04   -0.5942328E-04   -0.7229245E-04   -0.7113952E-04   -0.7668045E-04   -0.8405746E-04
    0.7950602E-05   -0.5952979E-04    0.5779288E-05    0.7884400E-05   -0.6078463E-04    0.3087708E-03    0.1040316E-03    0.1103140E-03    0.1306071E-03    0.1159423E-03    0.1339446E-03    0.1480449E-03
    0.6086770E-06   -0.1822763E-04    0.1259356E-05    0.1761037E-05   -0.5925694E-04    0.1040316E-03    0.1625834E-03    0.7746067E-04    0.9215552E-04    0.6084958E-04    0.7366522E-04    0.8091340E-04
    0.6687462E-06   -0.1938999E-04    0.1493538E-05    0.3790648E-05   -0.5942328E-04    0.1103140E-03    0.7746067E-04    0.1285065E-03    0.1068490E-03    0.9190298E-04    0.1014215E-03    0.1059127E-03
    0.9671425E-06   -0.2279525E-04    0.1807724E-05    0.1715530E-05   -0.7229245E-04    0.1306071E-03    0.9215552E-04    0.1068490E-03    0.2674673E-03    0.9163455E-04    0.1486678E-03    0.2203857E-03
    0.4862181E-06   -0.2014503E-04    0.2048270E-05    0.1871125E-05   -0.7113952E-04    0.1159423E-03    0.6084958E-04    0.9190298E-04    0.9163455E-04    0.1984668E-03    0.1411353E-03    0.1199177E-03
    0.6238761E-06   -0.2354132E-04    0.2153018E-05    0.5165060E-05   -0.7668045E-04    0.1339446E-03    0.7366522E-04    0.1014215E-03    0.1486678E-03    0.1411353E-03    0.2782949E-03    0.2822008E-03
    0.7318145E-06   -0.2426199E-04    0.1974349E-05    0.2268365E-05   -0.8405746E-04    0.1480449E-03    0.8091340E-04    0.1059127E-03    0.2203857E-03    0.1199177E-03    0.2822008E-03    0.9403500E-03
