# omegabh2 omegach2 theta tau logA ns acib217 xi asz143 aps100 aps143 aps143217 aps217 aksz kgal100 kgal143 kgal143217 kgal217 cal0 cal2
    0.5023386E-07   -0.2777531E-06    0.4810558E-07    0.1842112E-05    0.3126123E-05    0.7791231E-06   -0.2374632E-03    0.5453810E-05    0.4925803E-04   -0.7748278E-03   -0.4393280E-03   -0.4919432E-04    0.7875223E-04   -0.6990138E-04   -0.7398317E-06    0.1444185E-05   -0.1381899E-04    0.2568483E-04    0.9447222E-09   -0.2500242E-07
   -0.2777531E-06    0.4819824E-05   -0.4865997E-06   -0.1739494E-04   -0.2335780E-04   -0.1109209E-04    0.9236180E-03   -0.2761214E-04   -0.2888866E-03    0.4628260E-02    0.2305612E-02    0.3480451E-03   -0.1113759E-04    0.2230660E-03    0.5063999E-04   -0.8747172E-04   -0.8234316E-05    0.1677585E-03    0.4273060E-08    0.1719076E-06
    0.4810558E-07   -0.4865997E-06    0.2173001E-06    0.2274613E-05    0.3596890E-05    0.1380751E-05   -0.1228355E-03    0.3403755E-05    0.1428366E-04   -0.3622652E-03   -0.2012143E-03   -0.3792082E-04    0.7008843E-04   -0.5390754E-04   -0.8499135E-05    0.1336296E-04   -0.1858063E-04   -0.3391987E-04   -0.1202022E-08   -0.2092502E-07
    0.1842112E-05   -0.1739494E-04    0.2274613E-05    0.3428994E-03    0.6467453E-03    0.5147857E-04   -0.1623159E-01    0.4790986E-03    0.1748713E-02   -0.4487581E-01   -0.1536334E-01    0.6605762E-02    0.1457012E-01   -0.5937726E-02   -0.5349415E-03   -0.5505915E-03   -0.3432595E-02   -0.2192023E-02   -0.3004045E-06   -0.2377838E-05
    0.3126123E-05   -0.2335780E-04    0.3596890E-05    0.6467453E-03    0.1246457E-02    0.7495588E-04   -0.3164231E-01    0.9626435E-03    0.2129973E-02   -0.7245647E-01   -0.2139622E-01    0.1732896E-01    0.3334561E-01   -0.1287307E-01   -0.1171832E-02   -0.1890012E-02   -0.7639099E-02   -0.4229707E-02   -0.3113316E-06   -0.4326151E-05
    0.7791231E-06   -0.1109209E-04    0.1380751E-05    0.5147857E-04    0.7495588E-04    0.3756133E-04   -0.6576916E-02    0.2553466E-03    0.4403742E-03   -0.2197536E-01   -0.4528739E-02    0.5286452E-02    0.7370921E-02   -0.3845695E-02    0.2749853E-03    0.4473620E-04   -0.1205154E-02   -0.6707643E-03   -0.3078047E-06   -0.7739971E-06
   -0.2374632E-03    0.9236180E-03   -0.1228355E-03   -0.1623159E-01   -0.3164231E-01   -0.6576916E-02    0.4366688E+02   -0.5910012E+00   -0.2866834E+01    0.5723929E+02    0.4369079E+01   -0.2359047E+02   -0.5639390E+02   -0.1583661E+01   -0.5235266E-01    0.1271137E+00   -0.3434744E+01   -0.1972334E+02   -0.3495270E-03    0.4341118E-02
    0.5453810E-05   -0.2761214E-04    0.3403755E-05    0.4790986E-03    0.9626435E-03    0.2553466E-03   -0.5910012E+00    0.8128159E-01   -0.1210749E+00   -0.7423895E-01    0.1312283E+01    0.2148173E+01    0.9529008E+00    0.2120151E-01    0.2318631E-02    0.1011686E-01    0.1200374E+00    0.1519501E+00    0.7734653E-05   -0.1979244E-04
    0.4925803E-04   -0.2888866E-03    0.1428366E-04    0.1748713E-02    0.2129973E-02    0.4403742E-03   -0.2866834E+01   -0.1210749E+00    0.5154306E+01   -0.4646068E+02   -0.1255589E+02    0.2653869E+01    0.3482469E+01    0.7856424E-01   -0.2229646E+00    0.3655179E-01    0.3075439E+01    0.2997958E+01    0.2322951E-03   -0.5976577E-03
   -0.7748278E-03    0.4628260E-02   -0.3622652E-03   -0.4487581E-01   -0.7245647E-01   -0.2197536E-01    0.5723929E+02   -0.7423895E-01   -0.4646068E+02    0.9110938E+03    0.1461578E+03   -0.2866592E+02   -0.4763804E+02   -0.1304976E+02   -0.2652748E+01    0.2536791E+01   -0.2292698E+02   -0.2884323E+02    0.5059246E-02    0.7554522E-02
   -0.4393280E-03    0.2305612E-02   -0.2012143E-03   -0.1536334E-01   -0.2139622E-01   -0.4528739E-02    0.4369079E+01    0.1312283E+01   -0.1255589E+02    0.1461578E+03    0.9294140E+02    0.5628838E+02    0.2441204E+02   -0.1244681E+02    0.2758659E+00   -0.1332376E+01    0.1952811E+00    0.7666291E+00   -0.1481731E-03    0.1693827E-02
   -0.4919432E-04    0.3480451E-03   -0.3792082E-04    0.6605762E-02    0.1732896E-01    0.5286452E-02   -0.2359047E+02    0.2148173E+01    0.2653869E+01   -0.2866592E+02    0.5628838E+02    0.9939687E+02    0.6437808E+02   -0.1082922E+02   -0.2362917E+00   -0.5683721E+00    0.4627824E+01    0.6717983E+01    0.6796624E-03   -0.2026757E-02
    0.7875223E-04   -0.1113759E-04    0.7008843E-04    0.1457012E-01    0.3334561E-01    0.7370921E-02   -0.5639390E+02    0.9529008E+00    0.3482469E+01   -0.4763804E+02    0.2441204E+02    0.6437808E+02    0.1063384E+03   -0.9227609E+01   -0.1321037E+00   -0.5868366E+00   -0.2606620E+00    0.1462713E+02    0.6772651E-03   -0.6683885E-02
   -0.6990138E-04    0.2230660E-03   -0.5390754E-04   -0.5937726E-02   -0.1287307E-01   -0.3845695E-02   -0.1583661E+01    0.2120151E-01    0.7856424E-01   -0.1304976E+02   -0.1244681E+02   -0.1082922E+02   -0.9227609E+01    0.7425058E+01   -0.6781523E-01    0.8071290E-02   -0.4325526E+00   -0.1635581E+00   -0.4587482E-05   -0.2212303E-03
   -0.7398317E-06    0.5063999E-04   -0.8499135E-05   -0.5349415E-03   -0.1171832E-02    0.2749853E-03   -0.5235266E-01    0.2318631E-02   -0.2229646E+00   -0.2652748E+01    0.2758659E+00   -0.2362917E+00   -0.1321037E+00   -0.6781523E-01    0.3588799E+01    0.5109424E+00    0.2009723E+00    0.3372334E+00    0.2972910E-03   -0.1761481E-04
    0.1444185E-05   -0.8747172E-04    0.1336296E-04   -0.5505915E-03   -0.1890012E-02    0.4473620E-04    0.1271137E+00    0.1011686E-01    0.3655179E-01    0.2536791E+01   -0.1332376E+01   -0.5683721E+00   -0.5868366E+00    0.8071290E-02    0.5109424E+00    0.3423002E+01    0.2534303E+01    0.1650852E+01   -0.2932348E-03   -0.2128896E-03
   -0.1381899E-04   -0.8234316E-05   -0.1858063E-04   -0.3432595E-02   -0.7639099E-02   -0.1205154E-02   -0.3434744E+01    0.1200374E+00    0.3075439E+01   -0.2292698E+02    0.1952811E+00    0.4627824E+01   -0.2606620E+00   -0.4325526E+00    0.2009723E+00    0.2534303E+01    0.1767169E+02    0.2646830E+02    0.3135869E-04    0.2381035E-02
    0.2568483E-04    0.1677585E-03   -0.3391987E-04   -0.2192023E-02   -0.4229707E-02   -0.6707643E-03   -0.1972334E+02    0.1519501E+00    0.2997958E+01   -0.2884323E+02    0.7666291E+00    0.6717983E+01    0.1462713E+02   -0.1635581E+00    0.3372334E+00    0.1650852E+01    0.2646830E+02    0.5542633E+02    0.1263721E-03    0.4446807E-02
    0.9447222E-09    0.4273060E-08   -0.1202022E-08   -0.3004045E-06   -0.3113316E-06   -0.3078047E-06   -0.3495270E-03    0.7734653E-05    0.2322951E-03    0.5059246E-02   -0.1481731E-03    0.6796624E-03    0.6772651E-03   -0.4587482E-05    0.2972910E-03   -0.2932348E-03    0.3135869E-04    0.1263721E-03    0.6008840E-06   -0.5706340E-08
   -0.2500242E-07    0.1719076E-06   -0.2092502E-07   -0.2377838E-05   -0.4326151E-05   -0.7739971E-06    0.4341118E-02   -0.1979244E-04   -0.5976577E-03    0.7554522E-02    0.1693827E-02   -0.2026757E-02   -0.6683885E-02   -0.2212303E-03   -0.1761481E-04   -0.2128896E-03    0.2381035E-02    0.4446807E-02   -0.5706340E-08    0.2080983E-05
