# omegabh2 omegach2 theta tau logA ns acib217 acibsz143 asz143 aps100 aps143 aps143217 aps217 aksz pwfe_A_100_100 kgal143 kgal143217 kgal217 calib_100T calib_217T
    0.5793977E-07   -0.2894488E-06    0.5233057E-07    0.1701968E-05    0.2838816E-05    0.8892346E-06   -0.4455860E-03   -0.1985454E-03    0.1921307E-04   -0.6431773E-03   -0.3965870E-03    0.1440004E-03    0.2305243E-03   -0.5837524E-04    0.2053998E-04    0.2176621E-04    0.5532707E-05    0.1229965E-04   -0.1246065E-08    0.1762420E-07
   -0.2894488E-06    0.5055576E-05   -0.4779151E-06   -0.1485313E-04   -0.1762417E-04   -0.1185164E-04    0.1702102E-02    0.6958995E-03   -0.4878707E-04    0.2354212E-02    0.2198598E-02    0.4479733E-03   -0.6330344E-04    0.5722457E-05   -0.8385385E-04   -0.1345920E-03   -0.9732996E-04   -0.1086872E-03    0.1328753E-07   -0.7852294E-07
    0.5233057E-07   -0.4779151E-06    0.2327655E-06    0.2263812E-05    0.3591575E-05    0.1411775E-05   -0.1257830E-03   -0.5429731E-04    0.1879408E-04   -0.3840823E-03   -0.4369122E-03   -0.2000502E-03   -0.9636190E-04   -0.1084818E-04    0.2290116E-04    0.6722660E-04    0.3007846E-04   -0.7969100E-05    0.8010881E-09    0.6299601E-08
    0.1701968E-05   -0.1485313E-04    0.2263812E-05    0.3328573E-03    0.6350816E-03    0.4687963E-04   -0.2613274E-01   -0.1257737E-01   -0.1647410E-02   -0.1705545E-01   -0.1690225E-02    0.2055342E-01    0.2194798E-01   -0.4156484E-02   -0.7812376E-03   -0.1801892E-02   -0.5817573E-03    0.1296329E-02    0.7260512E-08    0.6825912E-06
    0.2838816E-05   -0.1762417E-04    0.3591575E-05    0.6350816E-03    0.1243108E-02    0.6391038E-04   -0.5347233E-01   -0.2658174E-01   -0.4598931E-02   -0.1926289E-01    0.1043998E-01    0.5255767E-01    0.5256667E-01   -0.9631267E-02   -0.3509416E-02   -0.6366548E-02   -0.2612202E-02    0.2267238E-02   -0.8954621E-07    0.1131314E-05
    0.8892346E-06   -0.1185164E-04    0.1411775E-05    0.4687963E-04    0.6391038E-04    0.4220729E-04   -0.1511801E-01   -0.7769143E-02   -0.9522232E-03   -0.1140974E-01   -0.5475941E-03    0.1426870E-01    0.1400801E-01   -0.2817003E-02    0.2011970E-02    0.9092765E-03    0.4061843E-03    0.6813939E-03    0.2599883E-07    0.4552418E-06
   -0.4455860E-03    0.1702102E-02   -0.1257830E-03   -0.2613274E-01   -0.5347233E-01   -0.1511801E-01    0.7541803E+02    0.2692213E+02    0.3283938E+01    0.1473110E+02   -0.2832485E+02   -0.7612847E+02   -0.9615873E+02   -0.4067717E+01    0.8194255E+00    0.1997335E+01    0.1278199E+01   -0.9010005E+01    0.1850721E-03   -0.3370070E-02
   -0.1985454E-03    0.6958995E-03   -0.5429731E-04   -0.1257737E-01   -0.2658174E-01   -0.7769143E-02    0.2692213E+02    0.2143640E+02    0.3233312E+01   -0.1285376E+02   -0.2770721E+02   -0.5288891E+02   -0.3050617E+02   -0.2399076E+01    0.3718713E+00    0.5805034E+00   -0.3046779E+01   -0.5560856E+00    0.8967576E-04   -0.4989794E-03
    0.1921307E-04   -0.4878707E-04    0.1879408E-04   -0.1647410E-02   -0.4598931E-02   -0.9522232E-03    0.3283938E+01    0.3233312E+01    0.4799727E+01   -0.4070697E+02   -0.1651069E+02   -0.7961067E+01   -0.3569765E+01   -0.2760738E+00   -0.8099288E+00   -0.3559192E+00    0.8847861E+00    0.3745011E-01   -0.5587762E-04    0.1874713E-03
   -0.6431773E-03    0.2354212E-02   -0.3840823E-03   -0.1705545E-01   -0.1926289E-01   -0.1140974E-01    0.1473110E+02   -0.1285376E+02   -0.4070697E+02    0.8893220E+03    0.1805645E+03    0.6160328E+02    0.7272041E+01   -0.1146969E+02   -0.1241245E+02    0.6267961E+01   -0.3192742E+01   -0.3285440E+01   -0.2346609E-02   -0.2638827E-02
   -0.3965870E-03    0.2198598E-02   -0.4369122E-03   -0.1690225E-02    0.1043998E-01   -0.5475941E-03   -0.2832485E+02   -0.2770721E+02   -0.1651069E+02    0.1805645E+03    0.1269958E+03    0.1055112E+03    0.6211998E+02   -0.9863357E+01   -0.2279236E+01   -0.5832790E+01    0.3303730E+00    0.8017438E+00   -0.6020382E-04   -0.1818726E-03
    0.1440004E-03    0.4479733E-03   -0.2000502E-03    0.2055342E-01    0.5255767E-01    0.1426870E-01   -0.7612847E+02   -0.5288891E+02   -0.7961067E+01    0.6160328E+02    0.1055112E+03    0.1693623E+03    0.1207066E+03   -0.5859783E+01   -0.2773562E+01   -0.4086200E+01    0.3434155E+01    0.1925447E+01   -0.2870996E-03    0.1876028E-02
    0.2305243E-03   -0.6330344E-04   -0.9636190E-04    0.2194798E-01    0.5256667E-01    0.1400801E-01   -0.9615873E+02   -0.3050617E+02   -0.3569765E+01    0.7272041E+01    0.6211998E+02    0.1207066E+03    0.1596475E+03   -0.7001020E+01   -0.2231771E+01   -0.3239248E+01   -0.4805491E+01    0.7571481E+01   -0.2398902E-03    0.4593124E-02
   -0.5837524E-04    0.5722457E-05   -0.1084818E-04   -0.4156484E-02   -0.9631267E-02   -0.2817003E-02   -0.4067717E+01   -0.2399076E+01   -0.2760738E+00   -0.1146969E+02   -0.9863357E+01   -0.5859783E+01   -0.7001020E+01    0.7952988E+01   -0.1624824E+00   -0.1584342E+00    0.5892710E-01    0.2066382E+00   -0.9610834E-05    0.1098070E-03
    0.2053998E-04   -0.8385385E-04    0.2290116E-04   -0.7812376E-03   -0.3509416E-02    0.2011970E-02    0.8194255E+00    0.3718713E+00   -0.8099288E+00   -0.1241245E+02   -0.2279236E+01   -0.2773562E+01   -0.2231771E+01   -0.1624824E+00    0.1520401E+02    0.6208405E+01    0.2368596E+01    0.5591992E+00   -0.4334473E-03    0.2514914E-03
    0.2176621E-04   -0.1345920E-03    0.6722660E-04   -0.1801892E-02   -0.6366548E-02    0.9092765E-03    0.1997335E+01    0.5805034E+00   -0.3559192E+00    0.6267961E+01   -0.5832790E+01   -0.4086200E+01   -0.3239248E+01   -0.1584342E+00    0.6208405E+01    0.1231480E+02    0.5620678E+01    0.6037133E+00    0.3495099E-03    0.6116414E-03
    0.5532707E-05   -0.9732996E-04    0.3007846E-04   -0.5817573E-03   -0.2612202E-02    0.4061843E-03    0.1278199E+01   -0.3046779E+01    0.8847861E+00   -0.3192742E+01    0.3303730E+00    0.3434155E+01   -0.4805491E+01    0.5892710E-01    0.2368596E+01    0.5620678E+01    0.9744026E+01    0.6871445E+01    0.1285239E-03   -0.2016428E-03
    0.1229965E-04   -0.1086872E-03   -0.7969100E-05    0.1296329E-02    0.2267238E-02    0.6813939E-03   -0.9010005E+01   -0.5560856E+00    0.3745011E-01   -0.3285440E+01    0.8017438E+00    0.1925447E+01    0.7571481E+01    0.2066382E+00    0.5591992E+00    0.6037133E+00    0.6871445E+01    0.1761231E+02   -0.9792371E-05   -0.5881939E-03
   -0.1246065E-08    0.1328753E-07    0.8010881E-09    0.7260512E-08   -0.8954621E-07    0.2599883E-07    0.1850721E-03    0.8967576E-04   -0.5587762E-04   -0.2346609E-02   -0.6020382E-04   -0.2870996E-03   -0.2398902E-03   -0.9610834E-05   -0.4334473E-03    0.3495099E-03    0.1285239E-03   -0.9792371E-05    0.1677764E-06    0.1501189E-07
    0.1762420E-07   -0.7852294E-07    0.6299601E-08    0.6825912E-06    0.1131314E-05    0.4552418E-06   -0.3370070E-02   -0.4989794E-03    0.1874713E-03   -0.2638827E-02   -0.1818726E-03    0.1876028E-02    0.4593124E-02    0.1098070E-03    0.2514914E-03    0.6116414E-03   -0.2016428E-03   -0.5881939E-03    0.1501189E-07    0.4978239E-06
