# omegabh2 omegach2 theta tau logA ns acib217 acibsz143 asz143 aps100 aps143 aps143217 aps217 aksz pwfe_A_100_100 kgal143 kgal143217 kgal217 galfEE100 galfEE100143 galfEE100217 galfEE143 galfEE143217 galfEE217 galfTE100 galfTE100143 galfTE100217 galfTE143 galfTE143217 galfTE217 calib_100T calib_217T
    0.2386189E-07   -0.1343707E-06    0.1757403E-07    0.8602633E-06    0.1504341E-05    0.3620757E-06   -0.2492229E-03   -0.1150210E-03   -0.1401718E-04   -0.1276702E-03   -0.2094715E-05    0.2133455E-03    0.2274473E-03   -0.2995147E-04   -0.6351165E-04   -0.8452726E-04   -0.8533676E-04   -0.5191838E-04    0.2224473E-06    0.9027487E-07    0.5624508E-07    0.9856165E-07    0.1931441E-06    0.2829155E-06   -0.1577218E-05   -0.1943759E-05   -0.3601904E-05   -0.2505400E-05   -0.1018178E-04   -0.2391640E-04   -0.1193026E-08    0.5433877E-08
   -0.1343707E-06    0.2022928E-05   -0.1681691E-06   -0.7709613E-05   -0.1043080E-04   -0.5037525E-05    0.1237190E-02    0.4652998E-03   -0.1069672E-03    0.2574627E-02    0.1078953E-02   -0.2760671E-03   -0.5719493E-03    0.6323340E-04   -0.4693468E-03   -0.4738836E-03   -0.5279601E-03   -0.7014252E-03   -0.3212241E-05   -0.1255082E-05   -0.2108957E-06   -0.1239211E-05    0.2989394E-06    0.4239821E-05    0.1082153E-04    0.1254039E-04    0.2929510E-04    0.1823755E-04    0.6818637E-04    0.1617510E-03   -0.4258773E-08   -0.4609623E-07
    0.1757403E-07   -0.1681691E-06    0.8766848E-07    0.8379755E-06    0.1333259E-05    0.5274068E-06   -0.7607417E-04   -0.3333835E-04    0.7936243E-05   -0.1660436E-03   -0.1146582E-03   -0.1676968E-04   -0.3612608E-05    0.6639153E-05    0.1531053E-04    0.3112219E-04    0.1558830E-04    0.1430827E-04    0.3093196E-06    0.1095084E-06   -0.4029927E-06    0.9831079E-07   -0.4165638E-06   -0.9431289E-06   -0.1651625E-05   -0.1730442E-05   -0.2317720E-05   -0.1480049E-05   -0.6412552E-05   -0.1895813E-04    0.3124529E-08    0.4419914E-08
    0.8602633E-06   -0.7709613E-05    0.8379755E-06    0.2586214E-03    0.5049215E-03    0.2865532E-04   -0.2360613E-01   -0.1228328E-01   -0.2926174E-02   -0.1888807E-03    0.1446797E-01    0.3165760E-01    0.2878517E-01   -0.2785537E-02   -0.1439322E-01   -0.1673087E-01   -0.1693645E-01   -0.1454521E-01    0.1008573E-04    0.4200543E-05   -0.2432291E-05    0.3966371E-05   -0.6274706E-05    0.4705429E-04   -0.7303678E-04   -0.6558337E-04   -0.1088344E-03   -0.6903104E-04   -0.3226356E-03   -0.8197192E-03   -0.5754840E-07    0.4717518E-06
    0.1504341E-05   -0.1043080E-04    0.1333259E-05    0.5049215E-03    0.1003099E-02    0.4393963E-04   -0.4694042E-01   -0.2556741E-01   -0.7591970E-02    0.1776520E-01    0.4107928E-01    0.7183897E-01    0.6340462E-01   -0.6226328E-02   -0.3904422E-01   -0.4531096E-01   -0.4594052E-01   -0.4149944E-01    0.8880212E-05    0.4005688E-05   -0.1121908E-04    0.3355875E-05   -0.1899685E-04    0.1012179E-03   -0.1299851E-03   -0.1119970E-03   -0.1640858E-03   -0.1024106E-03   -0.4911484E-03   -0.1270950E-02   -0.2716888E-06    0.7882402E-06
    0.3620757E-06   -0.5037525E-05    0.5274068E-06    0.2865532E-04    0.4393963E-04    0.2428571E-04   -0.1432075E-01   -0.7442935E-02   -0.1631918E-02   -0.3455761E-02    0.6909454E-02    0.1789683E-01    0.1627770E-01   -0.2705551E-02    0.3708842E-02    0.3006089E-02    0.3431394E-02    0.5074103E-02    0.1569920E-04    0.6036405E-05    0.3084683E-05    0.6212867E-05   -0.6606778E-06   -0.2224192E-04   -0.2442947E-04   -0.2492149E-04   -0.3335703E-04   -0.3423536E-04   -0.1046892E-03   -0.2461182E-03    0.6742455E-07    0.2575488E-06
   -0.2492229E-03    0.1237190E-02   -0.7607417E-04   -0.2360613E-01   -0.4694042E-01   -0.1432075E-01    0.9809709E+02    0.3319178E+02    0.3331028E+01    0.8203263E+01   -0.3309292E+02   -0.8717040E+02   -0.1101704E+03   -0.5093516E+01   -0.8083508E+01   -0.1709564E+02   -0.3498249E+02   -0.6456713E+02   -0.7136835E-02   -0.1220698E-02   -0.7768094E-03    0.9475256E-03   -0.4780762E-02   -0.3491290E-02    0.3190991E-01    0.2448981E-01    0.6139886E-02   -0.3157968E-02   -0.8479063E-01   -0.1883051E+00    0.1263998E-04   -0.2265791E-02
   -0.1150210E-03    0.4652998E-03   -0.3333835E-04   -0.1228328E-01   -0.2556741E-01   -0.7442935E-02    0.3319178E+02    0.2403333E+02    0.4272111E+01   -0.2252375E+02   -0.3281406E+02   -0.5711217E+02   -0.3424031E+02   -0.2439196E+01   -0.4651352E+01   -0.7314437E+01   -0.1574852E+02   -0.1786862E+02   -0.4660613E-02   -0.1521148E-02   -0.9833327E-03   -0.1680042E-02   -0.1758928E-02   -0.3756168E-02    0.1485500E-01    0.1172225E-01   -0.3052282E-02    0.1216097E-03   -0.4031715E-01   -0.1058960E+00   -0.6309723E-05   -0.1632879E-03
   -0.1401718E-04   -0.1069672E-03    0.7936243E-05   -0.2926174E-02   -0.7591970E-02   -0.1631918E-02    0.3331028E+01    0.4272111E+01    0.6853340E+01   -0.5612187E+02   -0.2193418E+02   -0.1022610E+02   -0.3778406E+01   -0.3756290E+00   -0.1949899E+01   -0.5965016E+00    0.2890567E+01    0.3223374E+01    0.6806014E-03    0.2695478E-03    0.3225368E-02    0.2734420E-03   -0.6362277E-03    0.3381054E-02    0.4282869E-02    0.2800341E-02    0.9693797E-02    0.4451491E-03   -0.9492779E-03   -0.8676519E-02   -0.7819019E-04    0.1706893E-03
   -0.1276702E-03    0.2574627E-02   -0.1660436E-03   -0.1888807E-03    0.1776520E-01   -0.3455761E-02    0.8203263E+01   -0.2252375E+02   -0.5612187E+02    0.9742660E+03    0.2208907E+03    0.8138431E+02    0.1142122E+02   -0.9852630E+01   -0.8339783E+01   -0.1155792E+01   -0.2168442E+02   -0.2465879E+02   -0.3818225E-02   -0.1361114E-02   -0.4203692E-01    0.8709529E-03   -0.1736032E-01    0.5000203E-01    0.4924315E-01    0.2146262E-01   -0.1440145E+00    0.6900697E-01    0.4565998E-01    0.1194316E+00   -0.2148112E-02   -0.2691441E-02
   -0.2094715E-05    0.1078953E-02   -0.1146582E-03    0.1446797E-01    0.4107928E-01    0.6909454E-02   -0.3309292E+02   -0.3281406E+02   -0.2193418E+02    0.2208907E+03    0.1365702E+03    0.1109231E+03    0.6109434E+02   -0.9204376E+01   -0.4026031E+01   -0.6625955E+01   -0.8161414E+00    0.1153515E+01   -0.1904063E-02   -0.7708107E-03   -0.1430097E-01   -0.6246114E-03   -0.5065048E-02   -0.2461079E-01   -0.6652239E-02    0.5884351E-02   -0.1405032E-02    0.2685225E-01    0.1261747E+00    0.3503163E+00    0.5471400E-04   -0.6770240E-03
    0.2133455E-03   -0.2760671E-03   -0.1676968E-04    0.3165760E-01    0.7183897E-01    0.1789683E-01   -0.8717040E+02   -0.5711217E+02   -0.1022610E+02    0.8138431E+02    0.1109231E+03    0.1711767E+03    0.1219575E+03   -0.5396182E+01    0.4785438E+00    0.5038704E+01    0.2276580E+02    0.3121637E+02    0.8448125E-02    0.2452294E-02   -0.3020660E-02    0.1945598E-02   -0.2826313E-02   -0.1650038E-01   -0.2526722E-01   -0.1383453E-01    0.4883338E-01    0.1580816E-01    0.1984432E+00    0.5149024E+00   -0.1469669E-03    0.1049315E-02
    0.2274473E-03   -0.5719493E-03   -0.3612608E-05    0.2878517E-01    0.6340462E-01    0.1627770E-01   -0.1101704E+03   -0.3424031E+02   -0.3778406E+01    0.1142122E+02    0.6109434E+02    0.1219575E+03    0.1600818E+03   -0.5459585E+01   -0.9467628E+00    0.5891177E+01    0.1808222E+02    0.4576801E+02    0.5774389E-02    0.6357292E-03   -0.3043055E-02   -0.2114751E-02   -0.1643877E-02   -0.9447257E-02   -0.2007409E-01   -0.9268751E-02    0.3432662E-01    0.1274401E-01    0.1977214E+00    0.4659991E+00   -0.1690716E-03    0.3520565E-02
   -0.2995147E-04    0.6323340E-04    0.6639153E-05   -0.2785537E-02   -0.6226328E-02   -0.2705551E-02   -0.5093516E+01   -0.2439196E+01   -0.3756290E+00   -0.9852630E+01   -0.9204376E+01   -0.5396182E+01   -0.5459585E+01    0.7881833E+01   -0.1787087E+01   -0.1632656E+01   -0.1459784E+01   -0.9234017E+00   -0.1632231E-02   -0.6458048E-03    0.7446592E-03   -0.7963039E-03    0.4157953E-02    0.8012429E-02   -0.9326477E-03   -0.1434691E-03    0.4128719E-02    0.2914811E-02    0.3354431E-02   -0.7333780E-03   -0.1744021E-04    0.1645554E-03
   -0.6351165E-04   -0.4693468E-03    0.1531053E-04   -0.1439322E-01   -0.3904422E-01    0.3708842E-02   -0.8083508E+01   -0.4651352E+01   -0.1949899E+01   -0.8339783E+01   -0.4026031E+01    0.4785438E+00   -0.9467628E+00   -0.1787087E+01    0.5883035E+02    0.5340866E+02    0.5138254E+02    0.5094067E+02    0.2493548E-02    0.1139804E-02    0.1066148E-01    0.1470142E-02    0.1804751E-01    0.9568447E-02   -0.1770485E-01   -0.9183468E-02   -0.1377820E-01   -0.2045718E-01   -0.6634450E-01   -0.1630771E+00   -0.3270553E-03    0.2892724E-03
   -0.8452726E-04   -0.4738836E-03    0.3112219E-04   -0.1673087E-01   -0.4531096E-01    0.3006089E-02   -0.1709564E+02   -0.7314437E+01   -0.5965016E+00   -0.1155792E+01   -0.6625955E+01    0.5038704E+01    0.5891177E+01   -0.1632656E+01    0.5340866E+02    0.6549699E+02    0.6857505E+02    0.7252092E+02    0.8782041E-02    0.2663316E-02    0.9011600E-02    0.3041995E-02    0.1707570E-01    0.1328188E-01   -0.6883617E-02   -0.1448602E-01   -0.5259995E-01   -0.1898353E-01   -0.8353419E-01   -0.2134777E+00    0.6365927E-03    0.3509605E-03
   -0.8533676E-04   -0.5279601E-03    0.1558830E-04   -0.1693645E-01   -0.4594052E-01    0.3431394E-02   -0.3498249E+02   -0.1574852E+02    0.2890567E+01   -0.2168442E+02   -0.8161414E+00    0.2276580E+02    0.1808222E+02   -0.1459784E+01    0.5138254E+02    0.6857505E+02    0.9718661E+02    0.1176459E+03    0.1056042E-01    0.3062474E-02    0.7856881E-02    0.3458144E-02    0.1541854E-01    0.2058173E-01   -0.9968470E-02   -0.8769133E-02   -0.7311843E-01    0.1433939E-01   -0.6823502E-01   -0.1926944E+00    0.5833794E-03   -0.1316128E-02
   -0.5191838E-04   -0.7014252E-03    0.1430827E-04   -0.1454521E-01   -0.4149944E-01    0.5074103E-02   -0.6456713E+02   -0.1786862E+02    0.3223374E+01   -0.2465879E+02    0.1153515E+01    0.3121637E+02    0.4576801E+02   -0.9234017E+00    0.5094067E+02    0.7252092E+02    0.1176459E+03    0.1684493E+03    0.1015424E-01    0.2062468E-02    0.2567659E-02    0.6764918E-03    0.1342828E-01    0.2662335E-03   -0.1875834E-01   -0.9849277E-02   -0.9133334E-01    0.4392794E-01   -0.6430637E-01   -0.2032356E+00    0.5929528E-03   -0.2617361E-02
    0.2224473E-06   -0.3212241E-05    0.3093196E-06    0.1008573E-04    0.8880212E-05    0.1569920E-04   -0.7136835E-02   -0.4660613E-02    0.6806014E-03   -0.3818225E-02   -0.1904063E-02    0.8448125E-02    0.5774389E-02   -0.1632231E-02    0.2493548E-02    0.8782041E-02    0.1056042E-01    0.1015424E-01    0.1810836E-03    0.3916478E-04    0.2088873E-04    0.2497957E-04   -0.3666299E-05   -0.2528155E-04   -0.3677419E-04   -0.5828382E-04   -0.5262684E-04   -0.1016171E-03   -0.1493882E-03   -0.3020151E-03    0.1534673E-06    0.2344961E-06
    0.9027487E-07   -0.1255082E-05    0.1095084E-06    0.4200543E-05    0.4005688E-05    0.6036405E-05   -0.1220698E-02   -0.1521148E-02    0.2695478E-03   -0.1361114E-02   -0.7708107E-03    0.2452294E-02    0.6357292E-03   -0.6458048E-03    0.1139804E-02    0.2663316E-02    0.3062474E-02    0.2062468E-02    0.3916478E-04    0.2184048E-04    0.7617611E-05    0.1959219E-04    0.1270271E-05   -0.6672825E-06   -0.1645292E-04   -0.2471096E-04   -0.1348225E-04   -0.5350178E-04   -0.6567510E-04   -0.8696957E-04    0.3523212E-07    0.3286712E-07
    0.5624508E-07   -0.2108957E-06   -0.4029927E-06   -0.2432291E-05   -0.1121908E-04    0.3084683E-05   -0.7768094E-03   -0.9833327E-03    0.3225368E-02   -0.4203692E-01   -0.1430097E-01   -0.3020660E-02   -0.3043055E-02    0.7446592E-03    0.1066148E-01    0.9011600E-02    0.7856881E-02    0.2567659E-02    0.2088873E-04    0.7617611E-05    0.5066342E-02    0.4968703E-05    0.1601342E-03    0.5138483E-03   -0.9894403E-05   -0.6220887E-04   -0.1649678E-03   -0.1377927E-03   -0.3224365E-03   -0.3342040E-03    0.1158022E-06    0.6942361E-06
    0.9856165E-07   -0.1239211E-05    0.9831079E-07    0.3966371E-05    0.3355875E-05    0.6212867E-05    0.9475256E-03   -0.1680042E-02    0.2734420E-03    0.8709529E-03   -0.6246114E-03    0.1945598E-02   -0.2114751E-02   -0.7963039E-03    0.1470142E-02    0.3041995E-02    0.3458144E-02    0.6764918E-03    0.2497957E-04    0.1959219E-04    0.4968703E-05    0.3425020E-04    0.9094340E-06   -0.2612348E-05   -0.2220010E-04   -0.3603871E-04   -0.2190074E-04   -0.7092821E-04   -0.8875303E-04   -0.1136335E-03   -0.1758832E-08   -0.6607172E-07
    0.1931441E-06    0.2989394E-06   -0.4165638E-06   -0.6274706E-05   -0.1899685E-04   -0.6606778E-06   -0.4780762E-02   -0.1758928E-02   -0.6362277E-03   -0.1736032E-01   -0.5065048E-02   -0.2826313E-02   -0.1643877E-02    0.4157953E-02    0.1804751E-01    0.1707570E-01    0.1541854E-01    0.1342828E-01   -0.3666299E-05    0.1270271E-05    0.1601342E-03    0.9094340E-06    0.2904927E-02    0.7411229E-03   -0.1659401E-04   -0.2434755E-04    0.1251465E-03   -0.4551103E-04   -0.5821988E-04   -0.2772629E-03    0.2448716E-06    0.7157617E-06
    0.2829155E-06    0.4239821E-05   -0.9431289E-06    0.4705429E-04    0.1012179E-03   -0.2224192E-04   -0.3491290E-02   -0.3756168E-02    0.3381054E-02    0.5000203E-01   -0.2461079E-01   -0.1650038E-01   -0.9447257E-02    0.8012429E-02    0.9568447E-02    0.1328188E-01    0.2058173E-01    0.2662335E-03   -0.2528155E-04   -0.6672825E-06    0.5138483E-03   -0.2612348E-05    0.7411229E-03    0.5436455E-01    0.3927429E-03    0.1661434E-03   -0.1268198E-02   -0.1052058E-03   -0.1717113E-02   -0.3763417E-02   -0.2089862E-05    0.2438026E-05
   -0.1577218E-05    0.1082153E-04   -0.1651625E-05   -0.7303678E-04   -0.1299851E-03   -0.2442947E-04    0.3190991E-01    0.1485500E-01    0.4282869E-02    0.4924315E-01   -0.6652239E-02   -0.2526722E-01   -0.2007409E-01   -0.9326477E-03   -0.1770485E-01   -0.6883617E-02   -0.9968470E-02   -0.1875834E-01   -0.3677419E-04   -0.1645292E-04   -0.9894403E-05   -0.2220010E-04   -0.1659401E-04    0.3927429E-03    0.1039391E-01    0.8464201E-02    0.5895880E-02    0.4283632E-02    0.2469806E-02   -0.1999440E-03   -0.6007144E-06   -0.4892733E-06
   -0.1943759E-05    0.1254039E-04   -0.1730442E-05   -0.6558337E-04   -0.1119970E-03   -0.2492149E-04    0.2448981E-01    0.1172225E-01    0.2800341E-02    0.2146262E-01    0.5884351E-02   -0.1383453E-01   -0.9268751E-02   -0.1434691E-03   -0.9183468E-02   -0.1448602E-01   -0.8769133E-02   -0.9849277E-02   -0.5828382E-04   -0.2471096E-04   -0.6220887E-04   -0.3603871E-04   -0.2434755E-04    0.1661434E-03    0.8464201E-02    0.9288601E-02    0.5659579E-02    0.7964904E-02    0.5034234E-02    0.6198551E-03   -0.7629534E-06   -0.1301315E-05
   -0.3601904E-05    0.2929510E-04   -0.2317720E-05   -0.1088344E-03   -0.1640858E-03   -0.3335703E-04    0.6139886E-02   -0.3052282E-02    0.9693797E-02   -0.1440145E+00   -0.1405032E-02    0.4883338E-01    0.3432662E-01    0.4128719E-02   -0.1377820E-01   -0.5259995E-01   -0.7311843E-01   -0.9133334E-01   -0.5262684E-04   -0.1348225E-04   -0.1649678E-03   -0.2190074E-04    0.1251465E-03   -0.1268198E-02    0.5895880E-02    0.5659579E-02    0.8227567E-01    0.2821795E-02    0.3301013E-01    0.8021966E-01   -0.2857865E-05    0.1860100E-05
   -0.2505400E-05    0.1823755E-04   -0.1480049E-05   -0.6903104E-04   -0.1024106E-03   -0.3423536E-04   -0.3157968E-02    0.1216097E-03    0.4451491E-03    0.6900697E-01    0.2685225E-01    0.1580816E-01    0.1274401E-01    0.2914811E-02   -0.2045718E-01   -0.1898353E-01    0.1433939E-01    0.4392794E-01   -0.1016171E-03   -0.5350178E-04   -0.1377927E-03   -0.7092821E-04   -0.4551103E-04   -0.1052058E-03    0.4283632E-02    0.7964904E-02    0.2821795E-02    0.1643029E-01    0.1115848E-01    0.3580967E-02   -0.1229434E-05   -0.4790677E-05
   -0.1018178E-04    0.6818637E-04   -0.6412552E-05   -0.3226356E-03   -0.4911484E-03   -0.1046892E-03   -0.8479063E-01   -0.4031715E-01   -0.9492779E-03    0.4565998E-01    0.1261747E+00    0.1984432E+00    0.1977214E+00    0.3354431E-02   -0.6634450E-01   -0.8353419E-01   -0.6823502E-01   -0.6430637E-01   -0.1493882E-03   -0.6567510E-04   -0.3224365E-03   -0.8875303E-04   -0.5821988E-04   -0.1717113E-02    0.2469806E-02    0.5034234E-02    0.3301013E-01    0.1115848E-01    0.8114853E-01    0.1659889E+00   -0.3621601E-05    0.1061044E-05
   -0.2391640E-04    0.1617510E-03   -0.1895813E-04   -0.8197192E-03   -0.1270950E-02   -0.2461182E-03   -0.1883051E+00   -0.1058960E+00   -0.8676519E-02    0.1194316E+00    0.3503163E+00    0.5149024E+00    0.4659991E+00   -0.7333780E-03   -0.1630771E+00   -0.2134777E+00   -0.1926944E+00   -0.2032356E+00   -0.3020151E-03   -0.8696957E-04   -0.3342040E-03   -0.1136335E-03   -0.2772629E-03   -0.3763417E-02   -0.1999440E-03    0.6198551E-03    0.8021966E-01    0.3580967E-02    0.1659889E+00    0.4682756E+00   -0.6769065E-05    0.8130154E-05
   -0.1193026E-08   -0.4258773E-08    0.3124529E-08   -0.5754840E-07   -0.2716888E-06    0.6742455E-07    0.1263998E-04   -0.6309723E-05   -0.7819019E-04   -0.2148112E-02    0.5471400E-04   -0.1469669E-03   -0.1690716E-03   -0.1744021E-04   -0.3270553E-03    0.6365927E-03    0.5833794E-03    0.5929528E-03    0.1534673E-06    0.3523212E-07    0.1158022E-06   -0.1758832E-08    0.2448716E-06   -0.2089862E-05   -0.6007144E-06   -0.7629534E-06   -0.2857865E-05   -0.1229434E-05   -0.3621601E-05   -0.6769065E-05    0.1810668E-06   -0.3784041E-08
    0.5433877E-08   -0.4609623E-07    0.4419914E-08    0.4717518E-06    0.7882402E-06    0.2575488E-06   -0.2265791E-02   -0.1632879E-03    0.1706893E-03   -0.2691441E-02   -0.6770240E-03    0.1049315E-02    0.3520565E-02    0.1645554E-03    0.2892724E-03    0.3509605E-03   -0.1316128E-02   -0.2617361E-02    0.2344961E-06    0.3286712E-07    0.6942361E-06   -0.6607172E-07    0.7157617E-06    0.2438026E-05   -0.4892733E-06   -0.1301315E-05    0.1860100E-05   -0.4790677E-05    0.1061044E-05    0.8130154E-05   -0.3784041E-08    0.5543805E-06
