# omegabh2 omegach2 theta tau logA ns galfTE100 galfTE100143 galfTE100217 galfTE143 galfTE143217 galfTE217 calib_100T calib_217T
    0.6079346E-07   -0.2127479E-06    0.2624620E-07    0.9600528E-06    0.2052206E-05    0.1594760E-05   -0.1042885E-05   -0.2538207E-06   -0.2591694E-06    0.4133625E-07   -0.6732408E-06   -0.2657690E-05    0.4918339E-10    0.6435047E-08
   -0.2127479E-06    0.4279516E-05   -0.3349961E-06   -0.6620152E-05   -0.2319640E-05   -0.1168487E-04    0.7301100E-05    0.2053187E-05    0.1527288E-06    0.9245655E-07    0.2397974E-05    0.2076162E-04   -0.1622073E-07   -0.8900022E-08
    0.2624620E-07   -0.3349961E-06    0.2384023E-06    0.1074307E-05    0.1411919E-05    0.9794047E-06   -0.2342173E-06   -0.2718901E-06    0.3530696E-06   -0.8818910E-07   -0.9584000E-07   -0.1211939E-05    0.2095023E-08    0.7894508E-08
    0.9600528E-06   -0.6620152E-05    0.1074307E-05    0.3694696E-03    0.7629852E-03    0.5449511E-04    0.1121780E-04    0.1252263E-05    0.2874805E-05   -0.1301034E-04   -0.3677607E-05   -0.1503515E-04    0.1137356E-06   -0.5185907E-07
    0.2052206E-05   -0.2319640E-05    0.1411919E-05    0.7629852E-03    0.1649255E-02    0.1097107E-03    0.3489174E-04    0.7704660E-05    0.8543504E-06   -0.1679573E-04    0.6550254E-05    0.6213350E-04    0.1427346E-06   -0.3076473E-06
    0.1594760E-05   -0.1168487E-04    0.9794047E-06    0.5449511E-04    0.1097107E-03    0.1282312E-03   -0.6931706E-04   -0.1384153E-04    0.7188300E-05    0.8734624E-05   -0.2013374E-05   -0.1244924E-04    0.1761579E-07   -0.9864530E-07
   -0.1042885E-05    0.7301100E-05   -0.2342173E-06    0.1121780E-04    0.3489174E-04   -0.6931706E-04    0.6168699E-02    0.1760631E-02    0.1948786E-02   -0.6230453E-03   -0.3584668E-04    0.2014610E-03   -0.2270659E-06    0.4345286E-06
   -0.2538207E-06    0.2053187E-05   -0.2718901E-06    0.1252263E-05    0.7704660E-05   -0.1384153E-04    0.1760631E-02    0.1254825E-02    0.9718360E-03    0.2305618E-03    0.3481910E-04   -0.2447691E-03   -0.3056563E-07    0.7954829E-06
   -0.2591694E-06    0.1527288E-06    0.3530696E-06    0.2874805E-05    0.8543504E-06    0.7188300E-05    0.1948786E-02    0.9718360E-03    0.3494359E-01   -0.5324061E-03    0.1743573E-02    0.1071612E-01   -0.1652298E-05   -0.2097453E-05
    0.4133625E-07    0.9245655E-07   -0.8818910E-07   -0.1301034E-04   -0.1679573E-04    0.8734624E-05   -0.6230453E-03    0.2305618E-03   -0.5324061E-03    0.1347083E-02    0.1555902E-03   -0.4971852E-03    0.4104775E-07    0.5344822E-06
   -0.6732408E-06    0.2397974E-05   -0.9584000E-07   -0.3677607E-05    0.6550254E-05   -0.2013374E-05   -0.3584668E-04    0.3481910E-04    0.1743573E-02    0.1555902E-03    0.5067074E-02    0.3828943E-02    0.4172491E-07    0.1275052E-05
   -0.2657690E-05    0.2076162E-04   -0.1211939E-05   -0.1503515E-04    0.6213350E-04   -0.1244924E-04    0.2014610E-03   -0.2447691E-03    0.1071612E-01   -0.4971852E-03    0.3828943E-02    0.3660577E-01   -0.9921183E-06   -0.2003967E-05
    0.4918339E-10   -0.1622073E-07    0.2095023E-08    0.1137356E-06    0.1427346E-06    0.1761579E-07   -0.2270659E-06   -0.3056563E-07   -0.1652298E-05    0.4104775E-07    0.4172491E-07   -0.9921183E-06    0.2497053E-06    0.4749798E-08
    0.6435047E-08   -0.8900022E-08    0.7894508E-08   -0.5185907E-07   -0.3076473E-06   -0.9864530E-07    0.4345286E-06    0.7954829E-06   -0.2097453E-05    0.5344822E-06    0.1275052E-05   -0.2003967E-05    0.4749798E-08    0.9918237E-06
