# omegabh2 omegach2 theta tau logA ns acib217 xi asz143 aps100 aps143 aps143217 aps217 aksz pwfe_A_100_100 kgal143 kgal143217 kgal217 galfEE100 galfEE100143 galfEE100217 galfEE143 galfEE143217 galfEE217 galfTE100 galfTE100143 galfTE100217 galfTE143 galfTE143217 galfTE217 calib_100T calib_217T
    0.2529889E-07   -0.1456108E-06    0.1938998E-07    0.9647772E-06    0.1676901E-05    0.3732877E-06   -0.9049714E-04    0.3786535E-05    0.5043605E-06   -0.2055854E-03   -0.2019696E-03   -0.4742673E-04    0.7763245E-05   -0.4399578E-04   -0.3967902E-05   -0.9678676E-05   -0.4940244E-04   -0.3602506E-04    0.7959858E-07    0.2508750E-07   -0.9981742E-08    0.3969160E-07    0.2309112E-07    0.1310334E-06   -0.5978978E-06   -0.1343730E-06   -0.2446710E-06    0.7149573E-07   -0.6079025E-06   -0.1432956E-05    0.5016071E-08   -0.7981551E-08
   -0.1456108E-06    0.2198237E-05   -0.1913045E-06   -0.9131584E-05   -0.1289915E-04   -0.5414220E-05    0.2561936E-03   -0.5654360E-05   -0.1179678E-03    0.2271460E-02    0.1836660E-02    0.1023158E-02    0.7474091E-03    0.6912489E-04    0.3312634E-04    0.2324474E-04    0.2041289E-03    0.3857349E-03   -0.1075815E-05   -0.4494491E-06    0.6456353E-07   -0.6290309E-06   -0.5607294E-07   -0.9605672E-06    0.2794238E-05    0.1198784E-05   -0.8213500E-06   -0.1364599E-06    0.1244031E-05    0.9578636E-05    0.3257977E-08    0.8264691E-07
    0.1938998E-07   -0.1913045E-06    0.1028808E-06    0.1183438E-05    0.1978109E-05    0.5751274E-06    0.2127129E-04   -0.2686552E-06    0.5760722E-05   -0.8702995E-04   -0.2301669E-03   -0.1723886E-03   -0.1957534E-03    0.2923379E-04    0.1832280E-05    0.4773895E-05   -0.1053162E-04   -0.1159028E-04    0.1074956E-06    0.4567514E-07    0.1540340E-08    0.9213029E-07   -0.4027734E-07   -0.1005556E-06   -0.9799486E-06   -0.1156225E-06   -0.1012518E-05    0.3647074E-06   -0.9510944E-09   -0.1333981E-05    0.8865243E-09    0.7814617E-08
    0.9647772E-06   -0.9131584E-05    0.1183438E-05    0.2662901E-03    0.5135931E-03    0.3123976E-04   -0.1031967E-01    0.2307351E-03    0.4218765E-04   -0.1884521E-01   -0.9050942E-02    0.3508734E-02    0.1388846E-01   -0.6909134E-02   -0.1097114E-02   -0.1176761E-02   -0.4857943E-02   -0.2474682E-02    0.7491222E-05    0.8162954E-06    0.6771881E-05    0.1137187E-05   -0.4077004E-05   -0.3200650E-05   -0.3473543E-04   -0.6150720E-05   -0.2184421E-04   -0.3584193E-05   -0.9252304E-05   -0.6348902E-04   -0.1030338E-06   -0.1079322E-05
    0.1676901E-05   -0.1289915E-04    0.1978109E-05    0.5135931E-03    0.1006212E-02    0.4758672E-04   -0.2147887E-01    0.5289460E-03   -0.8548074E-03   -0.2651829E-01   -0.1035934E-01    0.1297578E-01    0.3394979E-01   -0.1524105E-01   -0.2291958E-02   -0.2872254E-02   -0.1002233E-01   -0.4080528E-02    0.1101405E-04    0.5697728E-07    0.1411859E-04    0.3848831E-06   -0.8862072E-05   -0.7365342E-05   -0.6702056E-04   -0.9121459E-05   -0.4048376E-04   -0.6552823E-05   -0.1915881E-04   -0.9852683E-04    0.4630779E-07   -0.1900471E-05
    0.3732877E-06   -0.5414220E-05    0.5751274E-06    0.3123976E-04    0.4758672E-04    0.2409376E-04   -0.4568447E-02    0.1503722E-03   -0.7502109E-04   -0.1444549E-01   -0.4085267E-02    0.2088995E-02    0.5581712E-02   -0.3225752E-02    0.1501004E-03   -0.3004624E-03   -0.1743473E-02   -0.9322393E-03    0.5753922E-05    0.2136741E-05   -0.5660461E-06    0.3152302E-05   -0.4238461E-07   -0.3368564E-05   -0.7070374E-05   -0.4631535E-05   -0.8649819E-05   -0.1305489E-05   -0.4947478E-05   -0.4033374E-04   -0.2615095E-06   -0.4767906E-06
   -0.9049714E-04    0.2561936E-03    0.2127129E-04   -0.1031967E-01   -0.2147887E-01   -0.4568447E-02    0.4920352E+02   -0.4835069E+00   -0.2230355E+01    0.5539231E+02    0.4620209E+01   -0.1969432E+02   -0.6553416E+02   -0.1714768E+01   -0.9316403E-01    0.5709134E+00   -0.3894191E+01   -0.2622384E+02   -0.2200224E-02   -0.7025276E-03    0.1095036E-02   -0.7463212E-03    0.9702993E-03    0.3530857E-02    0.6740852E-02    0.5169650E-02    0.8454981E-02    0.2741696E-02    0.3245491E-02    0.5110147E-02   -0.2213488E-03    0.4402689E-02
    0.3786535E-05   -0.5654360E-05   -0.2686552E-06    0.2307351E-03    0.5289460E-03    0.1503722E-03   -0.4835069E+00    0.8150787E-01   -0.7792542E-01   -0.4378378E+00    0.1179746E+01    0.2180277E+01    0.1082032E+01    0.2902464E-01   -0.6036370E-02    0.5899781E-02    0.1179627E+00    0.1293278E+00   -0.7854208E-05    0.2597838E-04    0.1229444E-04    0.2812572E-04    0.9461200E-04   -0.1155140E-03   -0.2731257E-03   -0.1758500E-03   -0.2270698E-03    0.1242111E-03    0.1545775E-06   -0.7179026E-03    0.9500182E-05   -0.1397096E-04
    0.5043605E-06   -0.1179678E-03    0.5760722E-05    0.4218765E-04   -0.8548074E-03   -0.7502109E-04   -0.2230355E+01   -0.7792542E-01    0.4715874E+01   -0.4221864E+02   -0.1110060E+02    0.2936863E+01    0.3185649E+01    0.2047656E+00   -0.2215582E+00    0.3517475E-01    0.2931509E+01    0.2800252E+01    0.3982112E-03    0.1209196E-03   -0.2250977E-03   -0.2156791E-04   -0.1529634E-03   -0.6968107E-04    0.3902453E-03    0.1040303E-02    0.1205848E-02    0.5210624E-03   -0.1727357E-02    0.7601408E-04    0.2850892E-03   -0.4637442E-03
   -0.2055854E-03    0.2271460E-02   -0.8702995E-04   -0.1884521E-01   -0.2651829E-01   -0.1444549E-01    0.5539231E+02   -0.4378378E+00   -0.4221864E+02    0.8937924E+03    0.1470700E+03   -0.2230277E+02   -0.4853875E+02   -0.1701504E+02    0.3226593E-02   -0.1616588E+00   -0.2159919E+02   -0.3250450E+02   -0.8960100E-02   -0.5400189E-02   -0.6919681E-03   -0.2623565E-02   -0.3991143E-02   -0.9918546E-02    0.4298350E-01   -0.5410704E-02    0.2796047E-01    0.1084607E-02    0.1099088E-01    0.8661148E-01    0.3384215E-02    0.5785586E-02
   -0.2019696E-03    0.1836660E-02   -0.2301669E-03   -0.9050942E-02   -0.1035934E-01   -0.4085267E-02    0.4620209E+01    0.1179746E+01   -0.1110060E+02    0.1470700E+03    0.9450167E+02    0.5880014E+02    0.2952211E+02   -0.1408440E+02   -0.2177895E+00   -0.9163289E+00    0.4022388E+00    0.6533772E+00   -0.4030511E-02   -0.1129488E-02    0.9658582E-03   -0.1130906E-02    0.2081767E-02   -0.3714010E-02   -0.1739580E-02   -0.2800763E-02    0.7421183E-02    0.1496279E-03    0.9232457E-02    0.7764660E-02   -0.3648470E-03    0.1183432E-02
   -0.4742673E-04    0.1023158E-02   -0.1723886E-03    0.3508734E-02    0.1297578E-01    0.2088995E-02   -0.1969432E+02    0.2180277E+01    0.2936863E+01   -0.2230277E+02    0.5880014E+02    0.1039761E+03    0.7219935E+02   -0.1202533E+02   -0.5452318E+00   -0.5635328E+00    0.3132562E+01    0.5284147E+01   -0.1278702E-02    0.3866224E-03    0.1298911E-02    0.3533198E-03    0.2240872E-02   -0.7164315E-02   -0.1433065E-01   -0.6749141E-02    0.3493267E-02    0.4467330E-02    0.4140494E-02   -0.3313595E-02    0.6015371E-03   -0.1776850E-02
    0.7763245E-05    0.7474091E-03   -0.1957534E-03    0.1388846E-01    0.3394979E-01    0.5581712E-02   -0.6553416E+02    0.1082032E+01    0.3185649E+01   -0.4853875E+02    0.2952211E+02    0.7219935E+02    0.1284240E+03   -0.1033226E+02   -0.6519864E-01   -0.9851122E+00   -0.8963292E-01    0.2211131E+02    0.1544907E-02    0.6309042E-03   -0.5444800E-03    0.1164612E-02   -0.1202613E-02   -0.1092019E-01   -0.1162237E-01   -0.8920835E-02   -0.4183394E-02   -0.4238494E-02   -0.8629260E-04    0.8617747E-02    0.4837848E-03   -0.7066666E-02
   -0.4399578E-04    0.6912489E-04    0.2923379E-04   -0.6909134E-02   -0.1524105E-01   -0.3225752E-02   -0.1714768E+01    0.2902464E-01    0.2047656E+00   -0.1701504E+02   -0.1408440E+02   -0.1202533E+02   -0.1033226E+02    0.7907769E+01   -0.4251925E-01    0.1913504E-01   -0.1175340E+00    0.9552467E-01   -0.8106282E-04    0.9642384E-04   -0.2823584E-03   -0.1084868E-03    0.7698309E-03    0.2752732E-02    0.1808382E-02    0.4490908E-03   -0.6687081E-02    0.9287119E-03    0.2632386E-02   -0.9865596E-03    0.1302564E-04   -0.2197021E-03
   -0.3967902E-05    0.3312634E-04    0.1832280E-05   -0.1097114E-02   -0.2291958E-02    0.1501004E-03   -0.9316403E-01   -0.6036370E-02   -0.2215582E+00    0.3226593E-02   -0.2177895E+00   -0.5452318E+00   -0.6519864E-01   -0.4251925E-01    0.3269182E+01    0.8484358E+00    0.3009098E+00    0.4615140E+00    0.1558957E-03    0.1462950E-03    0.3832311E-03    0.2111237E-03   -0.4890518E-03   -0.1329088E-02   -0.3364069E-02    0.8016261E-04   -0.2763614E-02   -0.7002297E-04    0.1199457E-03    0.6220642E-03    0.4358088E-03    0.6981197E-06
   -0.9678676E-05    0.2324474E-04    0.4773895E-05   -0.1176761E-02   -0.2872254E-02   -0.3004624E-03    0.5709134E+00    0.5899781E-02    0.3517475E-01   -0.1616588E+00   -0.9163289E+00   -0.5635328E+00   -0.9851122E+00    0.1913504E-01    0.8484358E+00    0.3148587E+01    0.2427148E+01    0.1208407E+01   -0.1454608E-03    0.4123129E-04   -0.2183170E-04   -0.2193495E-03   -0.9047409E-04   -0.2373735E-03    0.2156818E-02   -0.1045088E-02   -0.5182923E-02   -0.1943162E-02    0.4715645E-03   -0.4126484E-05   -0.4158049E-03   -0.1888044E-03
   -0.4940244E-04    0.2041289E-03   -0.1053162E-04   -0.4857943E-02   -0.1002233E-01   -0.1743473E-02   -0.3894191E+01    0.1179627E+00    0.2931509E+01   -0.2159919E+02    0.4022388E+00    0.3132562E+01   -0.8963292E-01   -0.1175340E+00    0.3009098E+00    0.2427148E+01    0.1829618E+02    0.2791598E+02   -0.9154758E-04   -0.3789808E-03   -0.1275750E-02   -0.7723390E-03    0.2967891E-03   -0.1518703E-02    0.9653729E-02    0.2215288E-02    0.5829675E-02   -0.3001063E-02   -0.3629849E-02    0.6244019E-02   -0.3429132E-04    0.2461633E-02
   -0.3602506E-04    0.3857349E-03   -0.1159028E-04   -0.2474682E-02   -0.4080528E-02   -0.9322393E-03   -0.2622384E+02    0.1293278E+00    0.2800252E+01   -0.3250450E+02    0.6533772E+00    0.5284147E+01    0.2211131E+02    0.9552467E-01    0.4615140E+00    0.1208407E+01    0.2791598E+02    0.6283060E+02    0.2870100E-03   -0.6255676E-03   -0.1740221E-02   -0.8320489E-03   -0.2447885E-03   -0.3211318E-02    0.6587719E-02   -0.3007745E-03    0.9602381E-02   -0.4966226E-02   -0.7190835E-02    0.1253922E-01   -0.5670452E-06    0.4429075E-02
    0.7959858E-07   -0.1075815E-05    0.1074956E-06    0.7491222E-05    0.1101405E-04    0.5753922E-05   -0.2200224E-02   -0.7854208E-05    0.3982112E-03   -0.8960100E-02   -0.4030511E-02   -0.1278702E-02    0.1544907E-02   -0.8106282E-04    0.1558957E-03   -0.1454608E-03   -0.9154758E-04    0.2870100E-03    0.1231900E-03    0.9821986E-05   -0.5787505E-08    0.3548706E-05    0.5323921E-05    0.5004848E-05   -0.1315300E-05    0.2042301E-05    0.5269564E-05   -0.3132468E-06    0.1268784E-04   -0.4006060E-04    0.3760014E-07   -0.3381974E-06
    0.2508750E-07   -0.4494491E-06    0.4567514E-07    0.8162954E-06    0.5697728E-07    0.2136741E-05   -0.7025276E-03    0.2597838E-04    0.1209196E-03   -0.5400189E-02   -0.1129488E-02    0.3866224E-03    0.6309042E-03    0.9642384E-04    0.1462950E-03    0.4123129E-04   -0.3789808E-03   -0.6255676E-03    0.9821986E-05    0.1369443E-04    0.5813710E-06    0.6230516E-05    0.6434697E-06   -0.2437560E-05   -0.4773697E-05   -0.2635555E-05   -0.2858298E-05   -0.1982487E-05    0.9524022E-07    0.1555364E-05   -0.2861174E-07   -0.2296506E-06
   -0.9981742E-08    0.6456353E-07    0.1540340E-08    0.6771881E-05    0.1411859E-04   -0.5660461E-06    0.1095036E-02    0.1229444E-04   -0.2250977E-03   -0.6919681E-03    0.9658582E-03    0.1298911E-02   -0.5444800E-03   -0.2823584E-03    0.3832311E-03   -0.2183170E-04   -0.1275750E-02   -0.1740221E-02   -0.5787505E-08    0.5813710E-06    0.2272797E-03   -0.8728382E-06   -0.1880521E-05   -0.5732190E-05    0.2180208E-05    0.6366387E-06   -0.2720731E-04   -0.1985844E-05   -0.6686516E-05   -0.1136096E-05    0.1095470E-07   -0.9359042E-07
    0.3969160E-07   -0.6290309E-06    0.9213029E-07    0.1137187E-05    0.3848831E-06    0.3152302E-05   -0.7463212E-03    0.2812572E-04   -0.2156791E-04   -0.2623565E-02   -0.1130906E-02    0.3533198E-03    0.1164612E-02   -0.1084868E-03    0.2111237E-03   -0.2193495E-03   -0.7723390E-03   -0.8320489E-03    0.3548706E-05    0.6230516E-05   -0.8728382E-06    0.3015990E-04    0.1098963E-05   -0.2237594E-05    0.2629315E-05    0.1514426E-05    0.2174173E-04   -0.1725347E-06    0.1453605E-05   -0.1298296E-05   -0.4780992E-07   -0.1452965E-06
    0.2309112E-07   -0.5607294E-07   -0.4027734E-07   -0.4077004E-05   -0.8862072E-05   -0.4238461E-07    0.9702993E-03    0.9461200E-04   -0.1529634E-03   -0.3991143E-02    0.2081767E-02    0.2240872E-02   -0.1202613E-02    0.7698309E-03   -0.4890518E-03   -0.9047409E-04    0.2967891E-03   -0.2447885E-03    0.5323921E-05    0.6434697E-06   -0.1880521E-05    0.1098963E-05    0.3938539E-03   -0.9430099E-05    0.1587471E-04    0.7310881E-05    0.5241460E-05    0.2539233E-05    0.1525498E-04   -0.1303675E-04   -0.3661099E-06    0.4054662E-06
    0.1310334E-06   -0.9605672E-06   -0.1005556E-06   -0.3200650E-05   -0.7365342E-05   -0.3368564E-05    0.3530857E-02   -0.1155140E-03   -0.6968107E-04   -0.9918546E-02   -0.3714010E-02   -0.7164315E-02   -0.1092019E-01    0.2752732E-02   -0.1329088E-02   -0.2373735E-03   -0.1518703E-02   -0.3211318E-02    0.5004848E-05   -0.2437560E-05   -0.5732190E-05   -0.2237594E-05   -0.9430099E-05    0.3428820E-02   -0.1090124E-03   -0.5276295E-04   -0.4875775E-04    0.2057487E-05   -0.9254744E-04   -0.4756906E-04   -0.1676787E-06   -0.1265667E-06
   -0.5978978E-06    0.2794238E-05   -0.9799486E-06   -0.3473543E-04   -0.6702056E-04   -0.7070374E-05    0.6740852E-02   -0.2731257E-03    0.3902453E-03    0.4298350E-01   -0.1739580E-02   -0.1433065E-01   -0.1162237E-01    0.1808382E-02   -0.3364069E-02    0.2156818E-02    0.9653729E-02    0.6587719E-02   -0.1315300E-05   -0.4773697E-05    0.2180208E-05    0.2629315E-05    0.1587471E-04   -0.1090124E-03    0.5871679E-02    0.1855034E-02    0.1523477E-02   -0.6944797E-03   -0.1272751E-03   -0.3838231E-03    0.2547488E-05    0.1951609E-05
   -0.1343730E-06    0.1198784E-05   -0.1156225E-06   -0.6150720E-05   -0.9121459E-05   -0.4631535E-05    0.5169650E-02   -0.1758500E-03    0.1040303E-02   -0.5410704E-02   -0.2800763E-02   -0.6749141E-02   -0.8920835E-02    0.4490908E-03    0.8016261E-04   -0.1045088E-02    0.2215288E-02   -0.3007745E-03    0.2042301E-05   -0.2635555E-05    0.6366387E-06    0.1514426E-05    0.7310881E-05   -0.5276295E-04    0.1855034E-02    0.1238357E-02    0.7635229E-03    0.2146110E-03    0.3008024E-04   -0.2475207E-03    0.4347936E-06    0.6468449E-06
   -0.2446710E-06   -0.8213500E-06   -0.1012518E-05   -0.2184421E-04   -0.4048376E-04   -0.8649819E-05    0.8454981E-02   -0.2270698E-03    0.1205848E-02    0.2796047E-01    0.7421183E-02    0.3493267E-02   -0.4183394E-02   -0.6687081E-02   -0.2763614E-02   -0.5182923E-02    0.5829675E-02    0.9602381E-02    0.5269564E-05   -0.2858298E-05   -0.2720731E-04    0.2174173E-04    0.5241460E-05   -0.4875775E-04    0.1523477E-02    0.7635229E-03    0.3322592E-01   -0.4990432E-03    0.1188212E-02    0.1042321E-01    0.1089303E-05    0.2326364E-05
    0.7149573E-07   -0.1364599E-06    0.3647074E-06   -0.3584193E-05   -0.6552823E-05   -0.1305489E-05    0.2741696E-02    0.1242111E-03    0.5210624E-03    0.1084607E-02    0.1496279E-03    0.4467330E-02   -0.4238494E-02    0.9287119E-03   -0.7002297E-04   -0.1943162E-02   -0.3001063E-02   -0.4966226E-02   -0.3132468E-06   -0.1982487E-05   -0.1985844E-05   -0.1725347E-06    0.2539233E-05    0.2057487E-05   -0.6944797E-03    0.2146110E-03   -0.4990432E-03    0.1401491E-02    0.1577732E-03   -0.3014451E-03    0.3575781E-06   -0.1784719E-06
   -0.6079025E-06    0.1244031E-05   -0.9510944E-09   -0.9252304E-05   -0.1915881E-04   -0.4947478E-05    0.3245491E-02    0.1545775E-06   -0.1727357E-02    0.1099088E-01    0.9232457E-02    0.4140494E-02   -0.8629260E-04    0.2632386E-02    0.1199457E-03    0.4715645E-03   -0.3629849E-02   -0.7190835E-02    0.1268784E-04    0.9524022E-07   -0.6686516E-05    0.1453605E-05    0.1525498E-04   -0.9254744E-04   -0.1272751E-03    0.3008024E-04    0.1188212E-02    0.1577732E-03    0.5015810E-02    0.3727308E-02    0.7324875E-06   -0.6198740E-06
   -0.1432956E-05    0.9578636E-05   -0.1333981E-05   -0.6348902E-04   -0.9852683E-04   -0.4033374E-04    0.5110147E-02   -0.7179026E-03    0.7601408E-04    0.8661148E-01    0.7764660E-02   -0.3313595E-02    0.8617747E-02   -0.9865596E-03    0.6220642E-03   -0.4126484E-05    0.6244019E-02    0.1253922E-01   -0.4006060E-04    0.1555364E-05   -0.1136096E-05   -0.1298296E-05   -0.1303675E-04   -0.4756906E-04   -0.3838231E-03   -0.2475207E-03    0.1042321E-01   -0.3014451E-03    0.3727308E-02    0.3489138E-01    0.2091745E-05    0.2791562E-05
    0.5016071E-08    0.3257977E-08    0.8865243E-09   -0.1030338E-06    0.4630779E-07   -0.2615095E-06   -0.2213488E-03    0.9500182E-05    0.2850892E-03    0.3384215E-02   -0.3648470E-03    0.6015371E-03    0.4837848E-03    0.1302564E-04    0.4358088E-03   -0.4158049E-03   -0.3429132E-04   -0.5670452E-06    0.3760014E-07   -0.2861174E-07    0.1095470E-07   -0.4780992E-07   -0.3661099E-06   -0.1676787E-06    0.2547488E-05    0.4347936E-06    0.1089303E-05    0.3575781E-06    0.7324875E-06    0.2091745E-05    0.5432626E-06    0.1302226E-07
   -0.7981551E-08    0.8264691E-07    0.7814617E-08   -0.1079322E-05   -0.1900471E-05   -0.4767906E-06    0.4402689E-02   -0.1397096E-04   -0.4637442E-03    0.5785586E-02    0.1183432E-02   -0.1776850E-02   -0.7066666E-02   -0.2197021E-03    0.6981197E-06   -0.1888044E-03    0.2461633E-02    0.4429075E-02   -0.3381974E-06   -0.2296506E-06   -0.9359042E-07   -0.1452965E-06    0.4054662E-06   -0.1265667E-06    0.1951609E-05    0.6468449E-06    0.2326364E-05   -0.1784719E-06   -0.6198740E-06    0.2791562E-05    0.1302226E-07    0.2103299E-05
