# omegabh2 omegach2 theta tau logA ns acib217 acibsz143 asz143 aps100 aps143 aps143217 aps217 aksz pwfe_A_100_100 kgal143 kgal143217 kgal217 galfEE100 galfEE100143 galfEE100217 galfEE143 galfEE143217 galfEE217 galfTE100 galfTE100143 galfTE100217 galfTE143 galfTE143217 galfTE217 calib_100T calib_217T
    0.2307010E-07   -0.1323609E-06    0.1857984E-07    0.9024240E-06    0.1593237E-05    0.3370983E-06   -0.2125964E-03   -0.1007379E-03   -0.1233212E-04   -0.9745077E-04    0.7076554E-05    0.1810754E-03    0.1880596E-03   -0.4440337E-04   -0.1156086E-04   -0.1307954E-04   -0.1283878E-04   -0.2586358E-05    0.6108277E-07    0.3547758E-07   -0.3003008E-07    0.3486422E-07   -0.1438498E-07   -0.5254043E-07   -0.5003342E-06   -0.2201660E-06    0.2382039E-07   -0.1306735E-06   -0.2058251E-06   -0.1391039E-05   -0.1160432E-08    0.5700364E-08
   -0.1323609E-06    0.2055071E-05   -0.1735736E-06   -0.9710824E-05   -0.1447641E-04   -0.5032780E-05    0.6952201E-03    0.3124820E-03   -0.7426875E-04    0.1313901E-02    0.7804704E-03   -0.1497584E-03   -0.3515032E-03    0.2211894E-03    0.2877103E-04   -0.8930834E-04   -0.3095566E-04    0.6177378E-04   -0.1103089E-05   -0.5464672E-06    0.6193364E-06   -0.5784818E-06    0.6312177E-06    0.1485171E-05    0.3223953E-05    0.7371962E-06   -0.1838755E-05    0.2048362E-05    0.1484277E-05    0.7611427E-05   -0.3469983E-08   -0.2606549E-07
    0.1857984E-07   -0.1735736E-06    0.9528201E-07    0.9442342E-06    0.1556843E-05    0.5227359E-06   -0.2427951E-04   -0.2061955E-04   -0.2109636E-05    0.1117979E-04   -0.5996248E-04   -0.2858532E-04   -0.1875700E-04   -0.1690871E-04    0.6341816E-05    0.2718575E-04    0.1682683E-05   -0.4340460E-04    0.8378673E-07    0.5159023E-07   -0.3219608E-07    0.6667849E-07   -0.1003478E-07   -0.3833421E-06   -0.6039449E-06   -0.3592211E-06    0.1312694E-05    0.3783882E-07   -0.1131889E-06   -0.1101392E-05   -0.1323935E-08    0.4269959E-08
    0.9024240E-06   -0.9710824E-05    0.9442342E-06    0.2720425E-03    0.5240137E-03    0.3154227E-04   -0.2030882E-01   -0.9963585E-02   -0.2383155E-02    0.4076739E-02    0.1186242E-01    0.2418287E-01    0.2382654E-01   -0.5094594E-02   -0.2687614E-02   -0.2484469E-02   -0.1556218E-02    0.6800000E-03    0.4898204E-05    0.1907560E-05    0.5875398E-06    0.8152264E-06   -0.2279444E-05    0.1103107E-04   -0.1229117E-04    0.2296630E-05   -0.3088741E-04   -0.2058499E-04   -0.3452199E-05   -0.6443526E-04    0.1589646E-06    0.4594580E-06
    0.1593237E-05   -0.1447641E-04    0.1556843E-05    0.5240137E-03    0.1023970E-02    0.5025369E-04   -0.4410759E-01   -0.2232844E-01   -0.6244326E-02    0.2042717E-01    0.3374795E-01    0.5778283E-01    0.5453660E-01   -0.1063211E-01   -0.6559978E-02   -0.7019033E-02   -0.4086004E-02    0.1507432E-02    0.5660432E-05    0.1995002E-05    0.2910349E-05   -0.1647713E-06   -0.3825507E-05    0.2521152E-04   -0.1886585E-04    0.5647248E-05   -0.6424914E-04   -0.3659786E-04   -0.5204394E-05   -0.1244244E-03    0.2086475E-06    0.8253298E-06
    0.3370983E-06   -0.5032780E-05    0.5227359E-06    0.3154227E-04    0.5025369E-04    0.2331746E-04   -0.1134959E-01   -0.6533951E-02   -0.1507086E-02   -0.7050950E-03    0.7745219E-02    0.1660724E-01    0.1424896E-01   -0.2895139E-02    0.4923203E-03   -0.1296734E-03   -0.2636446E-03    0.2834314E-04    0.6591318E-05    0.2771809E-05   -0.1418115E-05    0.2897590E-05   -0.1044290E-05   -0.5613173E-05   -0.7366352E-05   -0.2335885E-06   -0.3070367E-05   -0.5179695E-05   -0.8297597E-06   -0.7781058E-05    0.1031277E-06    0.2342587E-06
   -0.2125964E-03    0.6952201E-03   -0.2427951E-04   -0.2030882E-01   -0.4410759E-01   -0.1134959E-01    0.7350315E+02    0.2651474E+02    0.3841468E+01    0.1285465E+02   -0.2960069E+02   -0.7335745E+02   -0.9004281E+02   -0.5602905E+01    0.1613394E+01    0.2362838E+01    0.1241665E+01   -0.9052373E+01   -0.2118044E-02   -0.1296545E-02    0.1441468E-03   -0.1178762E-02    0.2488036E-02   -0.4837144E-03    0.2954859E-02    0.1325344E-02   -0.1054908E-01   -0.1874536E-02    0.1944572E-02    0.9514924E-02    0.9290229E-04   -0.3229167E-02
   -0.1007379E-03    0.3124820E-03   -0.2061955E-04   -0.9963585E-02   -0.2232844E-01   -0.6533951E-02    0.2651474E+02    0.2152470E+02    0.4227301E+01   -0.2235592E+02   -0.3122647E+02   -0.5246207E+02   -0.2934786E+02   -0.2833937E+01    0.7270694E+00    0.7319959E+00   -0.2868033E+01   -0.5124923E+00   -0.1349584E-02   -0.5261748E-03    0.6778185E-03   -0.3675743E-03    0.8506030E-03   -0.1750129E-03    0.1099419E-02   -0.3395507E-03   -0.5592761E-02    0.3048691E-03    0.9414812E-03    0.8036903E-02    0.2046503E-04   -0.4167631E-03
   -0.1233212E-04   -0.7426875E-04   -0.2109636E-05   -0.2383155E-02   -0.6244326E-02   -0.1507086E-02    0.3841468E+01    0.4227301E+01    0.6018900E+01   -0.5092592E+02   -0.2027656E+02   -0.9919407E+01   -0.3732727E+01   -0.4594567E+00   -0.1071899E+01   -0.7207427E+00    0.1052467E+01    0.3967564E+00    0.8239178E-04   -0.4863720E-04    0.1814933E-03   -0.1536856E-03    0.8460905E-03    0.2173167E-02    0.1268962E-02    0.6266991E-03   -0.4034471E-03   -0.6620858E-03    0.1002373E-02   -0.4195797E-02   -0.1127257E-03    0.2592601E-03
   -0.9745077E-04    0.1313901E-02    0.1117979E-04    0.4076739E-02    0.2042717E-01   -0.7050950E-03    0.1285465E+02   -0.2235592E+02   -0.5092592E+02    0.9553480E+03    0.2079679E+03    0.7835679E+02    0.2375049E+01   -0.1102107E+02   -0.3555474E+01    0.1139900E+02   -0.3774997E+01   -0.7411059E+01   -0.1064686E-02   -0.1391692E-03    0.5063944E-02   -0.6247072E-03   -0.5187214E-02   -0.2103722E-02    0.2670640E-01   -0.1844819E-02   -0.4115384E-01    0.7634467E-02   -0.4858761E-02    0.5857776E-01   -0.2076226E-02   -0.3162560E-02
    0.7076554E-05    0.7804704E-03   -0.5996248E-04    0.1186242E-01    0.3374795E-01    0.7745219E-02   -0.2960069E+02   -0.3122647E+02   -0.2027656E+02    0.2079679E+03    0.1303998E+03    0.1060477E+03    0.5637940E+02   -0.9101790E+01   -0.4320122E+00   -0.3463280E+01    0.7740004E+00    0.2173095E+00   -0.6759273E-03   -0.1551093E-03    0.1224182E-02    0.2880444E-03   -0.3612970E-02   -0.4437449E-02    0.2545723E-02    0.4188646E-02   -0.4739677E-02    0.3313020E-02    0.5937655E-02    0.2359836E-01    0.2036500E-03   -0.4035195E-03
    0.1810754E-03   -0.1497584E-03   -0.2858532E-04    0.2418287E-01    0.5778283E-01    0.1660724E-01   -0.7335745E+02   -0.5246207E+02   -0.9919407E+01    0.7835679E+02    0.1060477E+03    0.1609274E+03    0.1099222E+03   -0.4707467E+01   -0.2859428E+01   -0.3548878E+01    0.3815847E+01    0.2227808E+01    0.1971115E-02    0.1068788E-02    0.7270156E-03    0.8753004E-03   -0.2868598E-02    0.2450031E-03    0.7734542E-02    0.6413770E-02    0.1550120E-01    0.2446028E-03    0.4578272E-02    0.2350528E-03   -0.5502795E-04    0.1702229E-02
    0.1880596E-03   -0.3515032E-03   -0.1875700E-04    0.2382654E-01    0.5453660E-01    0.1424896E-01   -0.9004281E+02   -0.2934786E+02   -0.3732727E+01    0.2375049E+01    0.5637940E+02    0.1099222E+03    0.1414064E+03   -0.5036775E+01   -0.2182776E+01   -0.2687921E+01   -0.3660595E+01    0.7862226E+01    0.1424745E-02    0.1299345E-02    0.1763211E-02    0.1455557E-02   -0.3819865E-02   -0.5909444E-03    0.6476017E-02    0.4253219E-02    0.1157888E-01    0.4491889E-02    0.4958436E-02    0.3325031E-02   -0.5208126E-04    0.4332727E-02
   -0.4440337E-04    0.2211894E-03   -0.1690871E-04   -0.5094594E-02   -0.1063211E-01   -0.2895139E-02   -0.5602905E+01   -0.2833937E+01   -0.4594567E+00   -0.1102107E+02   -0.9101790E+01   -0.4707467E+01   -0.5036775E+01    0.7882714E+01   -0.2542023E+00   -0.3310824E+00   -0.1752318E+00    0.1769098E+00   -0.4379940E-03   -0.1075460E-03   -0.1207777E-02   -0.3292698E-03    0.5008739E-06    0.8797130E-03   -0.3173676E-02   -0.2508945E-02    0.8285077E-02    0.5996140E-03   -0.3846334E-02   -0.1281281E-03   -0.4244113E-04    0.1497119E-03
   -0.1156086E-04    0.2877103E-04    0.6341816E-05   -0.2687614E-02   -0.6559978E-02    0.4923203E-03    0.1613394E+01    0.7270694E+00   -0.1071899E+01   -0.3555474E+01   -0.4320122E+00   -0.2859428E+01   -0.2182776E+01   -0.2542023E+00    0.1479179E+02    0.6006955E+01    0.2393811E+01    0.6275471E+00    0.8215565E-03   -0.6161209E-04    0.2295373E-03    0.5347723E-04   -0.1230115E-02   -0.3316563E-02   -0.4803901E-02    0.5344827E-03    0.3626270E-02   -0.7407560E-03    0.2484060E-02    0.8129316E-02   -0.4667473E-03    0.1967269E-03
   -0.1307954E-04   -0.8930834E-04    0.2718575E-04   -0.2484469E-02   -0.7019033E-02   -0.1296734E-03    0.2362838E+01    0.7319959E+00   -0.7207427E+00    0.1139900E+02   -0.3463280E+01   -0.3548878E+01   -0.2687921E+01   -0.3310824E+00    0.6006955E+01    0.1164507E+02    0.5305457E+01    0.6019978E+00    0.6756210E-03    0.1097133E-03    0.2108990E-03    0.7002453E-04   -0.3388307E-03   -0.7123950E-03    0.8555453E-02    0.5149067E-03   -0.5096386E-02   -0.4662817E-03    0.2045348E-02   -0.5474777E-02    0.3243867E-03    0.5245629E-03
   -0.1283878E-04   -0.3095566E-04    0.1682683E-05   -0.1556218E-02   -0.4086004E-02   -0.2636446E-03    0.1241665E+01   -0.2868033E+01    0.1052467E+01   -0.3774997E+01    0.7740004E+00    0.3815847E+01   -0.3660595E+01   -0.1752318E+00    0.2393811E+01    0.5305457E+01    0.9627273E+01    0.6748653E+01    0.7427364E-03   -0.1083565E-03    0.2144307E-03   -0.7228607E-04   -0.2108274E-03    0.9726410E-03    0.3309382E-02    0.6162852E-03   -0.1497164E-01    0.1303718E-02    0.4234402E-02   -0.1092011E-01    0.9104951E-04   -0.1866426E-03
   -0.2586358E-05    0.6177378E-04   -0.4340460E-04    0.6800000E-03    0.1507432E-02    0.2834314E-04   -0.9052373E+01   -0.5124923E+00    0.3967564E+00   -0.7411059E+01    0.2173095E+00    0.2227808E+01    0.7862226E+01    0.1769098E+00    0.6275471E+00    0.6019978E+00    0.6748653E+01    0.1700537E+02    0.3509338E-03   -0.1408250E-03    0.6333561E-03    0.8954125E-04    0.2185255E-05    0.2595845E-02    0.2683267E-03   -0.2384186E-03   -0.1605157E-01    0.2924551E-02    0.4490775E-02   -0.4957089E-02   -0.2474802E-04   -0.5103327E-03
    0.6108277E-07   -0.1103089E-05    0.8378673E-07    0.4898204E-05    0.5660432E-05    0.6591318E-05   -0.2118044E-02   -0.1349584E-02    0.8239178E-04   -0.1064686E-02   -0.6759273E-03    0.1971115E-02    0.1424745E-02   -0.4379940E-03    0.8215565E-03    0.6756210E-03    0.7427364E-03    0.3509338E-03    0.1142818E-03    0.1178449E-04   -0.1162331E-05    0.3095092E-05    0.1451338E-05   -0.1192559E-04   -0.1723427E-04   -0.5552849E-05    0.1249163E-04   -0.2083879E-05   -0.1393255E-05   -0.1144725E-04    0.4883009E-07    0.1474087E-06
    0.3547758E-07   -0.5464672E-06    0.5159023E-07    0.1907560E-05    0.1995002E-05    0.2771809E-05   -0.1296545E-02   -0.5261748E-03   -0.4863720E-04   -0.1391692E-03   -0.1551093E-03    0.1068788E-02    0.1299345E-02   -0.1075460E-03   -0.6161209E-04    0.1097133E-03   -0.1083565E-03   -0.1408250E-03    0.1178449E-04    0.1159891E-04   -0.9182499E-06    0.6601966E-05    0.2001436E-05   -0.2791191E-05    0.1728005E-05    0.8632505E-06   -0.6610751E-05   -0.7309116E-06    0.4896627E-06   -0.6005449E-05    0.2361831E-07    0.1026402E-06
   -0.3003008E-07    0.6193364E-06   -0.3219608E-07    0.5875398E-06    0.2910349E-05   -0.1418115E-05    0.1441468E-03    0.6778185E-03    0.1814933E-03    0.5063944E-02    0.1224182E-02    0.7270156E-03    0.1763211E-02   -0.1207777E-02    0.2295373E-03    0.2108990E-03    0.2144307E-03    0.6333561E-03   -0.1162331E-05   -0.9182499E-06    0.2242327E-03   -0.8120215E-06    0.3607255E-05    0.1915409E-05   -0.4080455E-05    0.3617988E-06    0.2102055E-04    0.5738288E-05    0.1679664E-04    0.3388955E-04   -0.5638427E-08    0.4916549E-08
    0.3486422E-07   -0.5784818E-06    0.6667849E-07    0.8152264E-06   -0.1647713E-06    0.2897590E-05   -0.1178762E-02   -0.3675743E-03   -0.1536856E-03   -0.6247072E-03    0.2880444E-03    0.8753004E-03    0.1455557E-02   -0.3292698E-03    0.5347723E-04    0.7002453E-04   -0.7228607E-04    0.8954125E-04    0.3095092E-05    0.6601966E-05   -0.8120215E-06    0.2685406E-04    0.2619285E-05    0.1017772E-07    0.6882243E-05    0.4417006E-05    0.2885072E-05   -0.2165783E-05    0.5007014E-05   -0.1308981E-05    0.4367409E-07    0.7931141E-07
   -0.1438498E-07    0.6312177E-06   -0.1003478E-07   -0.2279444E-05   -0.3825507E-05   -0.1044290E-05    0.2488036E-02    0.8506030E-03    0.8460905E-03   -0.5187214E-02   -0.3612970E-02   -0.2868598E-02   -0.3819865E-02    0.5008739E-06   -0.1230115E-02   -0.3388307E-03   -0.2108274E-03    0.2185255E-05    0.1451338E-05    0.2001436E-05    0.3607255E-05    0.2619285E-05    0.3853244E-03    0.6476893E-05    0.2251519E-04    0.1296213E-04    0.1905541E-04    0.1869065E-04   -0.1167636E-04   -0.3170163E-05   -0.2879244E-07   -0.9439701E-07
   -0.5254043E-07    0.1485171E-05   -0.3833421E-06    0.1103107E-04    0.2521152E-04   -0.5613173E-05   -0.4837144E-03   -0.1750129E-03    0.2173167E-02   -0.2103722E-02   -0.4437449E-02    0.2450031E-03   -0.5909444E-03    0.8797130E-03   -0.3316563E-02   -0.7123950E-03    0.9726410E-03    0.2595845E-02   -0.1192559E-04   -0.2791191E-05    0.1915409E-05    0.1017772E-07    0.6476893E-05    0.3481703E-02    0.7930023E-04    0.1644676E-04    0.2496447E-03    0.1613204E-04    0.5979320E-05    0.8593877E-05    0.1962514E-06   -0.1461749E-06
   -0.5003342E-06    0.3223953E-05   -0.6039449E-06   -0.1229117E-04   -0.1886585E-04   -0.7366352E-05    0.2954859E-02    0.1099419E-02    0.1268962E-02    0.2670640E-01    0.2545723E-02    0.7734542E-02    0.6476017E-02   -0.3173676E-02   -0.4803901E-02    0.8555453E-02    0.3309382E-02    0.2683267E-03   -0.1723427E-04    0.1728005E-05   -0.4080455E-05    0.6882243E-05    0.2251519E-04    0.7930023E-04    0.4359396E-02    0.1596635E-02    0.1025964E-02   -0.3530483E-03   -0.2172831E-04    0.1728863E-04   -0.4969217E-06    0.4872303E-06
   -0.2201660E-06    0.7371962E-06   -0.3592211E-06    0.2296630E-05    0.5647248E-05   -0.2335885E-06    0.1325344E-02   -0.3395507E-03    0.6266991E-03   -0.1844819E-02    0.4188646E-02    0.6413770E-02    0.4253219E-02   -0.2508945E-02    0.5344827E-03    0.5149067E-03    0.6162852E-03   -0.2384186E-03   -0.5552849E-05    0.8632505E-06    0.3617988E-06    0.4417006E-05    0.1296213E-04    0.1644676E-04    0.1596635E-02    0.1370230E-02    0.7351632E-03    0.9298628E-04    0.2752121E-04   -0.1546075E-03   -0.1117855E-06   -0.7544371E-07
    0.2382039E-07   -0.1838755E-05    0.1312694E-05   -0.3088741E-04   -0.6424914E-04   -0.3070367E-05   -0.1054908E-01   -0.5592761E-02   -0.4034471E-03   -0.4115384E-01   -0.4739677E-02    0.1550120E-01    0.1157888E-01    0.8285077E-02    0.3626270E-02   -0.5096386E-02   -0.1497164E-01   -0.1605157E-01    0.1249163E-04   -0.6610751E-05    0.2102055E-04    0.2885072E-05    0.1905541E-04    0.2496447E-03    0.1025964E-02    0.7351632E-03    0.4310955E-01   -0.3723543E-03    0.2984576E-03    0.3002655E-02   -0.2931930E-06    0.1594173E-06
   -0.1306735E-06    0.2048362E-05    0.3783882E-07   -0.2058499E-04   -0.3659786E-04   -0.5179695E-05   -0.1874536E-02    0.3048691E-03   -0.6620858E-03    0.7634467E-02    0.3313020E-02    0.2446028E-03    0.4491889E-02    0.5996140E-03   -0.7407560E-03   -0.4662817E-03    0.1303718E-02    0.2924551E-02   -0.2083879E-05   -0.7309116E-06    0.5738288E-05   -0.2165783E-05    0.1869065E-04    0.1613204E-04   -0.3530483E-03    0.9298628E-04   -0.3723543E-03    0.1450778E-02    0.2064802E-03   -0.4981788E-03    0.6727988E-07    0.1973104E-07
   -0.2058251E-06    0.1484277E-05   -0.1131889E-06   -0.3452199E-05   -0.5204394E-05   -0.8297597E-06    0.1944572E-02    0.9414812E-03    0.1002373E-02   -0.4858761E-02    0.5937655E-02    0.4578272E-02    0.4958436E-02   -0.3846334E-02    0.2484060E-02    0.2045348E-02    0.4234402E-02    0.4490775E-02   -0.1393255E-05    0.4896627E-06    0.1679664E-04    0.5007014E-05   -0.1167636E-04    0.5979320E-05   -0.2172831E-04    0.2752121E-04    0.2984576E-03    0.2064802E-03    0.4958070E-02    0.3624581E-02    0.5311636E-07   -0.2200232E-07
   -0.1391039E-05    0.7611427E-05   -0.1101392E-05   -0.6443526E-04   -0.1244244E-03   -0.7781058E-05    0.9514924E-02    0.8036903E-02   -0.4195797E-02    0.5857776E-01    0.2359836E-01    0.2350528E-03    0.3325031E-02   -0.1281281E-03    0.8129316E-02   -0.5474777E-02   -0.1092011E-01   -0.4957089E-02   -0.1144725E-04   -0.6005449E-05    0.3388955E-04   -0.1308981E-05   -0.3170163E-05    0.8593877E-05    0.1728863E-04   -0.1546075E-03    0.3002655E-02   -0.4981788E-03    0.3624581E-02    0.3985361E-01   -0.8909052E-08    0.7685045E-06
   -0.1160432E-08   -0.3469983E-08   -0.1323935E-08    0.1589646E-06    0.2086475E-06    0.1031277E-06    0.9290229E-04    0.2046503E-04   -0.1127257E-03   -0.2076226E-02    0.2036500E-03   -0.5502795E-04   -0.5208126E-04   -0.4244113E-04   -0.4667473E-03    0.3243867E-03    0.9104951E-04   -0.2474802E-04    0.4883009E-07    0.2361831E-07   -0.5638427E-08    0.4367409E-07   -0.2879244E-07    0.1962514E-06   -0.4969217E-06   -0.1117855E-06   -0.2931930E-06    0.6727988E-07    0.5311636E-07   -0.8909052E-08    0.1746415E-06    0.7733183E-08
    0.5700364E-08   -0.2606549E-07    0.4269959E-08    0.4594580E-06    0.8253298E-06    0.2342587E-06   -0.3229167E-02   -0.4167631E-03    0.2592601E-03   -0.3162560E-02   -0.4035195E-03    0.1702229E-02    0.4332727E-02    0.1497119E-03    0.1967269E-03    0.5245629E-03   -0.1866426E-03   -0.5103327E-03    0.1474087E-06    0.1026402E-06    0.4916549E-08    0.7931141E-07   -0.9439701E-07   -0.1461749E-06    0.4872303E-06   -0.7544371E-07    0.1594173E-06    0.1973104E-07   -0.2200232E-07    0.7685045E-06    0.7733183E-08    0.4845884E-06
