# omegabh2 omegach2 theta tau logA ns galfEE100 galfEE100143 galfEE100217 galfEE143 galfEE143217 galfEE217
    0.6642959E-06   -0.2337306E-05    0.2027544E-06    0.1229833E-05    0.4981834E-05    0.6269211E-05    0.3315536E-06    0.9571047E-07    0.2408102E-06   -0.2391152E-08    0.1091129E-06   -0.2345119E-06
   -0.2337306E-05    0.1456579E-04   -0.1090894E-05   -0.5114886E-05    0.6110644E-05   -0.3841167E-04   -0.7065447E-05   -0.2509457E-05   -0.1491766E-05   -0.2275327E-05   -0.8019252E-06   -0.1870307E-05
    0.2027544E-06   -0.1090894E-05    0.7769127E-06    0.1377706E-06   -0.1299039E-05    0.3299241E-05    0.3781988E-06    0.1592797E-06   -0.8406910E-07    0.6448465E-07    0.4245529E-06   -0.7797075E-06
    0.1229833E-05   -0.5114886E-05    0.1377706E-06    0.3667855E-03    0.7391693E-03    0.2289371E-04    0.9727583E-05    0.2908565E-05    0.2346913E-05   -0.1180926E-05   -0.1400984E-05   -0.2707309E-05
    0.4981834E-05    0.6110644E-05   -0.1299039E-05    0.7391693E-03    0.1623265E-02    0.2010621E-04   -0.2916845E-05   -0.2193324E-05    0.1225751E-05   -0.1137434E-04   -0.6610331E-05   -0.1811929E-04
    0.6269211E-05   -0.3841167E-04    0.3299241E-05    0.2289371E-04    0.2010621E-04    0.1928308E-03    0.4260570E-04    0.1469958E-04    0.1094488E-05    0.1546147E-04    0.2067677E-07   -0.8145416E-05
    0.3315536E-06   -0.7065447E-05    0.3781988E-06    0.9727583E-05   -0.2916845E-05    0.4260570E-04    0.1406089E-03    0.1485393E-04    0.1305952E-05    0.6944636E-05    0.1976583E-05    0.1503828E-04
    0.9571047E-07   -0.2509457E-05    0.1592797E-06    0.2908565E-05   -0.2193324E-05    0.1469958E-04    0.1485393E-04    0.1548370E-04   -0.1483724E-06    0.8444933E-05   -0.3260441E-06    0.5944183E-06
    0.2408102E-06   -0.1491766E-05   -0.8406910E-07    0.2346913E-05    0.1225751E-05    0.1094488E-05    0.1305952E-05   -0.1483724E-06    0.2262499E-03   -0.1174414E-06   -0.1580797E-05    0.1599523E-04
   -0.2391152E-08   -0.2275327E-05    0.6448465E-07   -0.1180926E-05   -0.1137434E-04    0.1546147E-04    0.6944636E-05    0.8444933E-05   -0.1174414E-06    0.3217115E-04    0.6781481E-06    0.4028490E-05
    0.1091129E-06   -0.8019252E-06    0.4245529E-06   -0.1400984E-05   -0.6610331E-05    0.2067677E-07    0.1976583E-05   -0.3260441E-06   -0.1580797E-05    0.6781481E-06    0.3885503E-03   -0.6094321E-05
   -0.2345119E-06   -0.1870307E-05   -0.7797075E-06   -0.2707309E-05   -0.1811929E-04   -0.8145416E-05    0.1503828E-04    0.5944183E-06    0.1599523E-04    0.4028490E-05   -0.6094321E-05    0.3557324E-02
