# omegabh2 omegach2 theta tau logA ns acib217 xi asz143 aps100 aps143 aps143217 aps217 aksz kgal100 kgal143 kgal143217 kgal217 galfEE100 galfEE100143 galfEE100217 galfEE143 galfEE143217 galfEE217 galfTE100 galfTE100143 galfTE100217 galfTE143 galfTE143217 galfTE217 cal0 cal2
    0.2237406E-07   -0.1212390E-06    0.1692899E-07    0.7226668E-06    0.1233424E-05    0.3194349E-06   -0.1029590E-03    0.3533571E-05    0.6221942E-05   -0.2105649E-03   -0.1462398E-03   -0.4436731E-05    0.6266977E-04   -0.4876150E-04    0.3372300E-05   -0.2309703E-05   -0.1383766E-04   -0.3297119E-05    0.6055698E-07    0.5884494E-07    0.8014019E-08    0.5469419E-07    0.2027092E-06    0.3201674E-06   -0.3088017E-08   -0.1975006E-08   -0.2361355E-06   -0.2399865E-06   -0.8136680E-06   -0.3264511E-05    0.2616707E-08   -0.5132928E-08
   -0.1212390E-06    0.1967735E-05   -0.1624798E-06   -0.7849225E-05   -0.1085922E-04   -0.4766222E-05    0.3901161E-03   -0.1626448E-04   -0.5139247E-04    0.1318342E-02    0.1214327E-02    0.4742722E-03    0.2846723E-03    0.4979042E-04   -0.8216384E-05   -0.3136749E-04    0.7661982E-04    0.1105674E-03   -0.6969129E-06   -0.8241704E-06    0.6219102E-06   -0.6012507E-06   -0.1268404E-05   -0.4339438E-05    0.5244248E-06    0.3582373E-06    0.1717603E-05    0.2185909E-05    0.5634765E-05    0.2224952E-04    0.1647513E-07    0.2934973E-07
    0.1692899E-07   -0.1624798E-06    0.9575918E-07    0.7483929E-06    0.1190147E-05    0.4639885E-06   -0.5428326E-04    0.6000439E-06    0.1558867E-04   -0.3018909E-03   -0.1191109E-03   -0.6253492E-04   -0.3917912E-04    0.9372521E-05    0.1144281E-04    0.1014744E-04    0.2245656E-04    0.3231168E-04    0.5784189E-07    0.6124039E-07   -0.6066212E-07    0.5485584E-07   -0.3619482E-07   -0.1368457E-06    0.1994765E-06    0.1474182E-06    0.9588143E-07   -0.2330962E-06   -0.9147629E-06   -0.3337161E-05   -0.4216798E-08   -0.9122437E-08
    0.7226668E-06   -0.7849225E-05    0.7483929E-06    0.2524299E-03    0.4871005E-03    0.2681272E-04   -0.9973931E-02    0.3569888E-03   -0.5188706E-03   -0.1182400E-01   -0.4081723E-03    0.9091745E-02    0.1541524E-01   -0.5896097E-02    0.6409755E-03   -0.8855518E-03   -0.3509255E-02   -0.2455673E-02    0.1829804E-05    0.2542735E-05   -0.8120834E-05    0.2201398E-05    0.1512650E-04    0.2935692E-05    0.2375124E-05   -0.2140927E-05    0.9239887E-06   -0.2511164E-04   -0.2002734E-04   -0.2209568E-04    0.6253140E-07   -0.9337984E-06
    0.1233424E-05   -0.1085922E-04    0.1190147E-05    0.4871005E-03    0.9540881E-03    0.4064987E-04   -0.2054186E-01    0.7421268E-03   -0.1718651E-02   -0.1634404E-01    0.5572535E-02    0.2275984E-01    0.3584679E-01   -0.1323862E-01    0.1027271E-02   -0.2309509E-02   -0.7416744E-02   -0.4739122E-02    0.1678856E-05    0.2547526E-05   -0.1485787E-04    0.2373129E-05    0.2758939E-04   -0.9316953E-05    0.5961096E-05   -0.3990600E-05    0.3464026E-05   -0.4647066E-04   -0.2864875E-04    0.3454183E-05    0.3603934E-06   -0.1823836E-05
    0.3194349E-06   -0.4766222E-05    0.4639885E-06    0.2681272E-04    0.4064987E-04    0.2117919E-04   -0.4812569E-02    0.2030915E-03   -0.2142540E-03   -0.1256379E-01   -0.1813864E-02    0.4661755E-02    0.6552779E-02   -0.3065233E-02    0.3044571E-03   -0.9340058E-04   -0.1239222E-02   -0.1902470E-03    0.2952837E-05    0.3404157E-05   -0.1742779E-05    0.3230337E-05   -0.1507026E-05    0.1666253E-04   -0.1480339E-05   -0.2338522E-05   -0.5489104E-05   -0.9087374E-05   -0.1652251E-04   -0.5333869E-04   -0.2172460E-06   -0.2660867E-06
   -0.1029590E-03    0.3901161E-03   -0.5428326E-04   -0.9973931E-02   -0.2054186E-01   -0.4812569E-02    0.4321715E+02   -0.6438542E+00   -0.1611767E+01    0.4491017E+02    0.8100237E+00   -0.2394573E+02   -0.5849072E+02   -0.1665208E+01    0.6079215E-01    0.6140418E-01   -0.2078995E+01   -0.1786649E+02   -0.4290291E-03   -0.1005476E-03    0.2143274E-02   -0.9989956E-03    0.1724246E-03    0.4332677E-02    0.2083980E-02   -0.3537901E-03    0.2906902E-02   -0.1071310E-02    0.2054196E-02    0.3326723E-01   -0.3288374E-03    0.4352117E-02
    0.3533571E-05   -0.1626448E-04    0.6000439E-06    0.3569888E-03    0.7421268E-03    0.2030915E-03   -0.6438542E+00    0.8042631E-01   -0.7800531E-01   -0.5676299E+00    0.1245848E+01    0.2301709E+01    0.1043976E+01    0.4244553E-01   -0.7054665E-02    0.1973129E-01    0.1375326E+00    0.1613526E+00    0.1878014E-04    0.1893758E-04   -0.7442568E-04    0.1386791E-04    0.1831706E-03    0.2301683E-04    0.5417067E-04   -0.1806891E-03   -0.3180868E-03   -0.1572613E-03   -0.6406462E-03   -0.7055745E-03    0.1132651E-04   -0.2725219E-04
    0.6221942E-05   -0.5139247E-04    0.1558867E-04   -0.5188706E-03   -0.1718651E-02   -0.2142540E-03   -0.1611767E+01   -0.7800531E-01    0.3759133E+01   -0.3336852E+02   -0.9119578E+01    0.1939531E+01    0.2305589E+01    0.1029428E+00   -0.1464642E+00   -0.5256400E-01    0.2102116E+01    0.1874708E+01    0.8825517E-04    0.1252142E-03   -0.3759311E-03    0.1971404E-03    0.9803027E-03   -0.6209143E-02    0.2627073E-03    0.1236629E-02    0.2943209E-02    0.2022135E-02    0.4988647E-03    0.1631292E-02    0.1664476E-03   -0.3833090E-03
   -0.2105649E-03    0.1318342E-02   -0.3018909E-03   -0.1182400E-01   -0.1634404E-01   -0.1256379E-01    0.4491017E+02   -0.5676299E+00   -0.3336852E+02    0.8174647E+03    0.1197938E+03   -0.2153519E+02   -0.3524019E+02   -0.1506285E+02   -0.3685739E+01    0.3942260E+01   -0.1128287E+02   -0.1539366E+02   -0.1950912E-02   -0.1539563E-02    0.8466004E-02   -0.4744331E-02   -0.2030141E-01    0.5793257E-01    0.7460525E-02   -0.1961182E-01   -0.2311095E-01   -0.2424569E-01    0.2772758E-02   -0.3585227E-01    0.5564878E-02    0.4863126E-02
   -0.1462398E-03    0.1214327E-02   -0.1191109E-03   -0.4081723E-03    0.5572535E-02   -0.1813864E-02    0.8100237E+00    0.1245848E+01   -0.9119578E+01    0.1197938E+03    0.8973202E+02    0.6281351E+02    0.2984301E+02   -0.1341686E+02    0.6355433E-01   -0.6575505E+00    0.2326736E+01    0.2791662E+01   -0.8436939E-03   -0.9869552E-03   -0.2474619E-03   -0.1734455E-02   -0.3499949E-02    0.1345793E-01    0.1777865E-02   -0.5289325E-02   -0.1325418E-01   -0.6464452E-02    0.5098820E-02    0.1276365E-01   -0.9541602E-04    0.7691852E-03
   -0.4436731E-05    0.4742722E-03   -0.6253492E-04    0.9091745E-02    0.2275984E-01    0.4661755E-02   -0.2394573E+02    0.2301709E+01    0.1939531E+01   -0.2153519E+02    0.6281351E+02    0.1081206E+03    0.6908636E+02   -0.1131305E+02   -0.4854094E+00   -0.8350127E-01    0.3338516E+01    0.4688411E+01    0.6364079E-03    0.4512023E-03   -0.3803399E-02    0.1070081E-03    0.2213370E-02   -0.7087181E-02    0.3233339E-02   -0.4643014E-02   -0.6538292E-02   -0.3584413E-02   -0.9728828E-02   -0.3796102E-03    0.5915206E-03   -0.2231779E-02
    0.6266977E-04    0.2846723E-03   -0.3917912E-04    0.1541524E-01    0.3584679E-01    0.6552779E-02   -0.5849072E+02    0.1043976E+01    0.2305589E+01   -0.3524019E+02    0.2984301E+02    0.6908636E+02    0.1159167E+03   -0.9988894E+01   -0.3839937E+00   -0.3268733E+00   -0.2409010E+01    0.1239195E+02    0.6001806E-03   -0.5383724E-04   -0.6268155E-02    0.1151243E-02   -0.3146763E-02   -0.4841249E-02   -0.3590635E-02   -0.1124909E-02   -0.3406611E-02    0.3204847E-03    0.3448661E-02   -0.2429729E-01    0.5611995E-03   -0.7134768E-02
   -0.4876150E-04    0.4979042E-04    0.9372521E-05   -0.5896097E-02   -0.1323862E-01   -0.3065233E-02   -0.1665208E+01    0.4244553E-01    0.1029428E+00   -0.1506285E+02   -0.1341686E+02   -0.1131305E+02   -0.9988894E+01    0.7733559E+01    0.3541184E-02   -0.4145792E-01   -0.5122418E+00   -0.4515304E+00   -0.3158329E-03   -0.3323573E-03    0.5226822E-03   -0.3589921E-03    0.2231663E-02   -0.3242142E-02    0.2073932E-03    0.1278982E-02    0.3125254E-02    0.2295973E-02   -0.6918929E-04    0.1623444E-02    0.2455493E-04   -0.2309451E-03
    0.3372300E-05   -0.8216384E-05    0.1144281E-04    0.6409755E-03    0.1027271E-02    0.3044571E-03    0.6079215E-01   -0.7054665E-02   -0.1464642E+00   -0.3685739E+01    0.6355433E-01   -0.4854094E+00   -0.3839937E+00    0.3541184E-02    0.3520158E+01    0.3942843E+00    0.7442969E-01    0.1571879E+00   -0.1449124E-03    0.6882655E-04   -0.1868181E-03    0.2329741E-04   -0.1263345E-02    0.1626028E-03    0.3300253E-03    0.1104891E-02    0.6918472E-03    0.1217333E-02    0.1798688E-02   -0.6231205E-02    0.2981259E-03   -0.8442450E-05
   -0.2309703E-05   -0.3136749E-04    0.1014744E-04   -0.8855518E-03   -0.2309509E-02   -0.9340058E-04    0.6140418E-01    0.1973129E-01   -0.5256400E-01    0.3942260E+01   -0.6575505E+00   -0.8350127E-01   -0.3268733E+00   -0.4145792E-01    0.3942843E+00    0.3329527E+01    0.2477234E+01    0.1623310E+01   -0.5209497E-04    0.7000590E-04    0.2752219E-04    0.3858789E-03   -0.3436129E-03    0.4102767E-03    0.1308060E-03   -0.6772234E-03   -0.1231841E-02    0.8373795E-04   -0.2083230E-02   -0.3991505E-02   -0.2726442E-03   -0.2236412E-03
   -0.1383766E-04    0.7661982E-04    0.2245656E-04   -0.3509255E-02   -0.7416744E-02   -0.1239222E-02   -0.2078995E+01    0.1375326E+00    0.2102116E+01   -0.1128287E+02    0.2326736E+01    0.3338516E+01   -0.2409010E+01   -0.5122418E+00    0.7442969E-01    0.2477234E+01    0.1687741E+02    0.2543726E+02   -0.5461433E-03   -0.5836764E-04    0.1775022E-02   -0.8957675E-04    0.1277863E-02   -0.6465754E-02    0.1756083E-03    0.1849941E-02   -0.3860647E-02    0.4831691E-02    0.3157339E-03   -0.1544974E-01   -0.3948800E-04    0.2548499E-02
   -0.3297119E-05    0.1105674E-03    0.3231168E-04   -0.2455673E-02   -0.4739122E-02   -0.1902470E-03   -0.1786649E+02    0.1613526E+00    0.1874708E+01   -0.1539366E+02    0.2791662E+01    0.4688411E+01    0.1239195E+02   -0.4515304E+00    0.1571879E+00    0.1623310E+01    0.2543726E+02    0.5389366E+02   -0.6501896E-03   -0.1581291E-03    0.4272457E-02   -0.2477837E-03    0.1638249E-02   -0.9909550E-02    0.1970024E-03    0.3660139E-02   -0.6425129E-02    0.8978479E-02    0.3607817E-02   -0.4336567E-01    0.1874574E-04    0.4660875E-02
    0.6055698E-07   -0.6969129E-06    0.5784189E-07    0.1829804E-05    0.1678856E-05    0.2952837E-05   -0.4290291E-03    0.1878014E-04    0.8825517E-04   -0.1950912E-02   -0.8436939E-03    0.6364079E-03    0.6001806E-03   -0.3158329E-03   -0.1449124E-03   -0.5209497E-04   -0.5461433E-03   -0.6501896E-03    0.2838508E-04    0.8560279E-05    0.2476939E-05    0.2575620E-05   -0.6286847E-05    0.4299956E-05   -0.4345956E-05   -0.3123961E-05   -0.2238095E-05   -0.4717312E-05   -0.7089931E-05   -0.2464752E-04    0.2099242E-07   -0.8085790E-07
    0.5884494E-07   -0.8241704E-06    0.6124039E-07    0.2542735E-05    0.2547526E-05    0.3404157E-05   -0.1005476E-03    0.1893758E-04    0.1252142E-03   -0.1539563E-02   -0.9869552E-03    0.4512023E-03   -0.5383724E-04   -0.3323573E-03    0.6882655E-04    0.7000590E-04   -0.5836764E-04   -0.1581291E-03    0.8560279E-05    0.2230115E-04   -0.9701196E-06    0.1079045E-04   -0.5740535E-05    0.6368524E-05    0.1622725E-05   -0.1022005E-05   -0.7131269E-05   -0.7458631E-05   -0.7395687E-05   -0.2599582E-04    0.9461528E-08    0.2929877E-07
    0.8014019E-08    0.6219102E-06   -0.6066212E-07   -0.8120834E-05   -0.1485787E-04   -0.1742779E-05    0.2143274E-02   -0.7442568E-04   -0.3759311E-03    0.8466004E-02   -0.2474619E-03   -0.3803399E-02   -0.6268155E-02    0.5226822E-03   -0.1868181E-03    0.2752219E-04    0.1775022E-02    0.4272457E-02    0.2476939E-05   -0.9701196E-06    0.1065966E-02    0.4632731E-06    0.2550152E-04   -0.1591498E-04   -0.1026490E-04    0.1526628E-04    0.1932697E-04    0.1425911E-04   -0.2493877E-04   -0.8231461E-04   -0.3459307E-07    0.1052704E-05
    0.5469419E-07   -0.6012507E-06    0.5485584E-07    0.2201398E-05    0.2373129E-05    0.3230337E-05   -0.9989956E-03    0.1386791E-04    0.1971404E-03   -0.4744331E-02   -0.1734455E-02    0.1070081E-03    0.1151243E-02   -0.3589921E-03    0.2329741E-04    0.3858789E-03   -0.8957675E-04   -0.2477837E-03    0.2575620E-05    0.1079045E-04    0.4632731E-06    0.3920787E-04   -0.3268630E-05    0.1335463E-04   -0.1528881E-06   -0.2666378E-05   -0.1025633E-05   -0.8748201E-05   -0.8074497E-05   -0.2322369E-04   -0.4943936E-07   -0.2134617E-06
    0.2027092E-06   -0.1268404E-05   -0.3619482E-07    0.1512650E-04    0.2758939E-04   -0.1507026E-05    0.1724246E-03    0.1831706E-03    0.9803027E-03   -0.2030141E-01   -0.3499949E-02    0.2213370E-02   -0.3146763E-02    0.2231663E-02   -0.1263345E-02   -0.3436129E-03    0.1277863E-02    0.1638249E-02   -0.6286847E-05   -0.5740535E-05    0.2550152E-04   -0.3268630E-05    0.2172026E-02    0.5555021E-04   -0.1673613E-05    0.7354069E-05   -0.4688574E-04    0.3603400E-04    0.5597157E-05    0.1712200E-03    0.2174831E-06    0.1049510E-06
    0.3201674E-06   -0.4339438E-05   -0.1368457E-06    0.2935692E-05   -0.9316953E-05    0.1666253E-04    0.4332677E-02    0.2301683E-04   -0.6209143E-02    0.5793257E-01    0.1345793E-01   -0.7087181E-02   -0.4841249E-02   -0.3242142E-02    0.1626028E-03    0.4102767E-03   -0.6465754E-02   -0.9909550E-02    0.4299956E-05    0.6368524E-05   -0.1591498E-04    0.1335463E-04    0.5555021E-04    0.1698158E-01   -0.7204190E-04    0.8951266E-04   -0.8790993E-04    0.1311966E-03   -0.1457793E-03   -0.3017120E-03   -0.2360710E-05   -0.1026698E-05
   -0.3088017E-08    0.5244248E-06    0.1994765E-06    0.2375124E-05    0.5961096E-05   -0.1480339E-05    0.2083980E-02    0.5417067E-04    0.2627073E-03    0.7460525E-02    0.1777865E-02    0.3233339E-02   -0.3590635E-02    0.2073932E-03    0.3300253E-03    0.1308060E-03    0.1756083E-03    0.1970024E-03   -0.4345956E-05    0.1622725E-05   -0.1026490E-04   -0.1528881E-06   -0.1673613E-05   -0.7204190E-04    0.1405574E-02    0.3159801E-03    0.7582219E-04   -0.3699718E-03   -0.1324254E-03    0.1398112E-04    0.1350911E-06    0.6825201E-07
   -0.1975006E-08    0.3582373E-06    0.1474182E-06   -0.2140927E-05   -0.3990600E-05   -0.2338522E-05   -0.3537901E-03   -0.1806891E-03    0.1236629E-02   -0.1961182E-01   -0.5289325E-02   -0.4643014E-02   -0.1124909E-02    0.1278982E-02    0.1104891E-02   -0.6772234E-03    0.1849941E-02    0.3660139E-02   -0.3123961E-05   -0.1022005E-05    0.1526628E-04   -0.2666378E-05    0.7354069E-05    0.8951266E-04    0.3159801E-03    0.8318035E-03    0.7098926E-04    0.7265989E-03    0.4973797E-04   -0.5856959E-03   -0.2772394E-06    0.2607221E-06
   -0.2361355E-06    0.1717603E-05    0.9588143E-07    0.9239887E-06    0.3464026E-05   -0.5489104E-05    0.2906902E-02   -0.3180868E-03    0.2943209E-02   -0.2311095E-01   -0.1325418E-01   -0.6538292E-02   -0.3406611E-02    0.3125254E-02    0.6918472E-03   -0.1231841E-02   -0.3860647E-02   -0.6425129E-02   -0.2238095E-05   -0.7131269E-05    0.1932697E-04   -0.1025633E-05   -0.4688574E-04   -0.8790993E-04    0.7582219E-04    0.7098926E-04    0.6981887E-02   -0.2461736E-03    0.7108110E-03    0.4788249E-02    0.1294565E-06   -0.5888671E-07
   -0.2399865E-06    0.2185909E-05   -0.2330962E-06   -0.2511164E-04   -0.4647066E-04   -0.9087374E-05   -0.1071310E-02   -0.1572613E-03    0.2022135E-02   -0.2424569E-01   -0.6464452E-02   -0.3584413E-02    0.3204847E-03    0.2295973E-02    0.1217333E-02    0.8373795E-04    0.4831691E-02    0.8978479E-02   -0.4717312E-05   -0.7458631E-05    0.1425911E-04   -0.8748201E-05    0.3603400E-04    0.1311966E-03   -0.3699718E-03    0.7265989E-03   -0.2461736E-03    0.2775763E-02    0.5796383E-03   -0.6731428E-03    0.3015896E-07    0.8353657E-06
   -0.8136680E-06    0.5634765E-05   -0.9147629E-06   -0.2002734E-04   -0.2864875E-04   -0.1652251E-04    0.2054196E-02   -0.6406462E-03    0.4988647E-03    0.2772758E-02    0.5098820E-02   -0.9728828E-02    0.3448661E-02   -0.6918929E-04    0.1798688E-02   -0.2083230E-02    0.3157339E-03    0.3607817E-02   -0.7089931E-05   -0.7395687E-05   -0.2493877E-04   -0.8074497E-05    0.5597157E-05   -0.1457793E-03   -0.1324254E-03    0.4973797E-04    0.7108110E-03    0.5796383E-03    0.6348948E-02    0.7402790E-02   -0.3150246E-06    0.6958766E-06
   -0.3264511E-05    0.2224952E-04   -0.3337161E-05   -0.2209568E-04    0.3454183E-05   -0.5333869E-04    0.3326723E-01   -0.7055745E-03    0.1631292E-02   -0.3585227E-01    0.1276365E-01   -0.3796102E-03   -0.2429729E-01    0.1623444E-02   -0.6231205E-02   -0.3991505E-02   -0.1544974E-01   -0.4336567E-01   -0.2464752E-04   -0.2599582E-04   -0.8231461E-04   -0.2322369E-04    0.1712200E-03   -0.3017120E-03    0.1398112E-04   -0.5856959E-03    0.4788249E-02   -0.6731428E-03    0.7402790E-02    0.5868259E-01   -0.2457802E-05   -0.3950685E-05
    0.2616707E-08    0.1647513E-07   -0.4216798E-08    0.6253140E-07    0.3603934E-06   -0.2172460E-06   -0.3288374E-03    0.1132651E-04    0.1664476E-03    0.5564878E-02   -0.9541602E-04    0.5915206E-03    0.5611995E-03    0.2455493E-04    0.2981259E-03   -0.2726442E-03   -0.3948800E-04    0.1874574E-04    0.2099242E-07    0.9461528E-08   -0.3459307E-07   -0.4943936E-07    0.2174831E-06   -0.2360710E-05    0.1350911E-06   -0.2772394E-06    0.1294565E-06    0.3015896E-07   -0.3150246E-06   -0.2457802E-05    0.5783728E-06   -0.1816875E-07
   -0.5132928E-08    0.2934973E-07   -0.9122437E-08   -0.9337984E-06   -0.1823836E-05   -0.2660867E-06    0.4352117E-02   -0.2725219E-04   -0.3833090E-03    0.4863126E-02    0.7691852E-03   -0.2231779E-02   -0.7134768E-02   -0.2309451E-03   -0.8442450E-05   -0.2236412E-03    0.2548499E-02    0.4660875E-02   -0.8085790E-07    0.2929877E-07    0.1052704E-05   -0.2134617E-06    0.1049510E-06   -0.1026698E-05    0.6825201E-07    0.2607221E-06   -0.5888671E-07    0.8353657E-06    0.6958766E-06   -0.3950685E-05   -0.1816875E-07    0.2099832E-05
