# omegabh2 omegach2 theta tau logA ns acib217 xi asz143 aps100 aps143 aps143217 aps217 aksz pwfe_A_100_100 kgal143 kgal143217 kgal217 galfEE100 galfEE100143 galfEE100217 galfEE143 galfEE143217 galfEE217 galfTE100 galfTE100143 galfTE100217 galfTE143 galfTE143217 galfTE217 calib_100T calib_217T
    0.2188758E-07   -0.1200726E-06    0.1715585E-07    0.8499268E-06    0.1500640E-05    0.2876511E-06   -0.9624041E-04    0.3846570E-05    0.4285751E-05   -0.2078847E-03   -0.9858809E-04    0.1859402E-04    0.6579430E-04   -0.4877224E-04   -0.2861478E-05   -0.6823322E-06   -0.1249708E-04    0.1400643E-04    0.1181990E-06    0.4425684E-07   -0.3808639E-07    0.4559538E-07    0.5271519E-07   -0.1951921E-06   -0.3269518E-06   -0.1426412E-06    0.8703174E-06   -0.3256652E-06   -0.5326829E-06   -0.1264240E-05    0.2173803E-08   -0.6567313E-08
   -0.1200726E-06    0.1829724E-05   -0.1575854E-06   -0.8079438E-05   -0.1174887E-04   -0.4283607E-05    0.3591389E-03   -0.1312105E-04   -0.1946168E-03    0.2268219E-02    0.1270783E-02    0.1872375E-03    0.2076594E-03    0.6643528E-04    0.7069156E-05   -0.4232488E-04   -0.7058266E-05   -0.6461925E-04   -0.9242748E-06   -0.5091005E-06    0.1354447E-06   -0.4838668E-06   -0.6205154E-06   -0.9026009E-07    0.1259279E-05    0.5483071E-06   -0.3238930E-05    0.1937982E-05    0.2807079E-05    0.1079906E-04    0.4746574E-09    0.3067959E-07
    0.1715585E-07   -0.1575854E-06    0.9381494E-07    0.8520285E-06    0.1380348E-05    0.4869631E-06   -0.2042125E-04    0.4885031E-06    0.1601309E-04   -0.1685625E-03   -0.7597693E-04   -0.4752394E-05   -0.8278569E-05   -0.1616527E-04   -0.4301199E-06    0.3941774E-05    0.1810800E-04    0.4400520E-04    0.1441373E-06    0.3865380E-07   -0.1184530E-06    0.3540722E-07    0.6523194E-07    0.3803518E-07    0.7759051E-07    0.9292894E-07    0.6036145E-06   -0.3121385E-06   -0.6317995E-06   -0.1071056E-05   -0.2149653E-08    0.3678284E-09
    0.8499268E-06   -0.8079438E-05    0.8520285E-06    0.2475668E-03    0.4782791E-03    0.2409480E-04   -0.8188566E-02    0.2852649E-03    0.1627130E-02   -0.2571950E-01   -0.9054636E-02    0.7547662E-02    0.1057773E-01   -0.4589822E-02   -0.3909639E-04   -0.8287782E-03   -0.2733356E-02   -0.1869077E-02    0.3731701E-05    0.3087237E-05   -0.2258949E-05    0.4731591E-05   -0.6278703E-05   -0.1910041E-04   -0.3384608E-05    0.8912450E-05    0.1850093E-04    0.4780018E-05   -0.1292176E-04   -0.8126547E-04    0.5557169E-06   -0.8480169E-06
    0.1500640E-05   -0.1174887E-04    0.1380348E-05    0.4782791E-03    0.9368287E-03    0.3631116E-04   -0.1666711E-01    0.6087273E-03    0.1999579E-02   -0.3985798E-01   -0.1124347E-01    0.1855864E-01    0.2549086E-01   -0.1043032E-01   -0.2264098E-03   -0.2272352E-02   -0.6471284E-02   -0.4466652E-02    0.4484332E-05    0.4604207E-05   -0.4732574E-05    0.7894883E-05   -0.1402892E-04   -0.3988665E-04   -0.5202750E-05    0.1719343E-04    0.2824755E-04    0.1346131E-04   -0.2154406E-04   -0.1459335E-03    0.1305204E-05   -0.1606526E-05
    0.2876511E-06   -0.4283607E-05    0.4869631E-06    0.2409480E-04    0.3631116E-04    0.1971457E-04   -0.4254188E-02    0.1595340E-03    0.3257356E-05   -0.9482704E-02   -0.1130558E-02    0.4623991E-02    0.6656651E-02   -0.3113710E-02    0.3316301E-03    0.8345907E-04   -0.1060945E-02   -0.2353448E-03    0.4739795E-05    0.2046578E-05    0.2805143E-06    0.2100178E-05    0.2601578E-05   -0.1418130E-05   -0.5654088E-05   -0.1819270E-05    0.1300841E-04   -0.2793588E-05   -0.6599769E-05   -0.4508953E-05   -0.1743538E-06   -0.3905588E-06
   -0.9624041E-04    0.3591389E-03   -0.2042125E-04   -0.8188566E-02   -0.1666711E-01   -0.4254188E-02    0.4867560E+02   -0.5381360E+00   -0.2042612E+01    0.5218003E+02    0.3390565E+01   -0.2226342E+02   -0.6315888E+02   -0.2457820E+01   -0.2466057E+00    0.2235751E+00   -0.3299829E+01   -0.2487702E+02   -0.2820209E-02   -0.8842328E-03   -0.8438404E-03   -0.6044213E-03   -0.2447269E-02   -0.5369616E-02   -0.3559179E-02    0.3252435E-03   -0.4820924E-02   -0.2065649E-02   -0.1824834E-02   -0.1608784E-01   -0.2788306E-03    0.4522126E-02
    0.3846570E-05   -0.1312105E-04    0.4885031E-06    0.2852649E-03    0.6087273E-03    0.1595340E-03   -0.5381360E+00    0.7980551E-01   -0.1277792E+00   -0.8391564E-01    0.1218126E+01    0.2034933E+01    0.1096094E+01    0.5541718E-01    0.7284650E-02    0.1302317E-01    0.6979818E-01    0.9838084E-01    0.7649802E-04    0.2084323E-04   -0.9276800E-05   -0.4296401E-05    0.1666576E-03   -0.1230059E-03   -0.2885823E-03    0.9029452E-04    0.1136993E-02    0.1167459E-03    0.1588093E-03    0.4934023E-04    0.7704590E-05   -0.2598465E-04
    0.4285751E-05   -0.1946168E-03    0.1601309E-04    0.1627130E-02    0.1999579E-02    0.3257356E-05   -0.2042612E+01   -0.1277792E+00    0.5433379E+01   -0.4692300E+02   -0.1267630E+02    0.2641167E+01    0.2980437E+01    0.7649495E-01   -0.3668435E+00    0.9934871E-01    0.3391110E+01    0.3063310E+01   -0.7932029E-04    0.1095018E-03    0.5287226E-03    0.5886702E-03   -0.2830918E-03   -0.1450724E-02   -0.2534112E-03   -0.1459405E-03   -0.4020573E-02    0.1183500E-02    0.1802858E-02    0.2571574E-02    0.2685814E-03   -0.5505445E-03
   -0.2078847E-03    0.2268219E-02   -0.1685625E-03   -0.2571950E-01   -0.3985798E-01   -0.9482704E-02    0.5218003E+02   -0.8391564E-01   -0.4692300E+02    0.8932382E+03    0.1473635E+03   -0.2682865E+02   -0.4941242E+02   -0.1555916E+02    0.1013096E+01   -0.7828717E+00   -0.2405050E+02   -0.3079748E+02   -0.2814701E-02   -0.3664091E-02   -0.7708156E-02   -0.5983573E-02    0.2379807E-02   -0.6244192E-02    0.5110807E-01    0.1081434E-01    0.1174663E-01    0.1343180E-02   -0.1357230E-01   -0.5959694E-01    0.3200184E-02    0.6902405E-02
   -0.9858809E-04    0.1270783E-02   -0.7597693E-04   -0.9054636E-02   -0.1124347E-01   -0.1130558E-02    0.3390565E+01    0.1218126E+01   -0.1267630E+02    0.1473635E+03    0.8768409E+02    0.5187013E+02    0.2633033E+02   -0.1261358E+02    0.2424664E+00   -0.8296488E+00   -0.1705638E+01   -0.1876199E+01    0.5019648E-03   -0.1954160E-03   -0.7472931E-03   -0.2556376E-02   -0.1519775E-02   -0.5079523E-02   -0.3136804E-02    0.2217480E-02    0.2567864E-01    0.4408242E-02    0.1179956E-01    0.4088847E-01   -0.2882363E-03    0.1064895E-02
    0.1859402E-04    0.1872375E-03   -0.4752394E-05    0.7547662E-02    0.1855864E-01    0.4623991E-02   -0.2226342E+02    0.2034933E+01    0.2641167E+01   -0.2682865E+02    0.5187013E+02    0.9486046E+02    0.6920059E+02   -0.1037408E+02   -0.2711204E+00    0.9658889E-01    0.2619111E+01    0.4316140E+01    0.1748705E-02    0.3659302E-03    0.1196452E-02   -0.5020693E-03    0.1139446E-02   -0.5858049E-02   -0.1153283E-01   -0.1406199E-02    0.2204239E-01    0.1034166E-01    0.1470304E-01    0.3372972E-01    0.5497147E-03   -0.2591337E-02
    0.6579430E-04    0.2076594E-03   -0.8278569E-05    0.1057773E-01    0.2549086E-01    0.6656651E-02   -0.6315888E+02    0.1096094E+01    0.2980437E+01   -0.4941242E+02    0.2633033E+02    0.6920059E+02    0.1177748E+03   -0.8519556E+01    0.1021406E+00   -0.3595131E+00   -0.7185373E+00    0.1893621E+02    0.2967885E-02    0.8594912E-03    0.1523591E-02   -0.3962117E-04    0.1727724E-03    0.6055793E-02   -0.3075914E-02   -0.5208141E-02   -0.8608535E-02    0.9090538E-02    0.9787416E-02    0.5056899E-01    0.4916211E-03   -0.7326736E-02
   -0.4877224E-04    0.6643528E-04   -0.1616527E-04   -0.4589822E-02   -0.1043032E-01   -0.3113710E-02   -0.2457820E+01    0.5541718E-01    0.7649495E-01   -0.1555916E+02   -0.1261358E+02   -0.1037408E+02   -0.8519556E+01    0.7528234E+01   -0.2183641E-01   -0.1160579E+00   -0.1569411E+00    0.8941288E+00   -0.3913004E-03   -0.1307327E-03   -0.2029739E-03    0.3976071E-04    0.1040236E-02    0.3429944E-02    0.2753755E-02    0.2366848E-02    0.2005727E-02   -0.1399992E-02    0.4386846E-03   -0.1235144E-01    0.2573345E-04   -0.1538823E-03
   -0.2861478E-05    0.7069156E-05   -0.4301199E-06   -0.3909639E-04   -0.2264098E-03    0.3316301E-03   -0.2466057E+00    0.7284650E-02   -0.3668435E+00    0.1013096E+01    0.2424664E+00   -0.2711204E+00    0.1021406E+00   -0.2183641E-01    0.3164063E+01    0.7741626E+00    0.8417818E-01    0.2330074E+00   -0.9431852E-04    0.1465266E-03   -0.1196587E-05    0.1974962E-03    0.1402503E-03    0.1082886E-02   -0.5669948E-02    0.6201797E-03    0.3550210E-02    0.4127332E-03   -0.6693886E-03   -0.2986387E-02    0.4269641E-03   -0.3605522E-04
   -0.6823322E-06   -0.4232488E-04    0.3941774E-05   -0.8287782E-03   -0.2272352E-02    0.8345907E-04    0.2235751E+00    0.1302317E-01    0.9934871E-01   -0.7828717E+00   -0.8296488E+00    0.9658889E-01   -0.3595131E+00   -0.1160579E+00    0.7741626E+00    0.3040039E+01    0.2309193E+01    0.1288730E+01    0.1606980E-03    0.1093709E-03   -0.3113085E-03    0.1120670E-03    0.3510016E-03    0.1370875E-02    0.3766493E-02   -0.7069603E-03    0.2305140E-02   -0.1350082E-02   -0.1649279E-02    0.2311094E-03   -0.4531352E-03   -0.2101686E-03
   -0.1249708E-04   -0.7058266E-05    0.1810800E-04   -0.2733356E-02   -0.6471284E-02   -0.1060945E-02   -0.3299829E+01    0.6979818E-01    0.3391110E+01   -0.2405050E+02   -0.1705638E+01    0.2619111E+01   -0.7185373E+00   -0.1569411E+00    0.8417818E-01    0.2309193E+01    0.1768749E+02    0.2685713E+02    0.2022648E-03    0.4025773E-03   -0.5739538E-03    0.5166615E-03    0.1079474E-02   -0.9303278E-03    0.7811515E-02    0.2230953E-02    0.1490167E-01   -0.7189332E-03   -0.3035316E-02    0.5176906E-02   -0.4575187E-04    0.2346159E-02
    0.1400643E-04   -0.6461925E-04    0.4400520E-04   -0.1869077E-02   -0.4466652E-02   -0.2353448E-03   -0.2487702E+02    0.9838084E-01    0.3063310E+01   -0.3079748E+02   -0.1876199E+01    0.4316140E+01    0.1893621E+02    0.8941288E+00    0.2330074E+00    0.1288730E+01    0.2685713E+02    0.6056961E+02    0.1142185E-02    0.7268624E-03   -0.8732831E-03    0.3114509E-03    0.1456142E-02   -0.1116394E-02    0.1601352E-01    0.4054548E-02    0.2975148E-01   -0.5721847E-03   -0.8908941E-02    0.9930385E-02    0.8406788E-04    0.4192925E-02
    0.1181990E-06   -0.9242748E-06    0.1441373E-06    0.3731701E-05    0.4484332E-05    0.4739795E-05   -0.2820209E-02    0.7649802E-04   -0.7932029E-04   -0.2814701E-02    0.5019648E-03    0.1748705E-02    0.2967885E-02   -0.3913004E-03   -0.9431852E-04    0.1606980E-03    0.2022648E-03    0.1142185E-02    0.1115000E-03    0.1099667E-04    0.2119889E-05    0.1920943E-05    0.4390254E-05   -0.1728908E-05   -0.7311325E-05   -0.7679186E-05   -0.2345376E-04    0.2900100E-05    0.3993210E-05   -0.1018217E-04   -0.1082106E-06   -0.3860674E-06
    0.4425684E-07   -0.5091005E-06    0.3865380E-07    0.3087237E-05    0.4604207E-05    0.2046578E-05   -0.8842328E-03    0.2084323E-04    0.1095018E-03   -0.3664091E-02   -0.1954160E-03    0.3659302E-03    0.8594912E-03   -0.1307327E-03    0.1465266E-03    0.1093709E-03    0.4025773E-03    0.7268624E-03    0.1099667E-04    0.1117022E-04   -0.4339727E-06    0.6377557E-05    0.1077175E-05    0.1149888E-05   -0.4136043E-05   -0.1239598E-05   -0.1608603E-04   -0.5246400E-07    0.1660019E-05    0.1803490E-05   -0.4141690E-07   -0.2789334E-07
   -0.3808639E-07    0.1354447E-06   -0.1184530E-06   -0.2258949E-05   -0.4732574E-05    0.2805143E-06   -0.8438404E-03   -0.9276800E-05    0.5287226E-03   -0.7708156E-02   -0.7472931E-03    0.1196452E-02    0.1523591E-02   -0.2029739E-03   -0.1196587E-05   -0.3113085E-03   -0.5739538E-03   -0.8732831E-03    0.2119889E-05   -0.4339727E-06    0.2177136E-03    0.1095519E-05    0.1341252E-05   -0.1949436E-04    0.4607585E-05    0.1372732E-04    0.4152871E-04   -0.2840197E-05   -0.3945535E-05   -0.2991274E-04   -0.2586183E-06   -0.5144976E-06
    0.4559538E-07   -0.4838668E-06    0.3540722E-07    0.4731591E-05    0.7894883E-05    0.2100178E-05   -0.6044213E-03   -0.4296401E-05    0.5886702E-03   -0.5983573E-02   -0.2556376E-02   -0.5020693E-03   -0.3962117E-04    0.3976071E-04    0.1974962E-03    0.1120670E-03    0.5166615E-03    0.3114509E-03    0.1920943E-05    0.6377557E-05    0.1095519E-05    0.2570154E-04    0.2986067E-06    0.1765661E-05   -0.5435500E-05   -0.6430057E-06   -0.5023779E-05    0.7221454E-06   -0.8119088E-05   -0.4285660E-05    0.3316783E-07   -0.6316804E-07
    0.5271519E-07   -0.6205154E-06    0.6523194E-07   -0.6278703E-05   -0.1402892E-04    0.2601578E-05   -0.2447269E-02    0.1666576E-03   -0.2830918E-03    0.2379807E-02   -0.1519775E-02    0.1139446E-02    0.1727724E-03    0.1040236E-02    0.1402503E-03    0.3510016E-03    0.1079474E-02    0.1456142E-02    0.4390254E-05    0.1077175E-05    0.1341252E-05    0.2986067E-06    0.3981856E-03    0.2223072E-05   -0.3129972E-04   -0.1090781E-04    0.2207453E-04    0.5384244E-05   -0.2320349E-04   -0.1863001E-04    0.1484455E-06   -0.3957694E-06
   -0.1951921E-06   -0.9026009E-07    0.3803518E-07   -0.1910041E-04   -0.3988665E-04   -0.1418130E-05   -0.5369616E-02   -0.1230059E-03   -0.1450724E-02   -0.6244192E-02   -0.5079523E-02   -0.5858049E-02    0.6055793E-02    0.3429944E-02    0.1082886E-02    0.1370875E-02   -0.9303278E-03   -0.1116394E-02   -0.1728908E-05    0.1149888E-05   -0.1949436E-04    0.1765661E-05    0.2223072E-05    0.3396885E-02   -0.1023849E-03   -0.6171335E-04   -0.6087722E-03    0.3867439E-04    0.5554851E-04    0.2150298E-03    0.5005496E-07   -0.1093476E-05
   -0.3269518E-06    0.1259279E-05    0.7759051E-07   -0.3384608E-05   -0.5202750E-05   -0.5654088E-05   -0.3559179E-02   -0.2885823E-03   -0.2534112E-03    0.5110807E-01   -0.3136804E-02   -0.1153283E-01   -0.3075914E-02    0.2753755E-02   -0.5669948E-02    0.3766493E-02    0.7811515E-02    0.1601352E-01   -0.7311325E-05   -0.4136043E-05    0.4607585E-05   -0.5435500E-05   -0.3129972E-04   -0.1023849E-03    0.3997200E-02    0.1600816E-02    0.1263216E-02   -0.2709108E-03   -0.8820460E-04    0.6515196E-04    0.1246755E-05    0.8836744E-06
   -0.1426412E-06    0.5483071E-06    0.9292894E-07    0.8912450E-05    0.1719343E-04   -0.1819270E-05    0.3252435E-03    0.9029452E-04   -0.1459405E-03    0.1081434E-01    0.2217480E-02   -0.1406199E-02   -0.5208141E-02    0.2366848E-02    0.6201797E-03   -0.7069603E-03    0.2230953E-02    0.4054548E-02   -0.7679186E-05   -0.1239598E-05    0.1372732E-04   -0.6430057E-06   -0.1090781E-04   -0.6171335E-04    0.1600816E-02    0.1382053E-02    0.9696223E-03    0.1471322E-03   -0.1429726E-04   -0.1065252E-03    0.2780473E-06    0.1816216E-07
    0.8703174E-06   -0.3238930E-05    0.6036145E-06    0.1850093E-04    0.2824755E-04    0.1300841E-04   -0.4820924E-02    0.1136993E-02   -0.4020573E-02    0.1174663E-01    0.2567864E-01    0.2204239E-01   -0.8608535E-02    0.2005727E-02    0.3550210E-02    0.2305140E-02    0.1490167E-01    0.2975148E-01   -0.2345376E-04   -0.1608603E-04    0.4152871E-04   -0.5023779E-05    0.2207453E-04   -0.6087722E-03    0.1263216E-02    0.9696223E-03    0.4213575E-01   -0.2096881E-03    0.8556866E-03    0.3366890E-02   -0.3058244E-05    0.2405131E-05
   -0.3256652E-06    0.1937982E-05   -0.3121385E-06    0.4780018E-05    0.1346131E-04   -0.2793588E-05   -0.2065649E-02    0.1167459E-03    0.1183500E-02    0.1343180E-02    0.4408242E-02    0.1034166E-01    0.9090538E-02   -0.1399992E-02    0.4127332E-03   -0.1350082E-02   -0.7189332E-03   -0.5721847E-03    0.2900100E-05   -0.5246400E-07   -0.2840197E-05    0.7221454E-06    0.5384244E-05    0.3867439E-04   -0.2709108E-03    0.1471322E-03   -0.2096881E-03    0.1468859E-02    0.2185916E-03   -0.4578334E-03    0.5574775E-06   -0.1963229E-06
   -0.5326829E-06    0.2807079E-05   -0.6317995E-06   -0.1292176E-04   -0.2154406E-04   -0.6599769E-05   -0.1824834E-02    0.1588093E-03    0.1802858E-02   -0.1357230E-01    0.1179956E-01    0.1470304E-01    0.9787416E-02    0.4386846E-03   -0.6693886E-03   -0.1649279E-02   -0.3035316E-02   -0.8908941E-02    0.3993210E-05    0.1660019E-05   -0.3945535E-05   -0.8119088E-05   -0.2320349E-04    0.5554851E-04   -0.8820460E-04   -0.1429726E-04    0.8556866E-03    0.2185916E-03    0.5194618E-02    0.3499397E-02    0.6682820E-06   -0.1995824E-05
   -0.1264240E-05    0.1079906E-04   -0.1071056E-05   -0.8126547E-04   -0.1459335E-03   -0.4508953E-05   -0.1608784E-01    0.4934023E-04    0.2571574E-02   -0.5959694E-01    0.4088847E-01    0.3372972E-01    0.5056899E-01   -0.1235144E-01   -0.2986387E-02    0.2311094E-03    0.5176906E-02    0.9930385E-02   -0.1018217E-04    0.1803490E-05   -0.2991274E-04   -0.4285660E-05   -0.1863001E-04    0.2150298E-03    0.6515196E-04   -0.1065252E-03    0.3366890E-02   -0.4578334E-03    0.3499397E-02    0.4062062E-01   -0.1997040E-05   -0.5360896E-05
    0.2173803E-08    0.4746574E-09   -0.2149653E-08    0.5557169E-06    0.1305204E-05   -0.1743538E-06   -0.2788306E-03    0.7704590E-05    0.2685814E-03    0.3200184E-02   -0.2882363E-03    0.5497147E-03    0.4916211E-03    0.2573345E-04    0.4269641E-03   -0.4531352E-03   -0.4575187E-04    0.8406788E-04   -0.1082106E-06   -0.4141690E-07   -0.2586183E-06    0.3316783E-07    0.1484455E-06    0.5005496E-07    0.1246755E-05    0.2780473E-06   -0.3058244E-05    0.5574775E-06    0.6682820E-06   -0.1997040E-05    0.5363739E-06    0.1280619E-07
   -0.6567313E-08    0.3067959E-07    0.3678284E-09   -0.8480169E-06   -0.1606526E-05   -0.3905588E-06    0.4522126E-02   -0.2598465E-04   -0.5505445E-03    0.6902405E-02    0.1064895E-02   -0.2591337E-02   -0.7326736E-02   -0.1538823E-03   -0.3605522E-04   -0.2101686E-03    0.2346159E-02    0.4192925E-02   -0.3860674E-06   -0.2789334E-07   -0.5144976E-06   -0.6316804E-07   -0.3957694E-06   -0.1093476E-05    0.8836744E-06    0.1816216E-07    0.2405131E-05   -0.1963229E-06   -0.1995824E-05   -0.5360896E-05    0.1280619E-07    0.2065997E-05
