# omegabh2 omegach2 theta tau logA ns galfTE100 galfTE100143 galfTE100217 galfTE143 galfTE143217 galfTE217 calib_100T calib_217T
    0.5438169E-07   -0.1827362E-06    0.2627063E-07    0.1037035E-05    0.2270925E-05    0.1519731E-05   -0.7673535E-06   -0.2696715E-06    0.1098655E-05   -0.1082166E-06   -0.5782728E-06   -0.1787505E-05   -0.1688308E-08    0.2519117E-08
   -0.1827362E-06    0.3913295E-05   -0.2937085E-06   -0.5189996E-05   -0.3253142E-06   -0.1039368E-04    0.5352353E-05    0.2142740E-05   -0.2026265E-04    0.9686513E-06    0.6323970E-05    0.1630309E-04    0.4528468E-07   -0.3729567E-07
    0.2627063E-07   -0.2937085E-06    0.2189101E-06    0.7267794E-06    0.8265517E-06    0.1094477E-05   -0.8465187E-06   -0.5296047E-06    0.1668918E-05   -0.4109390E-07   -0.5073637E-06   -0.2196886E-05   -0.2276444E-08    0.1200632E-07
    0.1037035E-05   -0.5189996E-05    0.7267794E-06    0.3666574E-03    0.7631210E-03    0.5998983E-04    0.2044065E-05    0.5921585E-05   -0.2953612E-04    0.4476720E-05    0.8037817E-05    0.2599666E-04   -0.1569239E-06    0.2602476E-06
    0.2270925E-05   -0.3253142E-06    0.8265517E-06    0.7631210E-03    0.1657304E-02    0.1220865E-03    0.1274399E-04    0.2036504E-04   -0.1563221E-03    0.1457956E-04    0.3998166E-04    0.1230319E-03   -0.8536286E-07    0.9921787E-06
    0.1519731E-05   -0.1039368E-04    0.1094477E-05    0.5998983E-04    0.1220865E-03    0.1158081E-03   -0.3849499E-04   -0.9382942E-05    0.4965848E-04   -0.3305126E-05   -0.1283119E-04   -0.1975045E-04   -0.2527949E-06    0.5772891E-06
   -0.7673535E-06    0.5352353E-05   -0.8465187E-06    0.2044065E-05    0.1274399E-04   -0.3849499E-04    0.4136268E-02    0.1602400E-02    0.9693755E-03   -0.3273068E-03   -0.3126809E-04   -0.2104504E-04   -0.8321409E-06   -0.4035895E-06
   -0.2696715E-06    0.2142740E-05   -0.5296047E-06    0.5921585E-05    0.2036504E-04   -0.9382942E-05    0.1602400E-02    0.1366164E-02    0.7342850E-03    0.9340830E-04    0.4446324E-04   -0.9680409E-04   -0.5491792E-06   -0.4311222E-06
    0.1098655E-05   -0.2026265E-04    0.1668918E-05   -0.2953612E-04   -0.1563221E-03    0.4965848E-04    0.9693755E-03    0.7342850E-03    0.4463162E-01   -0.3783264E-03    0.6568476E-03    0.3886199E-02   -0.2801244E-05   -0.8108414E-05
   -0.1082166E-06    0.9686513E-06   -0.4109390E-07    0.4476720E-05    0.1457956E-04   -0.3305126E-05   -0.3273068E-03    0.9340830E-04   -0.3783264E-03    0.1456829E-02    0.1948499E-03   -0.4192823E-03   -0.3043396E-06   -0.6406066E-06
   -0.5782728E-06    0.6323970E-05   -0.5073637E-06    0.8037817E-05    0.3998166E-04   -0.1283119E-04   -0.3126809E-04    0.4446324E-04    0.6568476E-03    0.1948499E-03    0.5150918E-02    0.3861421E-02    0.1266476E-06   -0.1485436E-05
   -0.1787505E-05    0.1630309E-04   -0.2196886E-05    0.2599666E-04    0.1230319E-03   -0.1975045E-04   -0.2104504E-04   -0.9680409E-04    0.3886199E-02   -0.4192823E-03    0.3861421E-02    0.4075534E-01   -0.1977931E-07    0.3348121E-05
   -0.1688308E-08    0.4528468E-07   -0.2276444E-08   -0.1569239E-06   -0.8536286E-07   -0.2527949E-06   -0.8321409E-06   -0.5491792E-06   -0.2801244E-05   -0.3043396E-06    0.1266476E-06   -0.1977931E-07    0.9838723E-06    0.6002944E-09
    0.2519117E-08   -0.3729567E-07    0.1200632E-07    0.2602476E-06    0.9921787E-06    0.5772891E-06   -0.4035895E-06   -0.4311222E-06   -0.8108414E-05   -0.6406066E-06   -0.1485436E-05    0.3348121E-05    0.6002944E-09    0.3911035E-05
