# omegabh2 omegach2 theta tau logA ns galfTE100 galfTE100143 galfTE100217 galfTE143 galfTE143217 galfTE217 cal0 cal2
    0.6595941E-07   -0.2389827E-06    0.3772125E-07    0.1132644E-05    0.2440003E-05    0.1791155E-05   -0.3618327E-06   -0.2184633E-06   -0.4239375E-06   -0.2164546E-06   -0.1263103E-05   -0.2921813E-05    0.7612088E-09   -0.1119893E-07
   -0.2389827E-06    0.4046795E-05   -0.3552719E-06   -0.5256361E-05   -0.7468920E-06   -0.1120859E-04    0.3370731E-05    0.2169584E-05    0.1135158E-05    0.8399560E-06    0.5756959E-05    0.3175784E-04   -0.1767654E-07    0.1057361E-07
    0.3772125E-07   -0.3552719E-06    0.2643081E-06    0.7660826E-06    0.9980391E-06    0.1249931E-05   -0.9344218E-07   -0.2358859E-06   -0.7154869E-06   -0.4549824E-06   -0.5859242E-06   -0.2235308E-05    0.8714695E-08   -0.1184608E-07
    0.1132644E-05   -0.5256361E-05    0.7660826E-06    0.3832042E-03    0.8035598E-03    0.6476465E-04    0.1268161E-04   -0.2773912E-05   -0.9517321E-05    0.6203561E-06    0.2823107E-04    0.9620706E-04    0.2752986E-07   -0.1790257E-05
    0.2440003E-05   -0.7468920E-06    0.9980391E-06    0.8035598E-03    0.1755399E-02    0.1360306E-03    0.3737245E-04    0.1786025E-05   -0.3179731E-04    0.1214958E-04    0.9510451E-04    0.3692978E-03    0.6307466E-07   -0.3260061E-05
    0.1791155E-05   -0.1120859E-04    0.1249931E-05    0.6476465E-04    0.1360306E-03    0.1260960E-03   -0.2241000E-04   -0.1437787E-04   -0.1101022E-04   -0.1345450E-04   -0.2910496E-06    0.5096917E-04   -0.1970529E-06    0.3517688E-06
   -0.3618327E-06    0.3370731E-05   -0.9344218E-07    0.1268161E-04    0.3737245E-04   -0.2241000E-04    0.1403330E-02    0.3079599E-03    0.1120196E-03   -0.3322088E-03   -0.9778046E-04   -0.1177264E-03   -0.6471439E-07   -0.1038460E-05
   -0.2184633E-06    0.2169584E-05   -0.2358859E-06   -0.2773912E-05    0.1786025E-05   -0.1437787E-04    0.3079599E-03    0.8379283E-03    0.3509948E-04    0.7424317E-03    0.2087037E-04   -0.6502212E-03   -0.5076672E-06   -0.9598140E-06
   -0.4239375E-06    0.1135158E-05   -0.7154869E-06   -0.9517321E-05   -0.3179731E-04   -0.1101022E-04    0.1120196E-03    0.3509948E-04    0.6754662E-02   -0.4146161E-03    0.6933222E-03    0.4486195E-02   -0.6534279E-07   -0.2110155E-06
   -0.2164546E-06    0.8399560E-06   -0.4549824E-06    0.6203561E-06    0.1214958E-04   -0.1345450E-04   -0.3322088E-03    0.7424317E-03   -0.4146161E-03    0.2792993E-02    0.5145132E-03   -0.1002820E-02   -0.4414389E-06   -0.1216793E-05
   -0.1263103E-05    0.5756959E-05   -0.5859242E-06    0.2823107E-04    0.9510451E-04   -0.2910496E-06   -0.9778046E-04    0.2087037E-04    0.6933222E-03    0.5145132E-03    0.6399692E-02    0.7623218E-02    0.1533083E-06    0.1036572E-05
   -0.2921813E-05    0.3175784E-04   -0.2235308E-05    0.9620706E-04    0.3692978E-03    0.5096917E-04   -0.1177264E-03   -0.6502212E-03    0.4486195E-02   -0.1002820E-02    0.7623218E-02    0.5981109E-01   -0.2584358E-05    0.1432235E-04
    0.7612088E-09   -0.1767654E-07    0.8714695E-08    0.2752986E-07    0.6307466E-07   -0.1970529E-06   -0.6471439E-07   -0.5076672E-06   -0.6534279E-07   -0.4414389E-06    0.1533083E-06   -0.2584358E-05    0.9534089E-06    0.1164107E-07
   -0.1119893E-07    0.1057361E-07   -0.1184608E-07   -0.1790257E-05   -0.3260061E-05    0.3517688E-06   -0.1038460E-05   -0.9598140E-06   -0.2110155E-06   -0.1216793E-05    0.1036572E-05    0.1432235E-04    0.1164107E-07    0.4077166E-05
