# omegabh2 omegach2 theta tau logA ns acib217 acibsz143 asz143 aps100 aps143 aps143217 aps217 aksz pwfe_A_100_100 kgal143 kgal143217 kgal217 calib_100T calib_217T
    0.5207894E-07   -0.2489021E-06    0.4750065E-07    0.1333462E-05    0.2163026E-05    0.7654809E-06   -0.5077847E-03   -0.2198137E-03   -0.4518587E-05   -0.4788261E-03   -0.2392112E-03    0.2697153E-03    0.3478659E-03   -0.7771716E-04    0.2754140E-03    0.2966074E-03    0.2946656E-03    0.3529704E-03    0.7287078E-09    0.1250692E-07
   -0.2489021E-06    0.4445975E-05   -0.4535295E-06   -0.1235838E-04   -0.1382371E-04   -0.1037947E-04    0.1674507E-02    0.5498945E-03   -0.8860545E-04    0.1987754E-02    0.1786788E-02   -0.5685323E-04   -0.7010629E-03    0.1966754E-03   -0.1229222E-02   -0.1436409E-02   -0.1434159E-02   -0.1732857E-02   -0.2413699E-08   -0.5458690E-07
    0.4750065E-07   -0.4535295E-06    0.2133658E-06    0.1916178E-05    0.2885966E-05    0.1362979E-05   -0.3076579E-03   -0.1382427E-03   -0.1956982E-04   -0.1910679E-03   -0.1864439E-03    0.8804038E-04    0.1354731E-03   -0.2505038E-04    0.3199412E-03    0.3762668E-03    0.3470540E-03    0.3552886E-03    0.5025657E-08    0.7460795E-08
    0.1333462E-05   -0.1235838E-04    0.1916178E-05    0.3083206E-03    0.5957173E-03    0.3792594E-04   -0.1879032E-01   -0.8153134E-02   -0.1240390E-02   -0.1830525E-02    0.5869269E-02    0.2173759E-01    0.2448778E-01   -0.3502998E-02   -0.2433481E-01   -0.2702715E-01   -0.2921936E-01   -0.2989605E-01   -0.1622459E-06    0.1102783E-05
    0.2163026E-05   -0.1382371E-04    0.2885966E-05    0.5957173E-03    0.1187546E-02    0.4732041E-04   -0.3116562E-01   -0.1447090E-01   -0.3712530E-02    0.1512900E-01    0.2890047E-01    0.5226668E-01    0.5480153E-01   -0.7060417E-02   -0.8438061E-01   -0.9295254E-01   -0.9783305E-01   -0.1004929E+00   -0.5175782E-06    0.1922341E-05
    0.7654809E-06   -0.1037947E-04    0.1362979E-05    0.3792594E-04    0.4732041E-04    0.3858626E-04   -0.1830551E-01   -0.8758507E-02   -0.1482582E-02   -0.6594519E-02    0.1155479E-02    0.1637722E-01    0.1700066E-01   -0.3354000E-02    0.1506417E-01    0.1539983E-01    0.1537728E-01    0.1712978E-01    0.9301686E-07    0.4657974E-06
   -0.5077847E-03    0.1674507E-02   -0.3076579E-03   -0.1879032E-01   -0.3116562E-01   -0.1830551E-01    0.1011234E+03    0.3311266E+02    0.2961484E+01    0.1322946E+02   -0.2208033E+02   -0.7879819E+02   -0.1064272E+03   -0.4316610E+01   -0.3183405E+02   -0.4184227E+02   -0.5875937E+02   -0.8904844E+02   -0.5233311E-04   -0.2480226E-02
   -0.2198137E-03    0.5498945E-03   -0.1382427E-03   -0.8153134E-02   -0.1447090E-01   -0.8758507E-02    0.3311266E+02    0.2305361E+02    0.3346881E+01   -0.1669481E+02   -0.2430525E+02   -0.5044408E+02   -0.3074707E+02   -0.2056984E+01   -0.1624751E+02   -0.1943651E+02   -0.2722318E+02   -0.2884083E+02   -0.4919185E-05   -0.3309172E-03
   -0.4518587E-05   -0.8860545E-04   -0.1956982E-04   -0.1240390E-02   -0.3712530E-02   -0.1482582E-02    0.2961484E+01    0.3346881E+01    0.5732651E+01   -0.4611277E+02   -0.1759114E+02   -0.7647889E+01   -0.3196823E+01   -0.3073002E+00   -0.3389510E+01   -0.1850645E+01    0.1325241E+01    0.1655309E+01   -0.4761492E-04    0.9760649E-04
   -0.4788261E-03    0.1987754E-02   -0.1910679E-03   -0.1830525E-02    0.1512900E-01   -0.6594519E-02    0.1322946E+02   -0.1669481E+02   -0.4611277E+02    0.8938499E+03    0.1967950E+03    0.7356427E+02    0.1245820E+02   -0.9078595E+01   -0.2758461E+02   -0.1961196E+02   -0.3478440E+02   -0.3852193E+02   -0.2245834E-02   -0.2295531E-02
   -0.2392112E-03    0.1786788E-02   -0.1864439E-03    0.5869269E-02    0.2890047E-01    0.1155479E-02   -0.2208033E+02   -0.2430525E+02   -0.1759114E+02    0.1967950E+03    0.1232781E+03    0.9531090E+02    0.5435243E+02   -0.8432900E+01   -0.2415938E+02   -0.2885528E+02   -0.2389397E+02   -0.2327328E+02   -0.1265634E-03   -0.5400922E-03
    0.2697153E-03   -0.5685323E-04    0.8804038E-04    0.2173759E-01    0.5226668E-01    0.1637722E-01   -0.7879819E+02   -0.5044408E+02   -0.7647889E+01    0.7356427E+02    0.9531090E+02    0.1526535E+03    0.1120854E+03   -0.5435603E+01   -0.6289837E-01    0.3440977E+01    0.1812598E+02    0.2430286E+02   -0.2521357E-03    0.1380444E-02
    0.3478659E-03   -0.7010629E-03    0.1354731E-03    0.2448778E-01    0.5480153E-01    0.1700066E-01   -0.1064272E+03   -0.3074707E+02   -0.3196823E+01    0.1245820E+02    0.5435243E+02    0.1120854E+03    0.1556490E+03   -0.5685829E+01   -0.1790106E+01    0.4032807E+01    0.1357528E+02    0.4058516E+02   -0.1962763E-03    0.3731891E-02
   -0.7771716E-04    0.1966754E-03   -0.2505038E-04   -0.3502998E-02   -0.7060417E-02   -0.3354000E-02   -0.4316610E+01   -0.2056984E+01   -0.3073002E+00   -0.9078595E+01   -0.8432900E+01   -0.5435603E+01   -0.5685829E+01    0.7971149E+01   -0.4357887E+01   -0.4137127E+01   -0.3751677E+01   -0.3145699E+01    0.1734255E-06    0.1201358E-03
    0.2754140E-03   -0.1229222E-02    0.3199412E-03   -0.2433481E-01   -0.8438061E-01    0.1506417E-01   -0.3183405E+02   -0.1624751E+02   -0.3389510E+01   -0.2758461E+02   -0.2415938E+02   -0.6289837E-01   -0.1790106E+01   -0.4357887E+01    0.1756908E+03    0.1717999E+03    0.1704136E+03    0.1719711E+03   -0.4023272E-03    0.9391193E-03
    0.2966074E-03   -0.1436409E-02    0.3762668E-03   -0.2702715E-01   -0.9295254E-01    0.1539983E-01   -0.4184227E+02   -0.1943651E+02   -0.1850645E+01   -0.1961196E+02   -0.2885528E+02    0.3440977E+01    0.4032807E+01   -0.4137127E+01    0.1717999E+03    0.1892207E+03    0.1940642E+03    0.2006169E+03    0.7536832E-03    0.9419860E-03
    0.2946656E-03   -0.1434159E-02    0.3470540E-03   -0.2921936E-01   -0.9783305E-01    0.1537728E-01   -0.5875937E+02   -0.2722318E+02    0.1325241E+01   -0.3478440E+02   -0.2389397E+02    0.1812598E+02    0.1357528E+02   -0.3751677E+01    0.1704136E+03    0.1940642E+03    0.2248801E+03    0.2488108E+03    0.7742612E-03   -0.9018777E-03
    0.3529704E-03   -0.1732857E-02    0.3552886E-03   -0.2989605E-01   -0.1004929E+00    0.1712978E-01   -0.8904844E+02   -0.2884083E+02    0.1655309E+01   -0.3852193E+02   -0.2327328E+02    0.2430286E+02    0.4058516E+02   -0.3145699E+01    0.1719711E+03    0.2006169E+03    0.2488108E+03    0.3048719E+03    0.8447374E-03   -0.2325630E-02
    0.7287078E-09   -0.2413699E-08    0.5025657E-08   -0.1622459E-06   -0.5175782E-06    0.9301686E-07   -0.5233311E-04   -0.4919185E-05   -0.4761492E-04   -0.2245834E-02   -0.1265634E-03   -0.2521357E-03   -0.1962763E-03    0.1734255E-06   -0.4023272E-03    0.7536832E-03    0.7742612E-03    0.8447374E-03    0.1919769E-06   -0.5114826E-08
    0.1250692E-07   -0.5458690E-07    0.7460795E-08    0.1102783E-05    0.1922341E-05    0.4657974E-06   -0.2480226E-02   -0.3309172E-03    0.9760649E-04   -0.2295531E-02   -0.5400922E-03    0.1380444E-02    0.3731891E-02    0.1201358E-03    0.9391193E-03    0.9419860E-03   -0.9018777E-03   -0.2325630E-02   -0.5114826E-08    0.5755410E-06
