# omegabh2 omegach2 theta tau logA ns galfEE100 galfEE100143 galfEE100217 galfEE143 galfEE143217 galfEE217
    0.4874628E-06   -0.1721037E-05    0.1297709E-06    0.1347973E-05    0.4245857E-05    0.4443698E-05    0.4311489E-06    0.2781123E-06    0.3224854E-06    0.3627186E-06    0.2862872E-06    0.1994924E-06
   -0.1721037E-05    0.1227717E-04   -0.8754793E-06   -0.6726920E-05    0.6017731E-05   -0.3763247E-04   -0.1297183E-04   -0.1279967E-04   -0.1460580E-04   -0.1366708E-04   -0.1484318E-04   -0.1624188E-04
    0.1297709E-06   -0.8754793E-06    0.5221045E-06    0.4133410E-06   -0.8644630E-06    0.3247783E-05    0.1035188E-05    0.1031634E-05    0.1163197E-05    0.9937609E-06    0.1182215E-05    0.9521566E-06
    0.1347973E-05   -0.6726920E-05    0.4133410E-06    0.3541107E-03    0.7074670E-03    0.3399879E-04    0.7270478E-05    0.7452129E-05    0.5036982E-05    0.9551878E-05    0.8554503E-05    0.1527847E-04
    0.4245857E-05    0.6017731E-05   -0.8644630E-06    0.7074670E-03    0.1533925E-02   -0.3830612E-06   -0.3254421E-04   -0.3474256E-04   -0.4750673E-04   -0.3325795E-04   -0.4289761E-04   -0.3869467E-04
    0.4443698E-05   -0.3763247E-04    0.3247783E-05    0.3399879E-04   -0.3830612E-06    0.2033140E-03    0.7866518E-04    0.7927215E-04    0.9008236E-04    0.8245046E-04    0.9460924E-04    0.1051500E-03
    0.4311489E-06   -0.1297183E-04    0.1035188E-05    0.7270478E-05   -0.3254421E-04    0.7866518E-04    0.1080987E-03    0.6126506E-04    0.7266037E-04    0.4971812E-04    0.5741245E-04    0.6331927E-04
    0.2781123E-06   -0.1279967E-04    0.1031634E-05    0.7452129E-05   -0.3474256E-04    0.7927215E-04    0.6126506E-04    0.7988626E-04    0.8165167E-04    0.7018373E-04    0.7761923E-04    0.8088296E-04
    0.3224854E-06   -0.1460580E-04    0.1163197E-05    0.5036982E-05   -0.4750673E-04    0.9008236E-04    0.7266037E-04    0.8165167E-04    0.1759208E-03    0.7196500E-04    0.1193022E-03    0.1818540E-03
    0.3627186E-06   -0.1366708E-04    0.9937609E-06    0.9551878E-05   -0.3325795E-04    0.8245046E-04    0.4971812E-04    0.7018373E-04    0.7196500E-04    0.1296938E-03    0.1072081E-03    0.9719419E-04
    0.2862872E-06   -0.1484318E-04    0.1182215E-05    0.8554503E-05   -0.4289761E-04    0.9460924E-04    0.5741245E-04    0.7761923E-04    0.1193022E-03    0.1072081E-03    0.1906084E-03    0.2342527E-03
    0.1994924E-06   -0.1624188E-04    0.9521566E-06    0.1527847E-04   -0.3869467E-04    0.1051500E-03    0.6331927E-04    0.8088296E-04    0.1818540E-03    0.9719419E-04    0.2342527E-03    0.7583612E-03
