# omegabh2 omegach2 theta tau logA ns galfEE100 galfEE100143 galfEE100217 galfEE143 galfEE143217 galfEE217
    0.4072000E-06   -0.1561715E-05    0.1097257E-06    0.1604779E-06    0.1295126E-05    0.4267182E-05    0.4360112E-06    0.2048350E-06    0.1230403E-06    0.2215354E-06   -0.6885751E-07    0.2418294E-06
   -0.1561715E-05    0.1070757E-04   -0.7545886E-06   -0.1707981E-05    0.1190029E-04   -0.2717431E-04   -0.6484450E-05   -0.2795743E-05   -0.3484323E-06   -0.2776963E-05    0.4566701E-07   -0.9861707E-06
    0.1097257E-06   -0.7545886E-06    0.5371921E-06   -0.6395344E-06   -0.2742730E-05    0.2636255E-05    0.5489151E-06    0.1948567E-06    0.1842346E-06    0.1704422E-06    0.1372832E-06   -0.1972928E-06
    0.1604779E-06   -0.1707981E-05   -0.6395344E-06    0.3572302E-03    0.7117906E-03    0.3781482E-05   -0.2560585E-06   -0.1114356E-05    0.2024078E-05   -0.1928138E-05   -0.1056919E-05    0.1984256E-04
    0.1295126E-05    0.1190029E-04   -0.2742730E-05    0.7117906E-03    0.1513441E-02   -0.1765882E-04   -0.1966114E-04   -0.1031805E-04    0.4575333E-05   -0.1194706E-04   -0.7038666E-05    0.3557360E-04
    0.4267182E-05   -0.2717431E-04    0.2636255E-05    0.3781482E-05   -0.1765882E-04    0.1386622E-03    0.3773939E-04    0.1470263E-04   -0.9697886E-06    0.1419280E-04   -0.3471405E-05    0.6893992E-05
    0.4360112E-06   -0.6484450E-05    0.5489151E-06   -0.2560585E-06   -0.1966114E-04    0.3773939E-04    0.1254015E-03    0.1667302E-04   -0.1833886E-05    0.7614422E-05    0.4190520E-05    0.3562001E-06
    0.2048350E-06   -0.2795743E-05    0.1948567E-06   -0.1114356E-05   -0.1031805E-04    0.1470263E-04    0.1667302E-04    0.1375817E-04   -0.6173013E-06    0.8513249E-05    0.1049778E-05   -0.2008988E-06
    0.1230403E-06   -0.3484323E-06    0.1842346E-06    0.2024078E-05    0.4575333E-05   -0.9697886E-06   -0.1833886E-05   -0.6173013E-06    0.2254250E-03   -0.1936196E-05   -0.1422060E-05    0.6121693E-05
    0.2215354E-06   -0.2776963E-05    0.1704422E-06   -0.1928138E-05   -0.1194706E-04    0.1419280E-04    0.7614422E-05    0.8513249E-05   -0.1936196E-05    0.2833709E-04    0.4009713E-06   -0.6122969E-05
   -0.6885751E-07    0.4566701E-07    0.1372832E-06   -0.1056919E-05   -0.7038666E-05   -0.3471405E-05    0.4190520E-05    0.1049778E-05   -0.1422060E-05    0.4009713E-06    0.3968033E-03    0.3047672E-05
    0.2418294E-06   -0.9861707E-06   -0.1972928E-06    0.1984256E-04    0.3557360E-04    0.6893992E-05    0.3562001E-06   -0.2008988E-06    0.6121693E-05   -0.6122969E-05    0.3047672E-05    0.3466526E-02
