# omegabh2 omegach2 theta tau logA ns galfEE100 galfEE100143 galfEE100217 galfEE143 galfEE143217 galfEE217
    0.4356207E-06   -0.1610101E-05    0.1197785E-06    0.6173570E-06    0.2568825E-05    0.4298876E-05    0.3198146E-06    0.1186427E-06    0.1244260E-06    0.1180648E-06   -0.3131374E-07    0.4897589E-06
   -0.1610101E-05    0.1055721E-04   -0.7888746E-06   -0.3418547E-05    0.6474268E-05   -0.2671864E-04   -0.5301401E-05   -0.2309963E-05   -0.1225913E-05   -0.2300091E-05   -0.3772856E-06   -0.3648638E-05
    0.1197785E-06   -0.7888746E-06    0.5273655E-06   -0.3786572E-06   -0.2281584E-05    0.2514717E-05    0.5667697E-06    0.2242248E-06   -0.1576533E-06    0.2547987E-06    0.8478720E-08    0.5319094E-06
    0.6173570E-06   -0.3418547E-05   -0.3786572E-06    0.3494439E-03    0.6980881E-03    0.1617357E-04    0.3401393E-05    0.1793878E-05    0.2356966E-05    0.1732396E-05   -0.3501236E-05   -0.4510969E-05
    0.2568825E-05    0.6474268E-05   -0.2281584E-05    0.6980881E-03    0.1486177E-02    0.9062192E-05   -0.1029620E-04   -0.4023129E-05    0.1323234E-05   -0.4740659E-05   -0.1334385E-04   -0.1872741E-04
    0.4298876E-05   -0.2671864E-04    0.2514717E-05    0.1617357E-04    0.9062192E-05    0.1327078E-03    0.3170097E-04    0.1346173E-04    0.1360843E-05    0.1303832E-04   -0.4177236E-05    0.1749885E-05
    0.3198146E-06   -0.5301401E-05    0.5667697E-06    0.3401393E-05   -0.1029620E-04    0.3170097E-04    0.1214471E-03    0.1611107E-04    0.2292009E-05    0.7591082E-05   -0.4509624E-05   -0.2533370E-05
    0.1186427E-06   -0.2309963E-05    0.2242248E-06    0.1793878E-05   -0.4023129E-05    0.1346173E-04    0.1611107E-04    0.1335812E-04   -0.2449179E-06    0.8650383E-05   -0.2066070E-06   -0.1720553E-05
    0.1244260E-06   -0.1225913E-05   -0.1576533E-06    0.2356966E-05    0.1323234E-05    0.1360843E-05    0.2292009E-05   -0.2449179E-06    0.2292477E-03   -0.9716638E-06    0.2676794E-05    0.8092110E-05
    0.1180648E-06   -0.2300091E-05    0.2547987E-06    0.1732396E-05   -0.4740659E-05    0.1303832E-04    0.7591082E-05    0.8650383E-05   -0.9716638E-06    0.2807359E-04    0.3719887E-07   -0.8525879E-05
   -0.3131374E-07   -0.3772856E-06    0.8478720E-08   -0.3501236E-05   -0.1334385E-04   -0.4177236E-05   -0.4509624E-05   -0.2066070E-06    0.2676794E-05    0.3719887E-07    0.3916508E-03    0.2158054E-04
    0.4897589E-06   -0.3648638E-05    0.5319094E-06   -0.4510969E-05   -0.1872741E-04    0.1749885E-05   -0.2533370E-05   -0.1720553E-05    0.8092110E-05   -0.8525879E-05    0.2158054E-04    0.3480695E-02
