# omegabh2 omegach2 theta tau logA ns acib217 acibsz143 asz143 aps100 aps143 aps143217 aps217 aksz kgal100 t1gal143 t1gal143217 t1gal217 calib_100T calib_217T
    0.6284051E-07   -0.3113273E-06    0.6103983E-07    0.1725048E-05    0.2776138E-05    0.9396883E-06   -0.4146549E-03   -0.2000318E-03    0.1257265E-04   -0.1133082E-02   -0.4531350E-03    0.5232455E-04    0.9409188E-04   -0.6867159E-04    0.8954578E-03    0.5204512E-03    0.4914389E-03    0.4638715E-03   -0.4482248E-07    0.1712034E-07
   -0.3113273E-06    0.5546640E-05   -0.5704139E-06   -0.1613892E-04   -0.1969842E-04   -0.1345666E-04    0.1624331E-02    0.6936017E-03   -0.2628779E-04    0.2443817E-02    0.1293755E-02   -0.6183796E-03   -0.9772834E-03    0.1554267E-03    0.2618509E-02    0.2506263E-02    0.2776551E-02    0.2761339E-02   -0.1410894E-06   -0.5732430E-07
    0.6103983E-07   -0.5704139E-06    0.2582836E-06    0.2405520E-05    0.3704057E-05    0.1702325E-05   -0.2235963E-03   -0.1102077E-03    0.1799979E-04   -0.4668489E-03   -0.3493316E-03   -0.2856154E-04   -0.3510774E-04   -0.1631886E-04    0.2520790E-03    0.3912766E-06    0.2067342E-04    0.5574360E-04   -0.3373483E-07   -0.3813277E-08
    0.1725048E-05   -0.1613892E-04    0.2405520E-05    0.3596102E-03    0.6919095E-03    0.5470065E-04   -0.2474704E-01   -0.1222690E-01   -0.2534228E-02   -0.7307205E-02    0.1152192E-01    0.2973706E-01    0.2895603E-01   -0.4547384E-02   -0.2465582E-01   -0.3827078E-01   -0.4130394E-01   -0.4300351E-01   -0.1378600E-06    0.1507723E-05
    0.2776138E-05   -0.1969842E-04    0.3704057E-05    0.6919095E-03    0.1374428E-02    0.7588883E-04   -0.4472339E-01   -0.2352168E-01   -0.6209521E-02    0.2111356E-01    0.4308670E-01    0.7263558E-01    0.6721162E-01   -0.9601489E-02   -0.7087316E-01   -0.1244901E+00   -0.1295315E+00   -0.1330630E+00   -0.3321414E-05    0.2668001E-05
    0.9396883E-06   -0.1345666E-04    0.1702325E-05    0.5470065E-04    0.7588883E-04    0.5020834E-04   -0.1652552E-01   -0.7641842E-02   -0.1571891E-02   -0.1818723E-01    0.3379668E-02    0.1680354E-01    0.1818796E-01   -0.3658776E-02   -0.4291932E-02   -0.4624324E-02   -0.6498090E-02   -0.5948289E-02    0.8581284E-06    0.6319884E-06
   -0.4146549E-03    0.1624331E-02   -0.2235963E-03   -0.2474704E-01   -0.4472339E-01   -0.1652552E-01    0.7201379E+02    0.2781841E+02    0.1381091E+01    0.2169594E+02   -0.2198672E+02   -0.7089033E+02   -0.8714051E+02   -0.2570290E+01   -0.1419068E+02   -0.2483097E+02   -0.2905253E+02   -0.3297245E+02   -0.1994798E-03   -0.3616668E-02
   -0.2000318E-03    0.6936017E-03   -0.1102077E-03   -0.1222690E-01   -0.2352168E-01   -0.7641842E-02    0.2781841E+02    0.1960149E+02    0.2549208E+01   -0.1096034E+02   -0.2377680E+02   -0.4669169E+02   -0.2907182E+02   -0.1236019E+01   -0.7412461E+01   -0.1172497E+02   -0.1855154E+02   -0.1992791E+02   -0.1611350E-04   -0.3068365E-03
    0.1257265E-04   -0.2628779E-04    0.1799979E-04   -0.2534228E-02   -0.6209521E-02   -0.1571891E-02    0.1381091E+01    0.2549208E+01    0.5645597E+01   -0.3938552E+02   -0.1705899E+02   -0.5973339E+01   -0.1760893E+01   -0.1804050E+00   -0.1760568E+01    0.1155381E+00    0.3489543E+01    0.3842135E+01   -0.8969443E-04    0.1905410E-03
   -0.1133082E-02    0.2443817E-02   -0.4668489E-03   -0.7307205E-02    0.2111356E-01   -0.1818723E-01    0.2169594E+02   -0.1096034E+02   -0.3938552E+02    0.7964900E+03    0.1947537E+03    0.8091250E+02    0.2273753E+02   -0.1151503E+02   -0.9343523E+02   -0.8374477E+02   -0.9116837E+02   -0.8938875E+02   -0.4539015E-02   -0.3804306E-02
   -0.4531350E-03    0.1293755E-02   -0.3493316E-03    0.1152192E-01    0.4308670E-01    0.3379668E-02   -0.2198672E+02   -0.2377680E+02   -0.1705899E+02    0.1947537E+03    0.1305004E+03    0.1034226E+03    0.6258282E+02   -0.1070402E+02   -0.2918902E+02   -0.4947843E+02   -0.4313695E+02   -0.4011945E+02   -0.1487480E-02   -0.8434539E-03
    0.5232455E-04   -0.6183796E-03   -0.2856154E-04    0.2973706E-01    0.7263558E-01    0.1680354E-01   -0.7089033E+02   -0.4669169E+02   -0.5973339E+01    0.8091250E+02    0.1034226E+03    0.1597989E+03    0.1201687E+03   -0.8452193E+01   -0.1704772E+02   -0.2676094E+02   -0.1675335E+02   -0.1721965E+02   -0.1724343E-02    0.2229445E-02
    0.9409188E-04   -0.9772834E-03   -0.3510774E-04    0.2895603E-01    0.6721162E-01    0.1818796E-01   -0.8714051E+02   -0.2907182E+02   -0.1760893E+01    0.2273753E+02    0.6258282E+02    0.1201687E+03    0.1560900E+03   -0.8275855E+01   -0.1548027E+02   -0.2442084E+02   -0.3194322E+02   -0.3563587E+02   -0.1597568E-02    0.6454083E-02
   -0.6867159E-04    0.1554267E-03   -0.1631886E-04   -0.4547384E-02   -0.9601489E-02   -0.3658776E-02   -0.2570290E+01   -0.1236019E+01   -0.1804050E+00   -0.1151503E+02   -0.1070402E+02   -0.8452193E+01   -0.8275855E+01    0.8143459E+01   -0.2100602E+01   -0.3359866E+01   -0.3993961E+01   -0.4448887E+01   -0.2147809E-04    0.1976301E-03
    0.8954578E-03    0.2618509E-02    0.2520790E-03   -0.2465582E-01   -0.7087316E-01   -0.4291932E-02   -0.1419068E+02   -0.7412461E+01   -0.1760568E+01   -0.9343523E+02   -0.2918902E+02   -0.1704772E+02   -0.1548027E+02   -0.2100602E+01    0.2376980E+03    0.1552823E+03    0.1516677E+03    0.1489930E+03   -0.1306588E-01    0.7127401E-03
    0.5204512E-03    0.2506263E-02    0.3912766E-06   -0.3827078E-01   -0.1244901E+00   -0.4624324E-02   -0.2483097E+02   -0.1172497E+02    0.1155381E+00   -0.8374477E+02   -0.4947843E+02   -0.2676094E+02   -0.2442084E+02   -0.3359866E+01    0.1552823E+03    0.2742890E+03    0.2760344E+03    0.2759581E+03    0.9277622E-02    0.9188332E-03
    0.4914389E-03    0.2776551E-02    0.2067342E-04   -0.4130394E-01   -0.1295315E+00   -0.6498090E-02   -0.2905253E+02   -0.1855154E+02    0.3489543E+01   -0.9116837E+02   -0.4313695E+02   -0.1675335E+02   -0.3194322E+02   -0.3993961E+01    0.1516677E+03    0.2760344E+03    0.3172904E+03    0.3435603E+03    0.9154102E-02   -0.4552834E-02
    0.4638715E-03    0.2761339E-02    0.5574360E-04   -0.4300351E-01   -0.1330630E+00   -0.5948289E-02   -0.3297245E+02   -0.1992791E+02    0.3842135E+01   -0.8938875E+02   -0.4011945E+02   -0.1721965E+02   -0.3563587E+02   -0.4448887E+01    0.1489930E+03    0.2759581E+03    0.3435603E+03    0.3961962E+03    0.9276650E-02   -0.9493887E-02
   -0.4482248E-07   -0.1410894E-06   -0.3373483E-07   -0.1378600E-06   -0.3321414E-05    0.8581284E-06   -0.1994798E-03   -0.1611350E-04   -0.8969443E-04   -0.4539015E-02   -0.1487480E-02   -0.1724343E-02   -0.1597568E-02   -0.2147809E-04   -0.1306588E-01    0.9277622E-02    0.9154102E-02    0.9276650E-02    0.3092432E-05    0.6866399E-09
    0.1712034E-07   -0.5732430E-07   -0.3813277E-08    0.1507723E-05    0.2668001E-05    0.6319884E-06   -0.3616668E-02   -0.3068365E-03    0.1905410E-03   -0.3804306E-02   -0.8434539E-03    0.2229445E-02    0.6454083E-02    0.1976301E-03    0.7127401E-03    0.9188332E-03   -0.4552834E-02   -0.9493887E-02    0.6866399E-09    0.1456482E-05
