# omegabh2 omegach2 theta tau logA ns galfTE100 galfTE100143 galfTE100217 galfTE143 galfTE143217 galfTE217 calib_100TE calib_217TE
    0.7922885E-07   -0.3010250E-06    0.5168453E-07    0.1125225E-05    0.2311321E-05    0.2267623E-05   -0.9676000E-05   -0.7229594E-05   -0.1109182E-04   -0.8005668E-05   -0.1201323E-04   -0.1958147E-04    0.3223777E-07   -0.2198151E-07
   -0.3010250E-06    0.4899606E-05   -0.3980497E-06   -0.5802181E-05    0.3151479E-06   -0.1496470E-04    0.6700292E-04    0.5800488E-04    0.7896950E-04    0.6388121E-04    0.8708056E-04    0.1268037E-03   -0.2292519E-06    0.2619662E-06
    0.5168453E-07   -0.3980497E-06    0.3221540E-06    0.1204203E-05    0.1797291E-05    0.1943164E-05   -0.1086973E-04   -0.7295038E-05   -0.9921128E-05   -0.6563100E-05   -0.1025181E-04   -0.1530203E-04    0.1695400E-07   -0.1655425E-07
    0.1125225E-05   -0.5802181E-05    0.1204203E-05    0.3760133E-03    0.7780959E-03    0.6414441E-04   -0.1424048E-03   -0.7851366E-04   -0.1770198E-03   -0.5720506E-04   -0.8284281E-04   -0.1767240E-03    0.4515815E-06   -0.2221474E-05
    0.2311321E-05    0.3151479E-06    0.1797291E-05    0.7780959E-03    0.1693009E-02    0.1319786E-03   -0.1388838E-03    0.1719904E-05   -0.1280072E-03    0.8838452E-04    0.1183185E-03    0.3878997E-04   -0.1384523E-05   -0.5842422E-05
    0.2267623E-05   -0.1496470E-04    0.1943164E-05    0.6414441E-04    0.1319786E-03    0.1643224E-03   -0.4601396E-03   -0.3121299E-03   -0.3790967E-03   -0.3142033E-03   -0.3751707E-03   -0.5375108E-03    0.6540635E-06   -0.1491956E-05
   -0.9676000E-05    0.6700292E-04   -0.1086973E-04   -0.1424048E-03   -0.1388838E-03   -0.4601396E-03    0.3344458E-01    0.1444965E-01    0.1798827E-01    0.2460358E-02    0.3693232E-02    0.6610291E-02    0.8961479E-05    0.1187678E-04
   -0.7229594E-05    0.5800488E-04   -0.7295038E-05   -0.7851366E-04    0.1719904E-05   -0.3121299E-03    0.1444965E-01    0.1602382E-01    0.1550073E-01    0.1361352E-01    0.1232617E-01    0.1145822E-01    0.6878031E-05    0.2073358E-05
   -0.1109182E-04    0.7896950E-04   -0.9921128E-05   -0.1770198E-03   -0.1280072E-03   -0.3790967E-03    0.1798827E-01    0.1550073E-01    0.3981058E-01    0.7407599E-02    0.2416086E-01    0.5054626E-01    0.6416638E-05    0.1031597E-04
   -0.8005668E-05    0.6388121E-04   -0.6563100E-05   -0.5720506E-04    0.8838452E-04   -0.3142033E-03    0.2460358E-02    0.1361352E-01    0.7407599E-02    0.2415458E-01    0.2100250E-01    0.1569018E-01   -0.3195154E-04    0.3665269E-05
   -0.1201323E-04    0.8708056E-04   -0.1025181E-04   -0.8284281E-04    0.1183185E-03   -0.3751707E-03    0.3693232E-02    0.1232617E-01    0.2416086E-01    0.2100250E-01    0.3622989E-01    0.5286347E-01   -0.2940563E-04    0.2009978E-04
   -0.1958147E-04    0.1268037E-03   -0.1530203E-04   -0.1767240E-03    0.3878997E-04   -0.5375108E-03    0.6610291E-02    0.1145822E-01    0.5054626E-01    0.1569018E-01    0.5286347E-01    0.1203824E+00   -0.1608969E-04    0.8799646E-04
    0.3223777E-07   -0.2292519E-06    0.1695400E-07    0.4515815E-06   -0.1384523E-05    0.6540635E-06    0.8961479E-05    0.6878031E-05    0.6416638E-05   -0.3195154E-04   -0.2940563E-04   -0.1608969E-04    0.7327992E-05   -0.2548540E-06
   -0.2198151E-07    0.2619662E-06   -0.1655425E-07   -0.2221474E-05   -0.5842422E-05   -0.1491956E-05    0.1187678E-04    0.2073358E-05    0.1031597E-04    0.3665269E-05    0.2009978E-04    0.8799646E-04   -0.2548540E-06    0.9979522E-05
