# omegabh2 omegach2 theta tau logA ns galfTE100 galfTE100143 galfTE100217 galfTE143 galfTE143217 galfTE217 calib_100TE calib_217TE
    0.6479010E-07   -0.2471355E-06    0.3691174E-07    0.1159824E-05    0.2337803E-05    0.1817011E-05   -0.6743963E-05   -0.8296282E-05   -0.9348508E-05   -0.1349333E-04   -0.1667550E-04   -0.2457041E-04    0.3418797E-07   -0.1626536E-07
   -0.2471355E-06    0.4257891E-05   -0.3410318E-06   -0.6973111E-05   -0.2550751E-05   -0.1209814E-04    0.5170335E-04    0.6450744E-04    0.7116609E-04    0.1013377E-03    0.1239027E-03    0.1769156E-03   -0.2721816E-06    0.1375943E-06
    0.3691174E-07   -0.3410318E-06    0.2454187E-06    0.9051101E-06    0.1230206E-05    0.1444219E-05   -0.5170476E-05   -0.6390691E-05   -0.7210111E-05   -0.1010271E-04   -0.1204915E-04   -0.1751397E-04    0.1039827E-07   -0.1603257E-07
    0.1159824E-05   -0.6973111E-05    0.9051101E-06    0.3799716E-03    0.7832080E-03    0.6184232E-04   -0.1316583E-03   -0.1261232E-03   -0.1728484E-03   -0.1972568E-03   -0.2658598E-03   -0.3717761E-03    0.5129606E-06   -0.3963767E-06
    0.2337803E-05   -0.2550751E-05    0.1230206E-05    0.7832080E-03    0.1691571E-02    0.1220055E-03   -0.1364494E-03   -0.5238874E-04   -0.1051246E-03   -0.2524850E-04   -0.7353109E-04   -0.1215182E-03   -0.6083301E-05   -0.4315213E-05
    0.1817011E-05   -0.1209814E-04    0.1444219E-05    0.6184232E-04    0.1220055E-03    0.1252635E-03   -0.2825296E-03   -0.2591817E-03   -0.2611288E-03   -0.3760236E-03   -0.4109650E-03   -0.5371209E-03    0.9331483E-06   -0.4372664E-06
   -0.6743963E-05    0.5170335E-04   -0.5170476E-05   -0.1316583E-03   -0.1364494E-03   -0.2825296E-03    0.1892052E-01    0.1382947E-01    0.1516900E-01    0.6307872E-02    0.6993784E-02    0.9366971E-02    0.1204584E-05   -0.3358901E-05
   -0.8296282E-05    0.6450744E-04   -0.6390691E-05   -0.1261232E-03   -0.5238874E-04   -0.2591817E-03    0.1382947E-01    0.1905768E-01    0.2047278E-01    0.1630991E-01    0.1657275E-01    0.1714365E-01    0.6813029E-05    0.1561732E-05
   -0.9348508E-05    0.7116609E-04   -0.7210111E-05   -0.1728484E-03   -0.1051246E-03   -0.2611288E-03    0.1516900E-01    0.2047278E-01    0.3445593E-01    0.1192265E-01    0.2070508E-01    0.3412912E-01   -0.2526062E-05   -0.2481829E-05
   -0.1349333E-04    0.1013377E-03   -0.1010271E-04   -0.1972568E-03   -0.2524850E-04   -0.3760236E-03    0.6307872E-02    0.1630991E-01    0.1192265E-01    0.3609597E-01    0.3459033E-01    0.2899621E-01   -0.6843957E-04   -0.2214111E-04
   -0.1667550E-04    0.1239027E-03   -0.1204915E-04   -0.2658598E-03   -0.7353109E-04   -0.4109650E-03    0.6993784E-02    0.1657275E-01    0.2070508E-01    0.3459033E-01    0.4653346E-01    0.6048336E-01   -0.6659391E-04   -0.2144317E-04
   -0.2457041E-04    0.1769156E-03   -0.1751397E-04   -0.3717761E-03   -0.1215182E-03   -0.5371209E-03    0.9366971E-02    0.1714365E-01    0.3412912E-01    0.2899621E-01    0.6048336E-01    0.1299154E+00   -0.5580272E-04    0.5580330E-04
    0.3418797E-07   -0.2721816E-06    0.1039827E-07    0.5129606E-06   -0.6083301E-05    0.9331483E-06    0.1204584E-05    0.6813029E-05   -0.2526062E-05   -0.6843957E-04   -0.6659391E-04   -0.5580272E-04    0.1824013E-04    0.1728618E-05
   -0.1626536E-07    0.1375943E-06   -0.1603257E-07   -0.3963767E-06   -0.4315213E-05   -0.4372664E-06   -0.3358901E-05    0.1561732E-05   -0.2481829E-05   -0.2214111E-04   -0.2144317E-04    0.5580330E-04    0.1728618E-05    0.1481276E-04
