    0.57199E-06    0.13312E-05    0.17487E-05    0.55938E-05    0.00000E+00    0.00000E+00    0.00000E+00    0.96364E-05    0.00000E+00    0.00000E+00    0.22277E-04    0.00000E+00    0.56475E-04
    0.13312E-05    0.63565E-04    0.12378E-04   -0.43649E-04    0.00000E+00    0.00000E+00    0.00000E+00    0.19226E-05    0.00000E+00    0.00000E+00    0.19490E-03    0.00000E+00   -0.22980E-03
    0.17487E-05    0.12378E-04    0.13550E-04    0.49189E-05    0.00000E+00    0.00000E+00    0.00000E+00    0.33942E-04    0.00000E+00    0.00000E+00    0.90751E-04    0.00000E+00    0.65879E-04
    0.55938E-05   -0.43649E-04    0.49189E-05    0.88487E-03    0.00000E+00    0.00000E+00    0.00000E+00    0.19931E-03    0.00000E+00    0.00000E+00    0.16749E-02    0.00000E+00    0.18972E-04
    0.00000E+00    0.00000E+00    0.00000E+00    0.00000E+00    0.00000E+00    0.00000E+00    0.00000E+00    0.00000E+00    0.00000E+00    0.00000E+00    0.00000E+00    0.00000E+00    0.00000E+00
    0.00000E+00    0.00000E+00    0.00000E+00    0.00000E+00    0.00000E+00    0.00000E+00    0.00000E+00    0.00000E+00    0.00000E+00    0.00000E+00    0.00000E+00    0.00000E+00    0.00000E+00
    0.00000E+00    0.00000E+00    0.00000E+00    0.00000E+00    0.00000E+00    0.00000E+00    0.00000E+00    0.00000E+00    0.00000E+00    0.00000E+00    0.00000E+00    0.00000E+00    0.00000E+00
    0.96364E-05    0.19226E-05    0.33942E-04    0.19931E-03    0.00000E+00    0.00000E+00    0.00000E+00    0.25827E-03    0.00000E+00    0.00000E+00    0.57647E-03    0.00000E+00   -0.22614E-03
    0.00000E+00    0.00000E+00    0.00000E+00    0.00000E+00    0.00000E+00    0.00000E+00    0.00000E+00    0.00000E+00    0.00000E+00    0.00000E+00    0.00000E+00    0.00000E+00    0.00000E+00
    0.00000E+00    0.00000E+00    0.00000E+00    0.00000E+00    0.00000E+00    0.00000E+00    0.00000E+00    0.00000E+00    0.00000E+00    0.00000E+00    0.00000E+00    0.00000E+00    0.00000E+00
    0.22277E-04    0.19490E-03    0.90751E-04    0.16749E-02    0.00000E+00    0.00000E+00    0.00000E+00    0.57647E-03    0.00000E+00    0.00000E+00    0.45868E-02    0.00000E+00   -0.25714E-02
    0.00000E+00    0.00000E+00    0.00000E+00    0.00000E+00    0.00000E+00    0.00000E+00    0.00000E+00    0.00000E+00    0.00000E+00    0.00000E+00    0.00000E+00    0.00000E+00    0.00000E+00
    0.56475E-04   -0.22980E-03    0.65879E-04    0.18972E-04    0.00000E+00    0.00000E+00    0.00000E+00   -0.22614E-03    0.00000E+00    0.00000E+00   -0.25714E-02    0.00000E+00    0.30727E+00
