# omegabh2 omegadmh2 theta tau alpha1 ns logA
    0.10062E-07   -0.28632E-07    0.15925E-08    0.71757E-07   -0.67329E-08   -0.20026E-07    0.13237E-06
   -0.28632E-07    0.15569E-05   -0.25914E-06   -0.78307E-06   -0.24662E-06   -0.51390E-05    0.32838E-05
    0.15925E-08   -0.25914E-06    0.86896E-07    0.38692E-07    0.62531E-07    0.10267E-05   -0.77598E-06
    0.71757E-07   -0.78307E-06    0.38692E-07    0.12467E-04   -0.18254E-07    0.20084E-05    0.22504E-04
   -0.67329E-08   -0.24662E-06    0.62531E-07   -0.18254E-07    0.91706E-07    0.10713E-05   -0.95841E-06
   -0.20026E-07   -0.51390E-05    0.10267E-05    0.20084E-05    0.10713E-05    0.21781E-04   -0.14562E-04
    0.13237E-06    0.32838E-05   -0.77598E-06    0.22504E-04   -0.95841E-06   -0.14562E-04    0.57516E-04
