# omegabh2 omegadmh2 theta tau w ns logA
    0.99415E-08   -0.45630E-07    0.68564E-08    0.63125E-07   -0.73058E-06    0.57420E-07    0.56593E-07
   -0.45630E-07    0.74132E-06   -0.58114E-07   -0.10078E-05    0.37035E-05   -0.16374E-05   -0.17129E-06
    0.68564E-08   -0.58114E-07    0.38642E-07    0.78522E-07   -0.49402E-06    0.18720E-06    0.38007E-07
    0.63125E-07   -0.10078E-05    0.78522E-07    0.12045E-04    0.17310E-04    0.26390E-05    0.21252E-04
   -0.73058E-06    0.37035E-05   -0.49402E-06    0.17310E-04    0.95622E-02    0.10983E-04    0.31368E-04
    0.57420E-07   -0.16374E-05    0.18720E-06    0.26390E-05    0.10983E-04    0.70373E-05   -0.48696E-06
    0.56593E-07   -0.17129E-06    0.38007E-07    0.21252E-04    0.31368E-04   -0.48696E-06    0.43060E-04
