# omegabh2 omegach2 theta tau ns logA aps100 aps143 aps217 acib143 acib217 asz143 psr cibr cal0 cal2 xi aksz bm_1_1 omegak bm_1_2 bm_1_3 bm_1_4 bm_1_5 bm_2_1 bm_2_2 bm_2_3 bm_2_4 bm_2_5 bm_3_1 bm_3_2 bm_3_3 bm_3_4 bm_3_5 bm_4_1 bm_4_2 bm_4_3 bm_4_4 bm_4_5 mnu nnu r nrun Alens w
7.600500E-08 -4.153200E-07 8.143000E-08 1.154400E-06 1.160800E-06 1.478600E-06 -8.070400E-04 -5.182600E-04 -3.463600E-04 -8.683800E-05 -1.540900E-04 -4.764200E-06 -1.341500E-07 -4.970800E-06 1.363600E-09 -3.453800E-09 1.256000E-06 -2.244400E-05 -2.310200E-05 -3.552300E-06 -1.631300E-05 -4.871400E-06 -5.741100E-06 -4.021000E-07 -6.012600E-07 -3.982100E-07 4.400100E-06 6.301200E-06 1.027000E-05 -5.037300E-06 -1.930800E-06 -3.371400E-06 3.897300E-06 -6.562700E-06 -2.779100E-06 -5.716500E-06 1.953800E-06 -7.133800E-06 1.366800E-05 -5.966900E-05 1.184100E-04 6.073400E-07 -9.025100E-07 2.659300E-05 -1.343200E-06
-4.153200E-07 7.178000E-06 -7.536100E-07 -1.191800E-05 -1.647100E-05 -6.554900E-06 2.040300E-03 3.071900E-03 3.056300E-03 1.160300E-04 1.967000E-04 8.610600E-06 5.197800E-07 6.213800E-06 -2.130700E-08 2.005100E-08 -9.582700E-06 -3.247300E-05 1.565200E-04 2.404100E-05 3.620200E-05 -1.864100E-05 2.677200E-05 -1.969600E-05 7.986200E-05 -3.315600E-05 3.496800E-05 -3.410600E-05 -6.985300E-05 7.571500E-06 -1.130700E-05 6.117900E-05 -7.470600E-05 -1.361700E-05 4.004000E-05 9.437400E-05 -3.919400E-05 1.816000E-05 -4.818500E-05 3.667100E-04 1.796500E-03 -1.093500E-05 -2.954600E-06 -2.166600E-04 -7.809100E-05
8.143000E-08 -7.536100E-07 4.034500E-07 1.751800E-06 2.243800E-06 2.052600E-06 1.419500E-04 -5.062200E-04 -4.026300E-04 3.093800E-05 -1.687800E-05 -4.280200E-06 -1.990700E-07 -2.206100E-06 6.379300E-09 -2.244600E-09 1.409500E-06 -1.152600E-05 -1.506900E-05 -3.916200E-06 9.706200E-06 4.218400E-07 -1.112000E-05 -1.743400E-06 -1.397900E-05 3.293600E-06 -1.010800E-05 6.365400E-06 3.125200E-06 -5.973500E-06 5.970300E-06 -9.624400E-06 -4.309800E-08 -2.732500E-06 -1.066000E-05 -1.560600E-05 1.150400E-06 6.921100E-06 9.652900E-06 -1.049200E-04 -1.575000E-04 1.232100E-06 -8.376100E-08 3.301100E-05 6.072400E-06
1.154400E-06 -1.191800E-05 1.751800E-06 2.039600E-04 3.918000E-05 3.792000E-04 -6.751400E-03 -3.852700E-03 4.563400E-03 -4.553700E-03 -9.389100E-03 -5.381200E-04 3.765500E-06 -2.741300E-04 -1.017400E-08 -7.384300E-08 7.627700E-05 -9.408300E-04 -5.336800E-04 8.561100E-05 -1.201200E-04 -3.240600E-04 -1.144200E-04 4.907000E-05 2.404500E-05 9.732800E-05 -3.251200E-05 1.278000E-04 2.552900E-04 -2.054800E-04 -1.082900E-04 -2.927700E-04 3.478100E-04 -8.500400E-05 -8.752900E-05 -1.549500E-04 1.025100E-04 -8.395100E-05 1.847200E-04 1.415700E-05 1.994500E-03 -2.418300E-05 -4.759600E-05 -3.229000E-04 2.270000E-04
1.160800E-06 -1.647100E-05 2.243800E-06 3.918000E-05 5.661400E-05 3.726500E-05 -1.886900E-02 8.498600E-05 6.292900E-03 -5.128500E-03 -9.352500E-03 -6.382000E-04 2.840700E-06 -2.618900E-04 -7.918400E-08 -6.154100E-08 3.998400E-05 -1.603600E-03 -6.752000E-04 -6.506200E-05 -3.021800E-04 -2.260700E-04 -4.490100E-05 1.367500E-04 2.582300E-04 -3.443100E-05 -7.878000E-05 1.667500E-04 1.192400E-04 -8.818500E-06 -4.374400E-05 -2.179000E-04 2.219900E-04 -6.750700E-05 2.422900E-04 -1.263000E-04 -3.707000E-05 -4.259500E-05 2.359600E-04 -1.485700E-03 5.901800E-03 5.175700E-05 1.999100E-05 6.051700E-04 2.036100E-04
1.478600E-06 -6.554900E-06 2.052600E-06 3.792000E-04 3.726500E-05 7.495000E-04 2.347300E-03 9.052900E-03 2.739700E-02 -1.128000E-02 -2.320200E-02 -1.638200E-03 1.109400E-05 -6.970000E-04 -9.575900E-09 1.206100E-07 1.693900E-04 -2.870900E-03 -3.341000E-04 2.132200E-04 -1.412600E-04 -7.116700E-04 -1.480900E-04 1.406000E-04 5.462300E-04 1.342000E-04 -6.022500E-05 1.466000E-04 3.568400E-04 -3.966700E-04 -2.171300E-04 -4.303700E-04 5.536500E-04 -2.451800E-04 1.663000E-04 -6.624700E-05 1.725000E-04 -7.017900E-05 2.743900E-04 3.279800E-04 8.165600E-03 -8.161300E-05 -1.215000E-04 -1.086400E-03 2.132000E-04
-8.070400E-04 2.040300E-03 1.419500E-04 -6.751400E-03 -1.886900E-02 2.347300E-03 2.712900E+03 2.125400E+02 1.343300E+02 9.815800E+01 -3.864800E+01 -2.855800E+01 5.825800E-02 -5.426800E+00 6.029600E-04 3.207100E-03 2.782800E+00 -4.734000E+00 1.154100E+01 4.338900E-02 -7.607100E+00 5.310900E-01 1.592900E-01 -2.018100E-01 -2.524500E+00 -5.910700E+00 -8.012700E-01 1.240100E+00 -2.113300E+00 4.094400E+00 1.141400E-01 8.355200E-02 -1.031200E+00 -3.680800E+00 1.285600E+00 -1.446900E+00 -2.853200E+00 1.005700E+00 3.068700E+00 4.199000E-01 1.285500E+00 -5.436700E-02 -1.513700E-02 -3.443000E-01 3.108900E-01
-5.182600E-04 3.071900E-03 -5.062200E-04 -3.852700E-03 8.498600E-05 9.052900E-03 2.125400E+02 1.797600E+02 1.356100E+02 -3.486600E+01 -4.835800E+01 -5.390400E+00 3.556400E-02 -1.357800E+00 -1.017100E-04 2.850700E-04 4.609700E-01 -6.141500E+00 2.890100E-01 2.582500E-02 -1.307200E-01 1.287200E-03 -7.737000E-02 4.445800E-01 -1.714200E-01 -7.193500E-01 -5.269100E-01 2.689600E-01 2.035000E-01 3.368100E-01 9.682800E-02 -7.216200E-02 1.030300E-01 1.795500E-01 3.292400E-01 -6.194300E-01 -3.996300E-01 3.046900E-01 2.812900E-01 2.109300E-01 1.557700E-01 -5.639200E-03 -5.216400E-04 -1.208600E-01 -2.926000E-02
-3.463600E-04 3.056300E-03 -4.026300E-04 4.563400E-03 6.292900E-03 2.739700E-02 1.343300E+02 1.356100E+02 2.293500E+02 -3.185700E+01 -8.957700E+01 -4.456800E+00 4.683600E-02 -2.015600E+00 -9.270900E-05 -4.623500E-03 5.009100E-01 -6.453200E+00 2.981800E-01 9.976600E-03 -3.291900E-01 -4.159700E-01 -1.595800E-01 2.427100E-01 1.391800E+00 2.263200E-01 -1.050000E+00 6.884200E-01 -8.283000E-02 -1.726100E+00 -5.010100E-01 -3.375000E-01 1.218300E-01 -4.930300E-01 7.641300E-02 -4.104000E-01 7.029700E-02 8.562700E-01 7.405300E-01 5.341200E-02 -4.161400E-01 8.144400E-03 1.004800E-02 -5.376300E-02 -6.946600E-02
-8.683800E-05 1.160300E-04 3.093800E-05 -4.553700E-03 -5.128500E-03 -1.128000E-02 9.815800E+01 -3.486600E+01 -3.185700E+01 3.043900E+01 1.740200E+01 -9.149400E-01 -6.775000E-03 -3.168400E-02 -5.312000E-05 -3.192000E-04 2.336500E-01 -3.334000E-01 -6.085600E-01 1.061500E-02 -1.407000E-01 8.001500E-02 1.403300E-01 -6.043400E-02 1.775400E-01 1.365400E-01 1.553700E-01 3.524500E-02 1.330600E-02 7.117400E-02 -1.320600E-02 2.269500E-02 5.726400E-02 -3.603200E-02 1.063500E-01 2.384900E-01 7.934700E-02 -3.558000E-02 2.628800E-02 1.623200E-01 4.135500E-01 -8.487400E-03 -6.134800E-03 -7.099100E-02 4.473800E-02
-1.540900E-04 1.967000E-04 -1.687800E-05 -9.389100E-03 -9.352500E-03 -2.320200E-02 -3.864800E+01 -4.835800E+01 -8.957700E+01 1.740200E+01 4.593000E+01 2.349400E+00 -1.899300E-02 1.060800E+00 2.509900E-05 2.421600E-03 -2.514900E-01 -2.707800E-01 -4.423300E-02 1.819500E-02 2.476600E-01 2.500100E-01 1.769800E-01 -1.092000E-01 -6.815900E-01 -2.088100E-01 5.275600E-01 -3.215700E-01 1.341700E-01 8.905300E-01 2.064200E-01 1.402800E-01 -2.076600E-02 1.648200E-01 1.650700E-02 1.351400E-01 -6.592500E-02 -5.192500E-01 -3.359600E-01 2.715800E-01 7.759500E-01 -1.088300E-02 -1.177200E-02 -1.147800E-01 6.481000E-02
-4.764200E-06 8.610600E-06 -4.280200E-06 -5.381200E-04 -6.382000E-04 -1.638200E-03 -2.855800E+01 -5.390400E+00 -4.456800E+00 -9.149400E-01 2.349400E+00 7.071100E-01 -1.619400E-03 1.542000E-01 1.581400E-05 -1.200800E-04 -5.946400E-02 -4.098400E-02 7.377700E-02 1.009300E-03 4.359700E-02 1.719400E-02 -4.301600E-03 -3.229100E-02 1.500600E-02 2.282000E-02 1.574800E-02 -4.932300E-02 1.301600E-02 -6.301700E-02 2.436900E-02 -7.312400E-04 -1.399300E-02 7.900400E-05 -3.249700E-02 7.893500E-03 5.844100E-03 -3.380600E-02 -3.051600E-02 1.734200E-02 4.783600E-02 -7.536000E-05 -6.585500E-04 -7.530800E-03 1.490300E-03
-1.341500E-07 5.197800E-07 -1.990700E-07 3.765500E-06 2.840700E-06 1.109400E-05 5.825800E-02 3.556400E-02 4.683600E-02 -6.775000E-03 -1.899300E-02 -1.619400E-03 1.831600E-04 -5.578100E-04 -1.154500E-08 -4.779200E-07 1.974800E-04 -1.455000E-03 -7.012100E-05 1.303100E-05 5.062400E-04 2.921100E-04 -3.555300E-05 2.499400E-04 7.099800E-04 -7.810800E-04 -3.905500E-04 -4.113900E-04 6.711800E-04 -6.734800E-04 7.016800E-04 1.766400E-05 -1.714400E-04 2.869200E-04 3.795600E-04 -5.526900E-04 -8.871300E-04 -4.866900E-04 -9.092900E-04 4.853300E-05 -2.099700E-04 1.365100E-08 1.881500E-06 -1.447200E-05 9.863600E-05
-4.970800E-06 6.213800E-06 -2.206100E-06 -2.741300E-04 -2.618900E-04 -6.970000E-04 -5.426800E+00 -1.357800E+00 -2.015600E+00 -3.168400E-02 1.060800E+00 1.542000E-01 -5.578100E-04 5.427200E-02 4.324800E-06 2.779800E-05 -1.178900E-02 -9.159000E-03 1.149400E-02 4.680200E-04 1.163600E-02 6.020900E-03 1.476300E-03 -9.872500E-03 -1.219000E-02 4.621900E-03 1.227000E-02 -6.511200E-03 2.087300E-03 6.328100E-03 3.424200E-03 6.599600E-03 -5.050700E-03 2.280500E-04 -7.498700E-03 4.790100E-03 8.790100E-03 -8.816900E-03 -4.181400E-03 6.319600E-03 1.840300E-02 -4.135100E-05 -2.601400E-04 -3.289300E-03 4.588800E-04
1.363600E-09 -2.130700E-08 6.379300E-09 -1.017400E-08 -7.918400E-08 -9.575900E-09 6.029600E-04 -1.017100E-04 -9.270900E-05 -5.312000E-05 2.509900E-05 1.581400E-05 -1.154500E-08 4.324800E-06 1.568100E-07 7.090900E-09 3.957500E-07 1.298900E-05 -2.546000E-05 2.119200E-08 -2.007800E-05 -2.016500E-06 -4.571800E-06 4.754100E-06 -1.710500E-06 2.239200E-06 8.049500E-06 -1.426100E-05 7.433300E-07 -1.229500E-07 5.303400E-06 1.402100E-05 8.181800E-06 8.924900E-06 -3.110100E-06 6.047900E-06 2.293300E-06 -5.714800E-06 -3.255300E-06 -1.186000E-06 3.179800E-06 -1.402300E-07 -9.044400E-08 2.236500E-07 -1.779500E-07
-3.453800E-09 2.005100E-08 -2.244600E-09 -7.384300E-08 -6.154100E-08 1.206100E-07 3.207100E-03 2.850700E-04 -4.623500E-03 -3.192000E-04 2.421600E-03 -1.200800E-04 -4.779200E-07 2.779800E-05 7.090900E-09 9.637900E-07 -6.485700E-06 5.734900E-05 1.580900E-05 -3.258700E-07 3.315500E-05 -4.760900E-05 -3.051700E-05 2.144000E-05 3.486300E-04 2.177800E-05 1.034500E-06 2.047900E-05 1.970300E-05 -2.997700E-04 -1.723700E-05 -5.663500E-05 2.666700E-06 8.389700E-06 5.917100E-05 5.698600E-05 -3.863200E-05 -6.909000E-05 2.020900E-05 2.498100E-06 9.148800E-06 -1.421200E-07 -1.623200E-07 5.487400E-07 4.327000E-06
1.256000E-06 -9.582700E-06 1.409500E-06 7.627700E-05 3.998400E-05 1.693900E-04 2.782800E+00 4.609700E-01 5.009100E-01 2.336500E-01 -2.514900E-01 -5.946400E-02 1.974800E-04 -1.178900E-02 3.957500E-07 -6.485700E-06 2.694100E-02 8.199100E-03 -6.349500E-03 1.701000E-05 -7.542700E-03 3.195700E-03 -2.974100E-03 1.004400E-03 -3.721200E-04 9.679300E-03 -6.251200E-03 1.118000E-02 -4.978600E-04 -3.484300E-03 -1.035400E-02 9.624400E-04 -2.763000E-03 -1.054900E-03 -2.639900E-03 -3.062000E-03 1.100300E-02 1.151700E-02 9.350200E-03 -3.746100E-04 -1.995500E-03 -8.142200E-05 2.867400E-05 1.195500E-03 -6.687500E-04
-2.244400E-05 -3.247300E-05 -1.152600E-05 -9.408300E-04 -1.603600E-03 -2.870900E-03 -4.734000E+00 -6.141500E+00 -6.453200E+00 -3.334000E-01 -2.707800E-01 -4.098400E-02 -1.455000E-03 -9.159000E-03 1.298900E-05 5.734900E-05 8.199100E-03 2.012200E+00 -1.023600E-02 3.546300E-03 8.704400E-04 2.323900E-02 -4.687800E-02 -9.076900E-03 -2.268500E-02 6.610700E-02 -3.508300E-02 4.717900E-03 -5.248900E-02 2.227600E-04 -1.272000E-02 -7.209600E-03 -5.117900E-02 4.374700E-02 -2.253100E-02 1.188500E-02 2.483700E-02 5.788500E-02 -3.481300E-02 4.494200E-02 9.836200E-02 -5.842400E-04 -1.375500E-03 -2.208200E-02 7.345800E-04
-2.310200E-05 1.565200E-04 -1.506900E-05 -5.336800E-04 -6.752000E-04 -3.341000E-04 1.154100E+01 2.890100E-01 2.981800E-01 -6.085600E-01 -4.423300E-02 7.377700E-02 -7.012100E-05 1.149400E-02 -2.546000E-05 1.580900E-05 -6.349500E-03 -1.023600E-02 5.958800E-01 7.221900E-04 -1.145600E-01 1.158800E-02 9.684500E-03 -7.244000E-03 2.009300E-01 -6.374000E-02 -4.109900E-02 -2.438200E-02 -5.629900E-02 4.433200E-02 6.159700E-02 -4.137500E-02 -3.759100E-02 -1.069200E-01 1.881600E-01 3.965100E-02 -3.205100E-02 2.909100E-02 4.716100E-02 1.386100E-02 3.896700E-02 -7.671400E-04 -7.334000E-04 -1.046100E-02 -8.748300E-04
-3.552300E-06 2.404100E-05 -3.916200E-06 8.561100E-05 -6.506200E-05 2.132200E-04 4.338900E-02 2.582500E-02 9.976600E-03 1.061500E-02 1.819500E-02 1.009300E-03 1.303100E-05 4.680200E-04 2.119200E-08 -3.258700E-07 1.701000E-05 3.546300E-03 7.221900E-04 7.226200E-04 0.000000E+00 0.000000E+00 0.000000E+00 0.000000E+00 0.000000E+00 0.000000E+00 0.000000E+00 0.000000E+00 0.000000E+00 0.000000E+00 0.000000E+00 0.000000E+00 0.000000E+00 0.000000E+00 0.000000E+00 0.000000E+00 0.000000E+00 0.000000E+00 0.000000E+00 0.000000E+00 0.000000E+00 0.000000E+00 0.000000E+00 0.000000E+00 0.000000E+00
-1.631300E-05 3.620200E-05 9.706200E-06 -1.201200E-04 -3.021800E-04 -1.412600E-04 -7.607100E+00 -1.307200E-01 -3.291900E-01 -1.407000E-01 2.476600E-01 4.359700E-02 5.062400E-04 1.163600E-02 -2.007800E-05 3.315500E-05 -7.542700E-03 8.704400E-04 -1.145600E-01 0.000000E+00 8.538700E-01 -5.835700E-03 1.785300E-02 1.133000E-02 -1.453100E-01 2.210500E-01 4.365800E-02 8.428100E-03 3.074500E-02 -1.470300E-01 -5.719200E-03 2.172200E-02 -6.703600E-03 1.616500E-01 -2.394500E-01 3.619500E-02 1.405000E-01 4.008900E-02 -1.613300E-01 0.000000E+00 0.000000E+00 0.000000E+00 0.000000E+00 0.000000E+00 0.000000E+00
-4.871400E-06 -1.864100E-05 4.218400E-07 -3.240600E-04 -2.260700E-04 -7.116700E-04 5.310900E-01 1.287200E-03 -4.159700E-01 8.001500E-02 2.500100E-01 1.719400E-02 2.921100E-04 6.020900E-03 -2.016500E-06 -4.760900E-05 3.195700E-03 2.323900E-02 1.158800E-02 0.000000E+00 -5.835700E-03 9.584900E-01 -1.042900E-02 -2.303900E-02 -5.678000E-02 -2.298500E-02 1.701200E-01 -4.306800E-02 7.797000E-02 -2.271500E-03 4.690200E-02 -2.232900E-02 -1.826000E-02 7.732700E-02 -5.996800E-02 2.922300E-02 1.638600E-02 -1.921100E-01 7.513500E-02 0.000000E+00 0.000000E+00 0.000000E+00 0.000000E+00 0.000000E+00 0.000000E+00
-5.741100E-06 2.677200E-05 -1.112000E-05 -1.144200E-04 -4.490100E-05 -1.480900E-04 1.592900E-01 -7.737000E-02 -1.595800E-01 1.403300E-01 1.769800E-01 -4.301600E-03 -3.555300E-05 1.476300E-03 -4.571800E-06 -3.051700E-05 -2.974100E-03 -4.687800E-02 9.684500E-03 0.000000E+00 1.785300E-02 -1.042900E-02 1.017400E+00 -8.803000E-05 5.411900E-02 -5.177200E-02 7.750000E-02 -9.733300E-02 5.944200E-02 8.067900E-02 1.041700E-01 4.756200E-02 1.672700E-01 -9.055600E-02 9.099300E-02 4.330400E-02 3.528700E-02 -1.065900E-01 6.144100E-02 0.000000E+00 0.000000E+00 0.000000E+00 0.000000E+00 0.000000E+00 0.000000E+00
-4.021000E-07 -1.969600E-05 -1.743400E-06 4.907000E-05 1.367500E-04 1.406000E-04 -2.018100E-01 4.445800E-01 2.427100E-01 -6.043400E-02 -1.092000E-01 -3.229100E-02 2.499400E-04 -9.872500E-03 4.754100E-06 2.144000E-05 1.004400E-03 -9.076900E-03 -7.244000E-03 0.000000E+00 1.133000E-02 -2.303900E-02 -8.803000E-05 1.041400E+00 3.628400E-02 6.357000E-02 -5.152600E-02 2.799600E-02 8.606300E-02 5.143500E-02 -1.081200E-01 -9.576900E-02 8.036500E-02 8.852200E-02 8.934800E-02 -8.938500E-02 9.701600E-02 -3.180200E-02 -2.356400E-02 0.000000E+00 0.000000E+00 0.000000E+00 0.000000E+00 0.000000E+00 0.000000E+00
-6.012600E-07 7.986200E-05 -1.397900E-05 2.404500E-05 2.582300E-04 5.462300E-04 -2.524500E+00 -1.714200E-01 1.391800E+00 1.775400E-01 -6.815900E-01 1.500600E-02 7.099800E-04 -1.219000E-02 -1.710500E-06 3.486300E-04 -3.721200E-04 -2.268500E-02 2.009300E-01 0.000000E+00 -1.453100E-01 -5.678000E-02 5.411900E-02 3.628400E-02 8.042200E-01 -3.634900E-02 -1.283700E-02 -7.844000E-03 -1.096900E-02 6.065700E-02 1.213700E-01 -9.044700E-02 1.636700E-02 -4.173800E-02 6.375500E-01 2.208900E-01 -6.209700E-02 -3.121800E-02 9.433900E-02 0.000000E+00 0.000000E+00 0.000000E+00 0.000000E+00 0.000000E+00 0.000000E+00
-3.982100E-07 -3.315600E-05 3.293600E-06 9.732800E-05 -3.443100E-05 1.342000E-04 -5.910700E+00 -7.193500E-01 2.263200E-01 1.365400E-01 -2.088100E-01 2.282000E-02 -7.810800E-04 4.621900E-03 2.239200E-06 2.177800E-05 9.679300E-03 6.610700E-02 -6.374000E-02 0.000000E+00 2.210500E-01 -2.298500E-02 -5.177200E-02 6.357000E-02 -3.634900E-02 9.790700E-01 5.731000E-02 -3.623700E-02 4.293200E-03 5.057800E-02 2.455100E-02 -2.321500E-02 1.558700E-02 2.013800E-01 -1.049400E-01 2.756400E-01 7.746200E-01 2.498100E-01 -2.030600E-01 0.000000E+00 0.000000E+00 0.000000E+00 0.000000E+00 0.000000E+00 0.000000E+00
4.400100E-06 3.496800E-05 -1.010800E-05 -3.251200E-05 -7.878000E-05 -6.022500E-05 -8.012700E-01 -5.269100E-01 -1.050000E+00 1.553700E-01 5.275600E-01 1.574800E-02 -3.905500E-04 1.227000E-02 8.049500E-06 1.034500E-06 -6.251200E-03 -3.508300E-02 -4.109900E-02 0.000000E+00 4.365800E-02 1.701200E-01 7.750000E-02 -5.152600E-02 -1.283700E-02 5.731000E-02 9.672200E-01 1.469000E-02 -2.047000E-02 6.765900E-02 -6.242900E-02 1.319200E-01 1.559300E-01 -1.944600E-01 -2.096800E-01 6.246700E-01 1.931800E-01 -5.767200E-01 1.950900E-01 0.000000E+00 0.000000E+00 0.000000E+00 0.000000E+00 0.000000E+00 0.000000E+00
6.301200E-06 -3.410600E-05 6.365400E-06 1.278000E-04 1.667500E-04 1.466000E-04 1.240100E+00 2.689600E-01 6.884200E-01 3.524500E-02 -3.215700E-01 -4.932300E-02 -4.113900E-04 -6.511200E-03 -1.426100E-05 2.047900E-05 1.118000E-02 4.717900E-03 -2.438200E-02 0.000000E+00 8.428100E-03 -4.306800E-02 -9.733300E-02 2.799600E-02 -7.844000E-03 -3.623700E-02 1.469000E-02 9.459300E-01 2.745100E-02 -2.133000E-04 -5.601200E-02 -1.650900E-01 -5.834400E-04 -7.672800E-02 -5.253800E-02 7.217500E-02 -8.050400E-02 2.582800E-01 6.244400E-01 0.000000E+00 0.000000E+00 0.000000E+00 0.000000E+00 0.000000E+00 0.000000E+00
1.027000E-05 -6.985300E-05 3.125200E-06 2.552900E-04 1.192400E-04 3.568400E-04 -2.113300E+00 2.035000E-01 -8.283000E-02 1.330600E-02 1.341700E-01 1.301600E-02 6.711800E-04 2.087300E-03 7.433300E-07 1.970300E-05 -4.978600E-04 -5.248900E-02 -5.629900E-02 0.000000E+00 3.074500E-02 7.797000E-02 5.944200E-02 8.606300E-02 -1.096900E-02 4.293200E-03 -2.047000E-02 2.745100E-02 9.945100E-01 -8.127700E-02 3.069000E-02 3.058600E-02 1.396100E-01 8.320600E-03 1.099400E-01 -5.892000E-01 3.902300E-01 -3.377500E-01 2.524500E-01 0.000000E+00 0.000000E+00 0.000000E+00 0.000000E+00 0.000000E+00 0.000000E+00
-5.037300E-06 7.571500E-06 -5.973500E-06 -2.054800E-04 -8.818500E-06 -3.966700E-04 4.094400E+00 3.368100E-01 -1.726100E+00 7.117400E-02 8.905300E-01 -6.301700E-02 -6.734800E-04 6.328100E-03 -1.229500E-07 -2.997700E-04 -3.484300E-03 2.227600E-04 4.433200E-02 0.000000E+00 -1.470300E-01 -2.271500E-03 8.067900E-02 5.143500E-02 6.065700E-02 5.057800E-02 6.765900E-02 -2.133000E-04 -8.127700E-02 8.635800E-01 -1.914900E-02 -2.251700E-02 -6.608100E-03 -2.832000E-02 5.903000E-01 1.696000E-01 1.275100E-01 6.379400E-02 -4.750900E-02 0.000000E+00 0.000000E+00 0.000000E+00 0.000000E+00 0.000000E+00 0.000000E+00
-1.930800E-06 -1.130700E-05 5.970300E-06 -1.082900E-04 -4.374400E-05 -2.171300E-04 1.141400E-01 9.682800E-02 -5.010100E-01 -1.320600E-02 2.064200E-01 2.436900E-02 7.016800E-04 3.424200E-03 5.303400E-06 -1.723700E-05 -1.035400E-02 -1.272000E-02 6.159700E-02 0.000000E+00 -5.719200E-03 4.690200E-02 1.041700E-01 -1.081200E-01 1.213700E-01 2.455100E-02 -6.242900E-02 -5.601200E-02 3.069000E-02 -1.914900E-02 9.280600E-01 3.414400E-02 -5.152000E-02 -2.113400E-02 7.368300E-02 1.758700E-01 1.825900E-02 1.996100E-01 2.047300E-01 0.000000E+00 0.000000E+00 0.000000E+00 0.000000E+00 0.000000E+00 0.000000E+00
-3.371400E-06 6.117900E-05 -9.624400E-06 -2.927700E-04 -2.179000E-04 -4.303700E-04 8.355200E-02 -7.216200E-02 -3.375000E-01 2.269500E-02 1.402800E-01 -7.312400E-04 1.766400E-05 6.599600E-03 1.402100E-05 -5.663500E-05 9.624400E-04 -7.209600E-03 -4.137500E-02 0.000000E+00 2.172200E-02 -2.232900E-02 4.756200E-02 -9.576900E-02 -9.044700E-02 -2.321500E-02 1.319200E-01 -1.650900E-01 3.058600E-02 -2.251700E-02 3.414400E-02 1.008400E+00 -1.110600E-02 -1.045400E-02 -1.233900E-01 5.958200E-02 1.836800E-01 4.428500E-02 -9.230100E-02 0.000000E+00 0.000000E+00 0.000000E+00 0.000000E+00 0.000000E+00 0.000000E+00
3.897300E-06 -7.470600E-05 -4.309800E-08 3.478100E-04 2.219900E-04 5.536500E-04 -1.031200E+00 1.030300E-01 1.218300E-01 5.726400E-02 -2.076600E-02 -1.399300E-02 -1.714400E-04 -5.050700E-03 8.181800E-06 2.666700E-06 -2.763000E-03 -5.117900E-02 -3.759100E-02 0.000000E+00 -6.703600E-03 -1.826000E-02 1.672700E-01 8.036500E-02 1.636700E-02 1.558700E-02 1.559300E-01 -5.834400E-04 1.396100E-01 -6.608100E-03 -5.152000E-02 -1.110600E-02 1.000500E+00 -4.024700E-02 -1.441800E-02 3.657800E-02 1.603700E-01 -2.530100E-01 1.522700E-01 0.000000E+00 0.000000E+00 0.000000E+00 0.000000E+00 0.000000E+00 0.000000E+00
-6.562700E-06 -1.361700E-05 -2.732500E-06 -8.500400E-05 -6.750700E-05 -2.451800E-04 -3.680800E+00 1.795500E-01 -4.930300E-01 -3.603200E-02 1.648200E-01 7.900400E-05 2.869200E-04 2.280500E-04 8.924900E-06 8.389700E-06 -1.054900E-03 4.374700E-02 -1.069200E-01 0.000000E+00 1.616500E-01 7.732700E-02 -9.055600E-02 8.852200E-02 -4.173800E-02 2.013800E-01 -1.944600E-01 -7.672800E-02 8.320600E-03 -2.832000E-02 -2.113400E-02 -1.045400E-02 -4.024700E-02 1.002700E+00 -3.350100E-02 -7.296200E-02 7.214500E-02 2.403500E-01 -1.006900E-01 0.000000E+00 0.000000E+00 0.000000E+00 0.000000E+00 0.000000E+00 0.000000E+00
-2.779100E-06 4.004000E-05 -1.066000E-05 -8.752900E-05 2.422900E-04 1.663000E-04 1.285600E+00 3.292400E-01 7.641300E-02 1.063500E-01 1.650700E-02 -3.249700E-02 3.795600E-04 -7.498700E-03 -3.110100E-06 5.917100E-05 -2.639900E-03 -2.253100E-02 1.881600E-01 0.000000E+00 -2.394500E-01 -5.996800E-02 9.099300E-02 8.934800E-02 6.375500E-01 -1.049400E-01 -2.096800E-01 -5.253800E-02 1.099400E-01 5.903000E-01 7.368300E-02 -1.233900E-01 -1.441800E-02 -3.350100E-02 9.600600E-01 -3.820300E-02 -6.428000E-03 2.204100E-02 2.260100E-02 0.000000E+00 0.000000E+00 0.000000E+00 0.000000E+00 0.000000E+00 0.000000E+00
-5.716500E-06 9.437400E-05 -1.560600E-05 -1.549500E-04 -1.263000E-04 -6.624700E-05 -1.446900E+00 -6.194300E-01 -4.104000E-01 2.384900E-01 1.351400E-01 7.893500E-03 -5.526900E-04 4.790100E-03 6.047900E-06 5.698600E-05 -3.062000E-03 1.188500E-02 3.965100E-02 0.000000E+00 3.619500E-02 2.922300E-02 4.330400E-02 -8.938500E-02 2.208900E-01 2.756400E-01 6.246700E-01 7.217500E-02 -5.892000E-01 1.696000E-01 1.758700E-01 5.958200E-02 3.657800E-02 -7.296200E-02 -3.820300E-02 9.982400E-01 3.009500E-02 3.695000E-02 3.940700E-04 0.000000E+00 0.000000E+00 0.000000E+00 0.000000E+00 0.000000E+00 0.000000E+00
1.953800E-06 -3.919400E-05 1.150400E-06 1.025100E-04 -3.707000E-05 1.725000E-04 -2.853200E+00 -3.996300E-01 7.029700E-02 7.934700E-02 -6.592500E-02 5.844100E-03 -8.871300E-04 8.790100E-03 2.293300E-06 -3.863200E-05 1.100300E-02 2.483700E-02 -3.205100E-02 0.000000E+00 1.405000E-01 1.638600E-02 3.528700E-02 9.701600E-02 -6.209700E-02 7.746200E-01 1.931800E-01 -8.050400E-02 3.902300E-01 1.275100E-01 1.825900E-02 1.836800E-01 1.603700E-01 7.214500E-02 -6.428000E-03 3.009500E-02 9.991300E-01 -5.242000E-02 -2.033900E-02 0.000000E+00 0.000000E+00 0.000000E+00 0.000000E+00 0.000000E+00 0.000000E+00
-7.133800E-06 1.816000E-05 6.921100E-06 -8.395100E-05 -4.259500E-05 -7.017900E-05 1.005700E+00 3.046900E-01 8.562700E-01 -3.558000E-02 -5.192500E-01 -3.380600E-02 -4.866900E-04 -8.816900E-03 -5.714800E-06 -6.909000E-05 1.151700E-02 5.788500E-02 2.909100E-02 0.000000E+00 4.008900E-02 -1.921100E-01 -1.065900E-01 -3.180200E-02 -3.121800E-02 2.498100E-01 -5.767200E-01 2.582800E-01 -3.377500E-01 6.379400E-02 1.996100E-01 4.428500E-02 -2.530100E-01 2.403500E-01 2.204100E-02 3.695000E-02 -5.242000E-02 9.437900E-01 -4.410500E-02 0.000000E+00 0.000000E+00 0.000000E+00 0.000000E+00 0.000000E+00 0.000000E+00
1.366800E-05 -4.818500E-05 9.652900E-06 1.847200E-04 2.359600E-04 2.743900E-04 3.068700E+00 2.812900E-01 7.405300E-01 2.628800E-02 -3.359600E-01 -3.051600E-02 -9.092900E-04 -4.181400E-03 -3.255300E-06 2.020900E-05 9.350200E-03 -3.481300E-02 4.716100E-02 0.000000E+00 -1.613300E-01 7.513500E-02 6.144100E-02 -2.356400E-02 9.433900E-02 -2.030600E-01 1.950900E-01 6.244400E-01 2.524500E-01 -4.750900E-02 2.047300E-01 -9.230100E-02 1.522700E-01 -1.006900E-01 2.260100E-02 3.940700E-04 -2.033900E-02 -4.410500E-02 9.116400E-01 0.000000E+00 0.000000E+00 0.000000E+00 0.000000E+00 0.000000E+00 0.000000E+00
-5.966900E-05 3.667100E-04 -1.049200E-04 1.415700E-05 -1.485700E-03 3.279800E-04 4.199000E-01 2.109300E-01 5.341200E-02 1.623200E-01 2.715800E-01 1.734200E-02 4.853300E-05 6.319600E-03 -1.186000E-06 2.498100E-06 -3.746100E-04 4.494200E-02 1.386100E-02 0.000000E+00 0.000000E+00 0.000000E+00 0.000000E+00 0.000000E+00 0.000000E+00 0.000000E+00 0.000000E+00 0.000000E+00 0.000000E+00 0.000000E+00 0.000000E+00 0.000000E+00 0.000000E+00 0.000000E+00 0.000000E+00 0.000000E+00 0.000000E+00 0.000000E+00 0.000000E+00 1.108500E-01 0.000000E+00 0.000000E+00 0.000000E+00 0.000000E+00 0.000000E+00
1.184100E-04 1.796500E-03 -1.575000E-04 1.994500E-03 5.901800E-03 8.165600E-03 1.285500E+00 1.557700E-01 -4.161400E-01 4.135500E-01 7.759500E-01 4.783600E-02 -2.099700E-04 1.840300E-02 3.179800E-06 9.148800E-06 -1.995500E-03 9.836200E-02 3.896700E-02 0.000000E+00 0.000000E+00 0.000000E+00 0.000000E+00 0.000000E+00 0.000000E+00 0.000000E+00 0.000000E+00 0.000000E+00 0.000000E+00 0.000000E+00 0.000000E+00 0.000000E+00 0.000000E+00 0.000000E+00 0.000000E+00 0.000000E+00 0.000000E+00 0.000000E+00 0.000000E+00 0.000000E+00 1.523600E-01 0.000000E+00 0.000000E+00 0.000000E+00 0.000000E+00
6.073400E-07 -1.093500E-05 1.232100E-06 -2.418300E-05 5.175700E-05 -8.161300E-05 -5.436700E-02 -5.639200E-03 8.144400E-03 -8.487400E-03 -1.088300E-02 -7.536000E-05 1.365100E-08 -4.135100E-05 -1.402300E-07 -1.421200E-07 -8.142200E-05 -5.842400E-04 -7.671400E-04 0.000000E+00 0.000000E+00 0.000000E+00 0.000000E+00 0.000000E+00 0.000000E+00 0.000000E+00 0.000000E+00 0.000000E+00 0.000000E+00 0.000000E+00 0.000000E+00 0.000000E+00 0.000000E+00 0.000000E+00 0.000000E+00 0.000000E+00 0.000000E+00 0.000000E+00 0.000000E+00 0.000000E+00 0.000000E+00 1.448500E-03 0.000000E+00 0.000000E+00 0.000000E+00
-9.025100E-07 -2.954600E-06 -8.376100E-08 -4.759600E-05 1.999100E-05 -1.215000E-04 -1.513700E-02 -5.216400E-04 1.004800E-02 -6.134800E-03 -1.177200E-02 -6.585500E-04 1.881500E-06 -2.601400E-04 -9.044400E-08 -1.623200E-07 2.867400E-05 -1.375500E-03 -7.334000E-04 0.000000E+00 0.000000E+00 0.000000E+00 0.000000E+00 0.000000E+00 0.000000E+00 0.000000E+00 0.000000E+00 0.000000E+00 0.000000E+00 0.000000E+00 0.000000E+00 0.000000E+00 0.000000E+00 0.000000E+00 0.000000E+00 0.000000E+00 0.000000E+00 0.000000E+00 0.000000E+00 0.000000E+00 0.000000E+00 0.000000E+00 7.896100E-05 0.000000E+00 0.000000E+00
2.659300E-05 -2.166600E-04 3.301100E-05 -3.229000E-04 6.051700E-04 -1.086400E-03 -3.443000E-01 -1.208600E-01 -5.376300E-02 -7.099100E-02 -1.147800E-01 -7.530800E-03 -1.447200E-05 -3.289300E-03 2.236500E-07 5.487400E-07 1.195500E-03 -2.208200E-02 -1.046100E-02 0.000000E+00 0.000000E+00 0.000000E+00 0.000000E+00 0.000000E+00 0.000000E+00 0.000000E+00 0.000000E+00 0.000000E+00 0.000000E+00 0.000000E+00 0.000000E+00 0.000000E+00 0.000000E+00 0.000000E+00 0.000000E+00 0.000000E+00 0.000000E+00 0.000000E+00 0.000000E+00 0.000000E+00 0.000000E+00 0.000000E+00 0.000000E+00 1.530000E-02 0.000000E+00
-1.343200E-06 -7.809100E-05 6.072400E-06 2.270000E-04 2.036100E-04 2.132000E-04 3.108900E-01 -2.926000E-02 -6.946600E-02 4.473800E-02 6.481000E-02 1.490300E-03 9.863600E-05 4.588800E-04 -1.779500E-07 4.327000E-06 -6.687500E-04 7.345800E-04 -8.748300E-04 0.000000E+00 0.000000E+00 0.000000E+00 0.000000E+00 0.000000E+00 0.000000E+00 0.000000E+00 0.000000E+00 0.000000E+00 0.000000E+00 0.000000E+00 0.000000E+00 0.000000E+00 0.000000E+00 0.000000E+00 0.000000E+00 0.000000E+00 0.000000E+00 0.000000E+00 0.000000E+00 0.000000E+00 0.000000E+00 0.000000E+00 0.000000E+00 0.000000E+00 1.135900E-01
