# omegabh2 omegach2 theta tau ns logA aps100 aps143 aps217 acib143 acib217 asz143 psr cibr cal0 cal2 xi aksz bm_1_1 a_ps_act_148 a_ps_act_217 a_ps_spt_95 a_ps_spt_150 a_ps_spt_220 r_ps_spt_95x150 r_ps_spt_95x220 r_ps_150x220 act_dust_s act_dust_e cal_acts_148 cal_acts_217 cal_acte_148 cal_acte_217 cal_spt_95 cal_spt_150 cal_spt_220 bm_1_2 bm_1_3 bm_1_4 bm_1_5 bm_2_1 bm_2_2 bm_2_3 bm_2_4 bm_2_5 bm_3_1 bm_3_2 bm_3_3 bm_3_4 bm_3_5 bm_4_1 bm_4_2 bm_4_3 bm_4_4 bm_4_5 omegak mnu nnu nrun Alens
7.747500E-08 -4.410600E-07 8.329900E-08 1.101300E-06 1.161800E-06 1.299500E-06 -9.515300E-04 -8.661200E-04 -6.289100E-04 1.933700E-07 -3.001600E-05 3.712400E-06 -2.434500E-07 -2.404600E-07 1.419600E-09 -1.426600E-09 -4.294000E-08 -6.048700E-06 -2.175200E-05 2.489600E-05 1.263200E-04 9.801400E-06 2.428100E-05 1.386500E-04 -2.979900E-08 -4.026700E-07 4.625300E-08 -1.136800E-07 -1.316900E-07 9.026200E-07 5.550400E-07 8.870000E-07 5.062500E-07 8.837900E-07 8.636600E-07 6.216100E-07 -1.631300E-05 -4.871400E-06 -5.741100E-06 -4.021000E-07 -6.012600E-07 -3.982100E-07 4.400100E-06 6.301200E-06 1.027000E-05 -5.037300E-06 -1.930800E-06 -3.371400E-06 3.897300E-06 -6.562700E-06 -2.779100E-06 -5.716500E-06 1.953800E-06 -7.133800E-06 1.366800E-05 -2.958300E-06 -2.603800E-05 1.095200E-04 -9.754800E-07 2.199700E-05
-4.410600E-07 7.307700E-06 -7.443900E-07 -1.281000E-05 -1.638400E-05 -8.174900E-06 6.089800E-03 3.752200E-03 2.974500E-03 -2.083200E-05 8.002000E-05 -2.055100E-05 9.159700E-07 8.842400E-07 -2.839000E-08 4.243400E-08 6.400700E-07 -3.746800E-06 1.703200E-04 -1.009700E-04 -5.899600E-04 -5.156100E-05 -8.136100E-05 -6.417400E-04 3.289200E-09 1.843500E-06 -3.701400E-08 1.183400E-06 -3.901800E-06 -4.496300E-06 -3.008500E-06 -4.423200E-06 -2.845600E-06 -3.591000E-06 -4.360100E-06 -2.913900E-06 3.620200E-05 -1.864100E-05 2.677200E-05 -1.969600E-05 7.986200E-05 -3.315600E-05 3.496800E-05 -3.410600E-05 -6.985300E-05 7.571500E-06 -1.130700E-05 6.117900E-05 -7.470600E-05 -1.361700E-05 4.004000E-05 9.437400E-05 -3.919400E-05 1.816000E-05 -4.818500E-05 2.437900E-05 1.873100E-04 1.465700E-03 -2.336400E-06 -1.917400E-04
8.329900E-08 -7.443900E-07 3.992900E-07 1.937100E-06 2.155100E-06 2.445900E-06 -4.092700E-04 -4.817900E-04 -4.441300E-04 -4.067500E-06 -2.878200E-05 9.755600E-07 -1.502300E-08 -4.569600E-08 2.452000E-09 -1.178400E-08 -2.001100E-07 5.408200E-06 -7.961500E-06 1.569800E-05 8.677000E-05 8.464800E-06 1.261600E-05 1.152000E-04 -3.478900E-07 -8.519900E-07 1.090100E-07 6.119300E-07 -4.955200E-07 6.412800E-07 4.583800E-07 6.468300E-07 3.711900E-07 7.015700E-07 6.346600E-07 5.243600E-07 9.706200E-06 4.218400E-07 -1.112000E-05 -1.743400E-06 -1.397900E-05 3.293600E-06 -1.010800E-05 6.365400E-06 3.125200E-06 -5.973500E-06 5.970300E-06 -9.624400E-06 -4.309800E-08 -2.732500E-06 -1.066000E-05 -1.560600E-05 1.150400E-06 6.921100E-06 9.652900E-06 -3.399400E-06 -4.836000E-05 -1.363500E-04 -1.925500E-07 3.113000E-05
1.101300E-06 -1.281000E-05 1.937100E-06 2.042000E-04 3.824500E-05 3.759700E-04 -2.257000E-02 -1.816600E-02 -1.293800E-02 -7.880000E-05 -6.709000E-04 2.620400E-05 -5.478000E-06 -1.039000E-05 5.415600E-10 1.355000E-07 -3.438900E-07 -1.520500E-04 -7.275400E-04 5.455100E-04 2.331900E-03 3.881000E-04 5.880900E-04 2.934600E-03 -7.455400E-06 -2.008800E-05 6.662000E-07 6.379400E-06 3.948400E-06 1.767900E-05 1.032700E-05 2.015600E-05 1.066300E-05 2.143300E-05 1.790300E-05 1.196300E-05 -1.201200E-04 -3.240600E-04 -1.144200E-04 4.907000E-05 2.404500E-05 9.732800E-05 -3.251200E-05 1.278000E-04 2.552900E-04 -2.054800E-04 -1.082900E-04 -2.927700E-04 3.478100E-04 -8.500400E-05 -8.752900E-05 -1.549500E-04 1.025100E-04 -8.395100E-05 1.847200E-04 8.160700E-05 1.255100E-04 2.233800E-03 -5.373900E-05 -2.899500E-04
1.161800E-06 -1.638400E-05 2.155100E-06 3.824500E-05 5.203300E-05 3.404200E-05 -4.232400E-02 -2.177300E-02 -1.480500E-02 3.119800E-05 -6.162500E-04 1.090900E-04 -5.381700E-06 -4.013200E-06 -3.419200E-08 6.725600E-08 -5.114600E-06 -1.538000E-04 -7.141100E-04 4.527100E-04 2.713800E-03 2.661400E-04 4.229100E-04 2.586800E-03 -2.030200E-06 -5.447300E-06 1.361700E-06 -5.249500E-06 5.578600E-06 1.792700E-05 1.135400E-05 1.815000E-05 1.053600E-05 1.782300E-05 1.888000E-05 1.132200E-05 -3.021800E-04 -2.260700E-04 -4.490100E-05 1.367500E-04 2.582300E-04 -3.443100E-05 -7.878000E-05 1.667500E-04 1.192400E-04 -8.818500E-06 -4.374400E-05 -2.179000E-04 2.219900E-04 -6.750700E-05 2.422900E-04 -1.263000E-04 -3.707000E-05 -4.259500E-05 2.359600E-04 -5.918600E-05 -5.643700E-04 5.355000E-03 1.394200E-05 5.207600E-04
1.299500E-06 -8.174900E-06 2.445900E-06 3.759700E-04 3.404200E-05 7.342100E-04 -3.763800E-02 -3.049500E-02 -2.039500E-02 -2.183500E-04 -1.190200E-03 7.015400E-06 -9.334100E-06 -1.950700E-05 -6.387300E-09 5.023800E-07 -4.773300E-07 -3.684100E-04 -7.027100E-04 9.107200E-04 3.313800E-03 6.737700E-04 1.047700E-03 4.573300E-03 -1.505000E-05 -3.622200E-05 9.475200E-07 1.933900E-05 -1.448900E-06 2.566800E-05 1.337200E-05 3.060400E-05 1.475000E-05 3.535800E-05 2.648300E-05 1.803100E-05 -1.412600E-04 -7.116700E-04 -1.480900E-04 1.406000E-04 5.462300E-04 1.342000E-04 -6.022500E-05 1.466000E-04 3.568400E-04 -3.966700E-04 -2.171300E-04 -4.303700E-04 5.536500E-04 -2.451800E-04 1.663000E-04 -6.624700E-05 1.725000E-04 -7.017900E-05 2.743900E-04 2.122800E-04 4.679700E-04 8.284300E-03 -1.334900E-04 -9.897800E-04
-9.515300E-04 6.089800E-03 -4.092700E-04 -2.257000E-02 -4.232400E-02 -3.763800E-02 1.527500E+03 8.662800E+01 2.086100E+01 -4.766200E-01 4.941800E+00 -2.108800E+00 1.449400E-02 -1.502400E-01 9.103300E-04 -6.634700E-04 1.563600E-02 2.440300E+00 1.628800E+01 -2.274500E-01 -3.310900E+00 5.130700E+00 -3.491800E-01 -3.080700E+00 -1.308400E-01 -4.721500E-01 -2.535200E-02 -4.780600E-02 7.895500E-02 -5.096300E-02 7.193000E-03 -5.133800E-02 1.294100E-02 -5.571000E-02 -4.001300E-02 6.313100E-04 -7.607100E+00 5.310900E-01 1.592900E-01 -2.018100E-01 -2.524500E+00 -5.910700E+00 -8.012700E-01 1.240100E+00 -2.113300E+00 4.094400E+00 1.141400E-01 8.355200E-02 -1.031200E+00 -3.680800E+00 1.285600E+00 -1.446900E+00 -2.853200E+00 1.005700E+00 3.068700E+00 5.492000E-02 2.989200E-01 1.983900E+00 -3.999800E-02 -3.973200E-01
-8.661200E-04 3.752200E-03 -4.817900E-04 -1.816600E-02 -2.177300E-02 -3.049500E-02 8.662800E+01 6.295400E+01 1.941000E+01 -2.686100E-02 9.265100E-01 -4.888400E-01 8.460100E-03 -2.046600E-02 -1.517200E-05 -1.145900E-03 1.246700E-02 1.892400E-01 8.883800E-02 -1.396200E-01 -2.593900E+00 1.156800E+00 -2.438900E-01 -2.468300E+00 -1.545000E-02 -8.594300E-02 -1.522200E-02 1.807200E-02 3.450800E-02 -2.555500E-02 -8.680600E-03 -2.558500E-02 -7.973100E-03 -3.110400E-02 -2.281900E-02 -1.160000E-02 -1.307200E-01 1.287200E-03 -7.737000E-02 4.445800E-01 -1.714200E-01 -7.193500E-01 -5.269100E-01 2.689600E-01 2.035000E-01 3.368100E-01 9.682800E-02 -7.216200E-02 1.030300E-01 1.795500E-01 3.292400E-01 -6.194300E-01 -3.996300E-01 3.046900E-01 2.812900E-01 5.029800E-02 3.257200E-01 1.344100E+00 -2.228100E-02 -3.632000E-01
-6.289100E-04 2.974500E-03 -4.441300E-04 -1.293800E-02 -1.480500E-02 -2.039500E-02 2.086100E+01 1.941000E+01 3.526400E+01 -5.839100E-01 -4.257900E+00 3.375200E-01 -8.052100E-03 -1.091900E-02 2.552800E-05 -5.162600E-04 -1.542000E-02 -6.266900E-01 3.338100E-01 6.320500E-02 -2.825600E+00 -1.010600E+00 1.015900E-01 -2.567200E+00 -8.105500E-03 6.613200E-02 2.231700E-02 5.093100E-03 1.636000E-02 -1.251000E-02 -2.910100E-02 -1.351100E-02 -2.750800E-02 -4.510500E-03 -1.417800E-02 -2.253100E-02 -3.291900E-01 -4.159700E-01 -1.595800E-01 2.427100E-01 1.391800E+00 2.263200E-01 -1.050000E+00 6.884200E-01 -8.283000E-02 -1.726100E+00 -5.010100E-01 -3.375000E-01 1.218300E-01 -4.930300E-01 7.641300E-02 -4.104000E-01 7.029700E-02 8.562700E-01 7.405300E-01 3.798600E-02 2.470100E-01 9.748200E-01 -1.248700E-02 -2.398300E-01
1.933700E-07 -2.083200E-05 -4.067500E-06 -7.880000E-05 3.119800E-05 -2.183500E-04 -4.766200E-01 -2.686100E-02 -5.839100E-01 4.154500E-01 8.133400E-01 5.415000E-02 -2.351800E-04 -9.174300E-03 4.159200E-06 2.512200E-05 4.219900E-03 -2.529900E-01 -1.613500E-02 -1.253100E-01 -1.375500E-01 -4.969000E-02 -1.607200E-01 -1.712000E-01 2.632200E-02 2.047000E-02 -2.283200E-03 3.398800E-04 -3.299600E-03 2.023100E-04 6.186300E-04 3.247200E-04 6.431800E-04 -4.472800E-04 2.093600E-04 9.940800E-04 -1.407000E-01 8.001500E-02 1.403300E-01 -6.043400E-02 1.775400E-01 1.365400E-01 1.553700E-01 3.524500E-02 1.330600E-02 7.117400E-02 -1.320600E-02 2.269500E-02 5.726400E-02 -3.603200E-02 1.063500E-01 2.384900E-01 7.934700E-02 -3.558000E-02 2.628800E-02 8.611200E-04 4.342100E-04 1.799200E-03 1.060400E-04 -1.873400E-03
-3.001600E-05 8.002000E-05 -2.878200E-05 -6.709000E-04 -6.162500E-04 -1.190200E-03 4.941800E+00 9.265100E-01 -4.257900E+00 8.133400E-01 3.567000E+00 -9.361600E-04 4.680800E-03 8.126200E-03 2.981600E-06 4.621100E-04 1.085900E-03 -4.079300E-01 -3.462100E-02 -2.737800E-01 -2.213500E-01 2.101600E-01 -3.506300E-01 -5.733500E-01 4.207000E-02 1.935200E-02 -1.713600E-02 7.614300E-06 -6.983400E-03 -1.223100E-03 7.642300E-03 -6.056000E-04 7.659300E-03 -3.572500E-03 -2.092400E-04 5.805000E-03 2.476600E-01 2.500100E-01 1.769800E-01 -1.092000E-01 -6.815900E-01 -2.088100E-01 5.275600E-01 -3.215700E-01 1.341700E-01 8.905300E-01 2.064200E-01 1.402800E-01 -2.076600E-02 1.648200E-01 1.650700E-02 1.351400E-01 -6.592500E-02 -5.192500E-01 -3.359600E-01 3.429400E-03 1.616800E-02 3.749500E-02 -4.470300E-04 -1.622800E-02
3.712400E-06 -2.055100E-05 9.755600E-07 2.620400E-05 1.090900E-04 7.015400E-06 -2.108800E+00 -4.888400E-01 3.375200E-01 5.415000E-02 -9.361600E-04 5.982500E-02 -4.373000E-05 3.908000E-03 2.118400E-06 -4.756400E-05 -1.409300E-03 -1.121400E-01 6.200500E-03 -2.375400E-02 -6.054100E-02 -1.442400E-01 -2.186600E-02 -1.146500E-01 5.791900E-03 1.446800E-02 -1.272800E-05 -4.464600E-04 -1.035500E-03 4.368300E-04 -7.874500E-04 3.909200E-04 -7.699600E-04 1.048000E-03 2.401800E-04 -4.167300E-04 4.359700E-02 1.719400E-02 -4.301600E-03 -3.229100E-02 1.500600E-02 2.282000E-02 1.574800E-02 -4.932300E-02 1.301600E-02 -6.301700E-02 2.436900E-02 -7.312400E-04 -1.399300E-02 7.900400E-05 -3.249700E-02 7.893500E-03 5.844100E-03 -3.380600E-02 -3.051600E-02 2.038500E-04 -3.259900E-04 -4.212300E-03 1.606300E-04 2.103900E-04
-2.434500E-07 9.159700E-07 -1.502300E-08 -5.478000E-06 -5.381700E-06 -9.334100E-06 1.449400E-02 8.460100E-03 -8.052100E-03 -2.351800E-04 4.680800E-03 -4.373000E-05 2.904100E-04 -5.249100E-07 7.840400E-08 3.384900E-07 1.641600E-05 1.015500E-04 -4.155200E-05 9.649500E-05 -2.589200E-03 4.311100E-05 6.304200E-05 -2.075200E-03 -2.306300E-06 2.826900E-05 9.375100E-06 -1.475600E-05 3.911600E-05 -6.038100E-06 2.006800E-06 -7.542900E-06 2.834200E-06 -6.709300E-06 -6.136700E-06 4.310700E-06 5.062400E-04 2.921100E-04 -3.555300E-05 2.499400E-04 7.099800E-04 -7.810800E-04 -3.905500E-04 -4.113900E-04 6.711800E-04 -6.734800E-04 7.016800E-04 1.766400E-05 -1.714400E-04 2.869200E-04 3.795600E-04 -5.526900E-04 -8.871300E-04 -4.866900E-04 -9.092900E-04 1.993300E-05 1.073500E-04 3.261800E-04 -5.664600E-06 -1.073600E-04
-2.404600E-07 8.842400E-07 -4.569600E-08 -1.039000E-05 -4.013200E-06 -1.950700E-05 -1.502400E-01 -2.046600E-02 -1.091900E-02 -9.174300E-03 8.126200E-03 3.908000E-03 -5.249100E-07 2.180400E-03 -4.848000E-08 -4.116300E-07 3.902200E-05 -1.561300E-03 1.161800E-03 2.637600E-03 2.548700E-03 -1.272300E-02 3.890500E-03 -1.434900E-02 -3.679500E-04 1.317200E-03 -3.007500E-04 -1.037800E-04 -2.576400E-05 2.399400E-05 3.043400E-05 1.985200E-05 2.434600E-05 1.139800E-04 1.578800E-05 -2.992900E-06 1.163600E-02 6.020900E-03 1.476300E-03 -9.872500E-03 -1.219000E-02 4.621900E-03 1.227000E-02 -6.511200E-03 2.087300E-03 6.328100E-03 3.424200E-03 6.599600E-03 -5.050700E-03 2.280500E-04 -7.498700E-03 4.790100E-03 8.790100E-03 -8.816900E-03 -4.181400E-03 3.739800E-05 3.630600E-04 2.517400E-04 -1.044200E-05 -2.830400E-04
1.419600E-09 -2.839000E-08 2.452000E-09 5.415600E-10 -3.419200E-08 -6.387300E-09 9.103300E-04 -1.517200E-05 2.552800E-05 4.159200E-06 2.981600E-06 2.118400E-06 7.840400E-08 -4.848000E-08 1.544100E-07 4.588600E-09 1.685000E-07 -3.537900E-06 -3.044400E-05 -5.314500E-06 -1.465900E-05 -6.059200E-06 -1.044200E-06 -1.331100E-05 2.107900E-07 4.751100E-07 8.562200E-08 1.552100E-06 6.563400E-07 -4.415500E-08 -6.520500E-08 -2.222800E-08 -2.585800E-08 1.160500E-07 -5.413600E-08 -6.507900E-08 -2.007800E-05 -2.016500E-06 -4.571800E-06 4.754100E-06 -1.710500E-06 2.239200E-06 8.049500E-06 -1.426100E-05 7.433300E-07 -1.229500E-07 5.303400E-06 1.402100E-05 8.181800E-06 8.924900E-06 -3.110100E-06 6.047900E-06 2.293300E-06 -5.714800E-06 -3.255300E-06 -1.632400E-07 2.452200E-06 3.294000E-06 -3.288100E-08 8.810100E-07
-1.426600E-09 4.243400E-08 -1.178400E-08 1.355000E-07 6.725600E-08 5.023800E-07 -6.634700E-04 -1.145900E-03 -5.162600E-04 2.512200E-05 4.621100E-04 -4.756400E-05 3.384900E-07 -4.116300E-07 4.588600E-09 6.286300E-07 1.363500E-06 5.564600E-05 8.105400E-06 3.651800E-06 7.845600E-05 1.403800E-04 -5.399400E-06 3.119400E-05 -1.683600E-06 -8.724400E-06 -1.801400E-06 1.256600E-06 -4.919500E-07 -1.724400E-07 1.924100E-06 -1.626700E-08 1.885800E-06 -7.365400E-07 1.010200E-07 1.272200E-06 3.315500E-05 -4.760900E-05 -3.051700E-05 2.144000E-05 3.486300E-04 2.177800E-05 1.034500E-06 2.047900E-05 1.970300E-05 -2.997700E-04 -1.723700E-05 -5.663500E-05 2.666700E-06 8.389700E-06 5.917100E-05 5.698600E-05 -3.863200E-05 -6.909000E-05 2.020900E-05 -1.103800E-07 -1.090500E-06 -6.668900E-06 1.510800E-07 1.427300E-06
-4.294000E-08 6.400700E-07 -2.001100E-07 -3.438900E-07 -5.114600E-06 -4.773300E-07 1.563600E-02 1.246700E-02 -1.542000E-02 4.219900E-03 1.085900E-03 -1.409300E-03 1.641600E-05 3.902200E-05 1.685000E-07 1.363500E-06 1.407600E-03 4.874000E-03 -7.262000E-04 3.237000E-03 -1.661800E-03 1.620800E-03 1.738400E-03 2.760800E-03 4.816900E-04 8.409400E-04 4.307000E-05 -3.007500E-05 -3.080400E-05 3.252400E-06 1.694100E-05 -5.537600E-07 1.908600E-05 -2.546800E-05 4.177000E-06 4.528200E-05 -7.542700E-03 3.195700E-03 -2.974100E-03 1.004400E-03 -3.721200E-04 9.679300E-03 -6.251200E-03 1.118000E-02 -4.978600E-04 -3.484300E-03 -1.035400E-02 9.624400E-04 -2.763000E-03 -1.054900E-03 -2.639900E-03 -3.062000E-03 1.100300E-02 1.151700E-02 9.350200E-03 1.444400E-06 -3.005000E-05 1.786900E-04 -1.176300E-05 -7.461800E-05
-6.048700E-06 -3.746800E-06 5.408200E-06 -1.520500E-04 -1.538000E-04 -3.684100E-04 2.440300E+00 1.892400E-01 -6.266900E-01 -2.529900E-01 -4.079300E-01 -1.121400E-01 1.015500E-04 -1.561300E-03 -3.537900E-06 5.564600E-05 4.874000E-03 4.099600E-01 -9.279700E-03 3.962500E-02 2.208500E-01 1.349300E-01 5.591800E-02 3.956000E-01 -1.870400E-02 -2.656200E-02 2.766200E-03 -1.531700E-03 2.966700E-04 3.265900E-04 1.643200E-03 3.069400E-04 1.540900E-03 -5.186600E-04 8.677000E-05 1.035900E-03 8.704400E-04 2.323900E-02 -4.687800E-02 -9.076900E-03 -2.268500E-02 6.610700E-02 -3.508300E-02 4.717900E-03 -5.248900E-02 2.227600E-04 -1.272000E-02 -7.209600E-03 -5.117900E-02 4.374700E-02 -2.253100E-02 1.188500E-02 2.483700E-02 5.788500E-02 -3.481300E-02 1.099000E-03 1.139300E-02 1.571000E-02 -3.634000E-04 -7.511700E-03
-2.175200E-05 1.703200E-04 -7.961500E-06 -7.275400E-04 -7.141100E-04 -7.027100E-04 1.628800E+01 8.883800E-02 3.338100E-01 -1.613500E-02 -3.462100E-02 6.200500E-03 -4.155200E-05 1.161800E-03 -3.044400E-05 8.105400E-06 -7.262000E-04 -9.279700E-03 5.932100E-01 -5.427800E-03 -5.047300E-02 -2.857400E-02 1.050100E-03 -3.596100E-02 -4.860300E-04 2.322300E-03 1.007700E-04 6.775400E-04 -4.617300E-04 -2.310700E-04 -4.570300E-04 -3.699200E-04 -3.561600E-04 1.005900E-04 -3.502300E-04 -2.790400E-04 -1.145600E-01 1.158800E-02 9.684500E-03 -7.244000E-03 2.009300E-01 -6.374000E-02 -4.109900E-02 -2.438200E-02 -5.629900E-02 4.433200E-02 6.159700E-02 -4.137500E-02 -3.759100E-02 -1.069200E-01 1.881600E-01 3.965100E-02 -3.205100E-02 2.909100E-02 4.716100E-02 1.356900E-03 5.490100E-03 3.607900E-02 -9.784400E-04 -5.045600E-03
2.489600E-05 -1.009700E-04 1.569800E-05 5.455100E-04 4.527100E-04 9.107200E-04 -2.274500E-01 -1.396200E-01 6.320500E-02 -1.253100E-01 -2.737800E-01 -2.375400E-02 9.649500E-05 2.637600E-03 -5.314500E-06 3.651800E-06 3.237000E-03 3.962500E-02 -5.427800E-03 2.935100E-01 -1.544200E-01 8.052700E-02 1.059500E-01 3.116600E-01 -6.142500E-03 -7.949100E-03 -2.651800E-03 -1.707500E-03 -6.096100E-04 2.051800E-03 -8.921100E-04 2.013600E-03 -7.064400E-04 -3.840100E-05 4.322600E-05 6.083800E-04 0.000000E+00 0.000000E+00 0.000000E+00 0.000000E+00 0.000000E+00 0.000000E+00 0.000000E+00 0.000000E+00 0.000000E+00 0.000000E+00 0.000000E+00 0.000000E+00 0.000000E+00 0.000000E+00 0.000000E+00 0.000000E+00 0.000000E+00 0.000000E+00 0.000000E+00 -2.417000E-03 -1.537400E-02 -4.025200E-02 3.274600E-04 1.253700E-02
1.263200E-04 -5.899600E-04 8.677000E-05 2.331900E-03 2.713800E-03 3.313800E-03 -3.310900E+00 -2.593900E+00 -2.825600E+00 -1.375500E-01 -2.213500E-01 -6.054100E-02 -2.589200E-03 2.548700E-03 -1.465900E-05 7.845600E-05 -1.661800E-03 2.208500E-01 -5.047300E-02 -1.544200E-01 1.333700E+01 9.133700E-02 6.893400E-02 8.740000E-01 -8.678200E-03 -2.571700E-02 -4.409400E-03 1.587400E-02 1.700000E-02 1.604700E-03 5.015400E-02 1.585900E-03 3.846800E-02 1.544900E-03 2.523100E-03 2.921900E-03 0.000000E+00 0.000000E+00 0.000000E+00 0.000000E+00 0.000000E+00 0.000000E+00 0.000000E+00 0.000000E+00 0.000000E+00 0.000000E+00 0.000000E+00 0.000000E+00 0.000000E+00 0.000000E+00 0.000000E+00 0.000000E+00 0.000000E+00 0.000000E+00 0.000000E+00 -1.032400E-02 -5.191700E-02 -2.072400E-01 1.474500E-03 5.830900E-02
9.801400E-06 -5.156100E-05 8.464800E-06 3.881000E-04 2.661400E-04 6.737700E-04 5.130700E+00 1.156800E+00 -1.010600E+00 -4.969000E-02 2.101600E-01 -1.442400E-01 4.311100E-05 -1.272300E-02 -6.059200E-06 1.403800E-04 1.620800E-03 1.349300E-01 -2.857400E-02 8.052700E-02 9.133700E-02 2.061800E+00 6.498100E-02 1.518900E-01 -8.313200E-02 -1.064200E-01 -1.679000E-03 4.763300E-03 -1.758500E-05 -1.266200E-03 1.762600E-03 -1.207700E-03 1.763400E-03 -2.930400E-04 1.095400E-04 1.244800E-03 0.000000E+00 0.000000E+00 0.000000E+00 0.000000E+00 0.000000E+00 0.000000E+00 0.000000E+00 0.000000E+00 0.000000E+00 0.000000E+00 0.000000E+00 0.000000E+00 0.000000E+00 0.000000E+00 0.000000E+00 0.000000E+00 0.000000E+00 0.000000E+00 0.000000E+00 -2.228800E-03 -1.575300E-02 -2.455000E-02 -9.530600E-05 9.522100E-03
2.428100E-05 -8.136100E-05 1.261600E-05 5.880900E-04 4.229100E-04 1.047700E-03 -3.491800E-01 -2.438900E-01 1.015900E-01 -1.607200E-01 -3.506300E-01 -2.186600E-02 6.304200E-05 3.890500E-03 -1.044200E-06 -5.399400E-06 1.738400E-03 5.591800E-02 1.050100E-03 1.059500E-01 6.893400E-02 6.498100E-02 2.150800E-01 1.167200E-01 -8.080000E-03 -5.537700E-03 1.369700E-04 7.518500E-04 1.222100E-03 -1.104600E-04 -4.321100E-04 -1.469000E-04 -4.124800E-04 3.093700E-04 -8.543500E-05 -2.208300E-04 0.000000E+00 0.000000E+00 0.000000E+00 0.000000E+00 0.000000E+00 0.000000E+00 0.000000E+00 0.000000E+00 0.000000E+00 0.000000E+00 0.000000E+00 0.000000E+00 0.000000E+00 0.000000E+00 0.000000E+00 0.000000E+00 0.000000E+00 0.000000E+00 0.000000E+00 -3.069400E-03 -1.844700E-02 -4.503800E-02 3.887800E-04 1.436100E-02
1.386500E-04 -6.417400E-04 1.152000E-04 2.934600E-03 2.586800E-03 4.573300E-03 -3.080700E+00 -2.468300E+00 -2.567200E+00 -1.712000E-01 -5.733500E-01 -1.146500E-01 -2.075200E-03 -1.434900E-02 -1.331100E-05 3.119400E-05 2.760800E-03 3.956000E-01 -3.596100E-02 3.116600E-01 8.740000E-01 1.518900E-01 1.167200E-01 1.194200E+01 -1.529600E-02 -6.707100E-02 -1.121700E-02 2.165000E-03 -7.547900E-04 3.983400E-03 3.030500E-03 4.017900E-03 2.529600E-03 2.306600E-03 4.910100E-03 2.860300E-02 0.000000E+00 0.000000E+00 0.000000E+00 0.000000E+00 0.000000E+00 0.000000E+00 0.000000E+00 0.000000E+00 0.000000E+00 0.000000E+00 0.000000E+00 0.000000E+00 0.000000E+00 0.000000E+00 0.000000E+00 0.000000E+00 0.000000E+00 0.000000E+00 0.000000E+00 -1.246600E-02 -6.749900E-02 -2.057300E-01 1.712400E-03 5.954700E-02
-2.979900E-08 3.289200E-09 -3.478900E-07 -7.455400E-06 -2.030200E-06 -1.505000E-05 -1.308400E-01 -1.545000E-02 -8.105500E-03 2.632200E-02 4.207000E-02 5.791900E-03 -2.306300E-06 -3.679500E-04 2.107900E-07 -1.683600E-06 4.816900E-04 -1.870400E-02 -4.860300E-04 -6.142500E-03 -8.678200E-03 -8.313200E-02 -8.080000E-03 -1.529600E-02 7.167400E-03 5.974600E-03 -1.628000E-04 -8.576500E-05 -7.384300E-05 2.146900E-05 -9.295900E-06 2.536000E-05 -1.080200E-05 -6.693400E-05 -1.772900E-05 1.965800E-05 0.000000E+00 0.000000E+00 0.000000E+00 0.000000E+00 0.000000E+00 0.000000E+00 0.000000E+00 0.000000E+00 0.000000E+00 0.000000E+00 0.000000E+00 0.000000E+00 0.000000E+00 0.000000E+00 0.000000E+00 0.000000E+00 0.000000E+00 0.000000E+00 0.000000E+00 5.924400E-05 1.721700E-04 4.656900E-04 1.180700E-05 -1.392000E-04
-4.026700E-07 1.843500E-06 -8.519900E-07 -2.008800E-05 -5.447300E-06 -3.622200E-05 -4.721500E-01 -8.594300E-02 6.613200E-02 2.047000E-02 1.935200E-02 1.446800E-02 2.826900E-05 1.317200E-03 4.751100E-07 -8.724400E-06 8.409400E-04 -2.656200E-02 2.322300E-03 -7.949100E-03 -2.571700E-02 -1.064200E-01 -5.537700E-03 -6.707100E-02 5.974600E-03 1.221300E-02 1.097600E-04 5.044200E-05 -1.319000E-04 5.990400E-05 -1.621200E-04 6.511100E-05 -1.550400E-04 8.998600E-05 1.033700E-05 -2.892000E-04 0.000000E+00 0.000000E+00 0.000000E+00 0.000000E+00 0.000000E+00 0.000000E+00 0.000000E+00 0.000000E+00 0.000000E+00 0.000000E+00 0.000000E+00 0.000000E+00 0.000000E+00 0.000000E+00 0.000000E+00 0.000000E+00 0.000000E+00 0.000000E+00 0.000000E+00 1.153100E-04 5.086400E-04 4.276500E-04 8.993500E-06 -5.378900E-04
4.625300E-08 -3.701400E-08 1.090100E-07 6.662000E-07 1.361700E-06 9.475200E-07 -2.535200E-02 -1.522200E-02 2.231700E-02 -2.283200E-03 -1.713600E-02 -1.272800E-05 9.375100E-06 -3.007500E-04 8.562200E-08 -1.801400E-06 4.307000E-05 2.766200E-03 1.007700E-04 -2.651800E-03 -4.409400E-03 -1.679000E-03 1.369700E-04 -1.121700E-02 -1.628000E-04 1.097600E-04 3.388100E-04 3.607400E-05 3.153100E-05 -3.355000E-07 -4.767000E-05 7.700400E-07 -4.364000E-05 2.527200E-05 5.543700E-06 -7.299100E-05 0.000000E+00 0.000000E+00 0.000000E+00 0.000000E+00 0.000000E+00 0.000000E+00 0.000000E+00 0.000000E+00 0.000000E+00 0.000000E+00 0.000000E+00 0.000000E+00 0.000000E+00 0.000000E+00 0.000000E+00 0.000000E+00 0.000000E+00 0.000000E+00 0.000000E+00 7.143400E-06 4.377500E-05 1.347000E-04 2.482600E-06 -1.077300E-05
-1.136800E-07 1.183400E-06 6.119300E-07 6.379400E-06 -5.249500E-06 1.933900E-05 -4.780600E-02 1.807200E-02 5.093100E-03 3.398800E-04 7.614300E-06 -4.464600E-04 -1.475600E-05 -1.037800E-04 1.552100E-06 1.256600E-06 -3.007500E-05 -1.531700E-03 6.775400E-04 -1.707500E-03 1.587400E-02 4.763300E-03 7.518500E-04 2.165000E-03 -8.576500E-05 5.044200E-05 3.607400E-05 3.982900E-02 6.465900E-05 3.056000E-04 1.361800E-04 -6.489100E-05 5.201100E-05 1.690300E-05 -2.073100E-05 -7.089300E-05 0.000000E+00 0.000000E+00 0.000000E+00 0.000000E+00 0.000000E+00 0.000000E+00 0.000000E+00 0.000000E+00 0.000000E+00 0.000000E+00 0.000000E+00 0.000000E+00 0.000000E+00 0.000000E+00 0.000000E+00 0.000000E+00 0.000000E+00 0.000000E+00 0.000000E+00 -6.628900E-05 6.804700E-04 -1.038400E-03 -6.041200E-06 -3.824000E-04
-1.316900E-07 -3.901800E-06 -4.955200E-07 3.948400E-06 5.578600E-06 -1.448900E-06 7.895500E-02 3.450800E-02 1.636000E-02 -3.299600E-03 -6.983400E-03 -1.035500E-03 3.911600E-05 -2.576400E-05 6.563400E-07 -4.919500E-07 -3.080400E-05 2.966700E-04 -4.617300E-04 -6.096100E-04 1.700000E-02 -1.758500E-05 1.222100E-03 -7.547900E-04 -7.384300E-05 -1.319000E-04 3.153100E-05 6.465900E-05 3.967000E-02 -9.091400E-05 6.877500E-05 2.700400E-04 1.369600E-04 -7.405200E-05 -2.143100E-05 -1.240800E-05 0.000000E+00 0.000000E+00 0.000000E+00 0.000000E+00 0.000000E+00 0.000000E+00 0.000000E+00 0.000000E+00 0.000000E+00 0.000000E+00 0.000000E+00 0.000000E+00 0.000000E+00 0.000000E+00 0.000000E+00 0.000000E+00 0.000000E+00 0.000000E+00 0.000000E+00 -4.764100E-05 1.237800E-03 -6.124800E-04 -3.769700E-05 -9.905400E-05
9.026200E-07 -4.496300E-06 6.412800E-07 1.767900E-05 1.792700E-05 2.566800E-05 -5.096300E-02 -2.555500E-02 -1.251000E-02 2.023100E-04 -1.223100E-03 4.368300E-04 -6.038100E-06 2.399400E-05 -4.415500E-08 -1.724400E-07 3.252400E-06 3.265900E-04 -2.310700E-04 2.051800E-03 1.604700E-03 -1.266200E-03 -1.104600E-04 3.983400E-03 2.146900E-05 5.990400E-05 -3.355000E-07 3.056000E-04 -9.091400E-05 1.547100E-04 4.570700E-06 5.480600E-05 1.085200E-05 2.923800E-05 1.986500E-05 1.799100E-05 0.000000E+00 0.000000E+00 0.000000E+00 0.000000E+00 0.000000E+00 0.000000E+00 0.000000E+00 0.000000E+00 0.000000E+00 0.000000E+00 0.000000E+00 0.000000E+00 0.000000E+00 0.000000E+00 0.000000E+00 0.000000E+00 0.000000E+00 0.000000E+00 0.000000E+00 -5.558800E-05 -3.632200E-04 -1.306500E-03 1.558600E-05 3.433200E-04
5.550400E-07 -3.008500E-06 4.583800E-07 1.032700E-05 1.135400E-05 1.337200E-05 7.193000E-03 -8.680600E-03 -2.910100E-02 6.186300E-04 7.642300E-03 -7.874500E-04 2.006800E-06 3.043400E-05 -6.520500E-08 1.924100E-06 1.694100E-05 1.643200E-03 -4.570300E-04 -8.921100E-04 5.015400E-02 1.762600E-03 -4.321100E-04 3.030500E-03 -9.295900E-06 -1.621200E-04 -4.767000E-05 1.361800E-04 6.877500E-05 4.570700E-06 3.457600E-04 1.313500E-05 1.758800E-04 -1.586200E-06 1.293000E-05 2.860100E-05 0.000000E+00 0.000000E+00 0.000000E+00 0.000000E+00 0.000000E+00 0.000000E+00 0.000000E+00 0.000000E+00 0.000000E+00 0.000000E+00 0.000000E+00 0.000000E+00 0.000000E+00 0.000000E+00 0.000000E+00 0.000000E+00 0.000000E+00 0.000000E+00 0.000000E+00 -3.360600E-05 -1.541200E-04 -8.018000E-04 4.243800E-06 2.212200E-04
8.870000E-07 -4.423200E-06 6.468300E-07 2.015600E-05 1.815000E-05 3.060400E-05 -5.133800E-02 -2.558500E-02 -1.351100E-02 3.247200E-04 -6.056000E-04 3.909200E-04 -7.542900E-06 1.985200E-05 -2.222800E-08 -1.626700E-08 -5.537600E-07 3.069400E-04 -3.699200E-04 2.013600E-03 1.585900E-03 -1.207700E-03 -1.469000E-04 4.017900E-03 2.536000E-05 6.511100E-05 7.700400E-07 -6.489100E-05 2.700400E-04 5.480600E-05 1.313500E-05 1.234600E-04 9.970300E-06 2.796500E-05 1.971300E-05 1.960700E-05 0.000000E+00 0.000000E+00 0.000000E+00 0.000000E+00 0.000000E+00 0.000000E+00 0.000000E+00 0.000000E+00 0.000000E+00 0.000000E+00 0.000000E+00 0.000000E+00 0.000000E+00 0.000000E+00 0.000000E+00 0.000000E+00 0.000000E+00 0.000000E+00 0.000000E+00 -4.705900E-05 -3.654000E-04 -1.264200E-03 1.536700E-05 3.258700E-04
5.062500E-07 -2.845600E-06 3.711900E-07 1.066300E-05 1.053600E-05 1.475000E-05 1.294100E-02 -7.973100E-03 -2.750800E-02 6.431800E-04 7.659300E-03 -7.699600E-04 2.834200E-06 2.434600E-05 -2.585800E-08 1.885800E-06 1.908600E-05 1.540900E-03 -3.561600E-04 -7.064400E-04 3.846800E-02 1.763400E-03 -4.124800E-04 2.529600E-03 -1.080200E-05 -1.550400E-04 -4.364000E-05 5.201100E-05 1.369600E-04 1.085200E-05 1.758800E-04 9.970300E-06 2.107400E-04 -5.539100E-06 1.107300E-05 3.043500E-05 0.000000E+00 0.000000E+00 0.000000E+00 0.000000E+00 0.000000E+00 0.000000E+00 0.000000E+00 0.000000E+00 0.000000E+00 0.000000E+00 0.000000E+00 0.000000E+00 0.000000E+00 0.000000E+00 0.000000E+00 0.000000E+00 0.000000E+00 0.000000E+00 0.000000E+00 -3.287100E-05 -1.926000E-04 -7.483400E-04 4.839500E-06 1.816100E-04
8.837900E-07 -3.591000E-06 7.015700E-07 2.143300E-05 1.782300E-05 3.535800E-05 -5.571000E-02 -3.110400E-02 -4.510500E-03 -4.472800E-04 -3.572500E-03 1.048000E-03 -6.709300E-06 1.139800E-04 1.160500E-07 -7.365400E-07 -2.546800E-05 -5.186600E-04 1.005900E-04 -3.840100E-05 1.544900E-03 -2.930400E-04 3.093700E-04 2.306600E-03 -6.693400E-05 8.998600E-05 2.527200E-05 1.690300E-05 -7.405200E-05 2.923800E-05 -1.586200E-06 2.796500E-05 -5.539100E-06 4.022300E-04 3.612200E-05 9.813900E-06 0.000000E+00 0.000000E+00 0.000000E+00 0.000000E+00 0.000000E+00 0.000000E+00 0.000000E+00 0.000000E+00 0.000000E+00 0.000000E+00 0.000000E+00 0.000000E+00 0.000000E+00 0.000000E+00 0.000000E+00 0.000000E+00 0.000000E+00 0.000000E+00 0.000000E+00 -5.130500E-05 -3.948900E-04 -1.290100E-03 1.626000E-05 3.477200E-04
8.636600E-07 -4.360100E-06 6.346600E-07 1.790300E-05 1.888000E-05 2.648300E-05 -4.001300E-02 -2.281900E-02 -1.417800E-02 2.093600E-04 -2.092400E-04 2.401800E-04 -6.136700E-06 1.578800E-05 -5.413600E-08 1.010200E-07 4.177000E-06 8.677000E-05 -3.502300E-04 4.322600E-05 2.523100E-03 1.095400E-04 -8.543500E-05 4.910100E-03 -1.772900E-05 1.033700E-05 5.543700E-06 -2.073100E-05 -2.143100E-05 1.986500E-05 1.293000E-05 1.971300E-05 1.107300E-05 3.612200E-05 9.286300E-05 2.899500E-05 0.000000E+00 0.000000E+00 0.000000E+00 0.000000E+00 0.000000E+00 0.000000E+00 0.000000E+00 0.000000E+00 0.000000E+00 0.000000E+00 0.000000E+00 0.000000E+00 0.000000E+00 0.000000E+00 0.000000E+00 0.000000E+00 0.000000E+00 0.000000E+00 0.000000E+00 -5.637600E-05 -3.519800E-04 -1.276100E-03 1.455300E-05 3.466500E-04
6.216100E-07 -2.913900E-06 5.243600E-07 1.196300E-05 1.132200E-05 1.803100E-05 6.313100E-04 -1.160000E-02 -2.253100E-02 9.940800E-04 5.805000E-03 -4.167300E-04 4.310700E-06 -2.992900E-06 -6.507900E-08 1.272200E-06 4.528200E-05 1.035900E-03 -2.790400E-04 6.083800E-04 2.921900E-03 1.244800E-03 -2.208300E-04 2.860300E-02 1.965800E-05 -2.892000E-04 -7.299100E-05 -7.089300E-05 -1.240800E-05 1.799100E-05 2.860100E-05 1.960700E-05 3.043500E-05 9.813900E-06 2.899500E-05 4.840800E-04 0.000000E+00 0.000000E+00 0.000000E+00 0.000000E+00 0.000000E+00 0.000000E+00 0.000000E+00 0.000000E+00 0.000000E+00 0.000000E+00 0.000000E+00 0.000000E+00 0.000000E+00 0.000000E+00 0.000000E+00 0.000000E+00 0.000000E+00 0.000000E+00 0.000000E+00 -4.445200E-05 -2.302000E-04 -8.763300E-04 7.049800E-06 2.365700E-04
-1.631300E-05 3.620200E-05 9.706200E-06 -1.201200E-04 -3.021800E-04 -1.412600E-04 -7.607100E+00 -1.307200E-01 -3.291900E-01 -1.407000E-01 2.476600E-01 4.359700E-02 5.062400E-04 1.163600E-02 -2.007800E-05 3.315500E-05 -7.542700E-03 8.704400E-04 -1.145600E-01 0.000000E+00 0.000000E+00 0.000000E+00 0.000000E+00 0.000000E+00 0.000000E+00 0.000000E+00 0.000000E+00 0.000000E+00 0.000000E+00 0.000000E+00 0.000000E+00 0.000000E+00 0.000000E+00 0.000000E+00 0.000000E+00 0.000000E+00 8.538700E-01 -5.835700E-03 1.785300E-02 1.133000E-02 -1.453100E-01 2.210500E-01 4.365800E-02 8.428100E-03 3.074500E-02 -1.470300E-01 -5.719200E-03 2.172200E-02 -6.703600E-03 1.616500E-01 -2.394500E-01 3.619500E-02 1.405000E-01 4.008900E-02 -1.613300E-01 0.000000E+00 0.000000E+00 0.000000E+00 0.000000E+00 0.000000E+00
-4.871400E-06 -1.864100E-05 4.218400E-07 -3.240600E-04 -2.260700E-04 -7.116700E-04 5.310900E-01 1.287200E-03 -4.159700E-01 8.001500E-02 2.500100E-01 1.719400E-02 2.921100E-04 6.020900E-03 -2.016500E-06 -4.760900E-05 3.195700E-03 2.323900E-02 1.158800E-02 0.000000E+00 0.000000E+00 0.000000E+00 0.000000E+00 0.000000E+00 0.000000E+00 0.000000E+00 0.000000E+00 0.000000E+00 0.000000E+00 0.000000E+00 0.000000E+00 0.000000E+00 0.000000E+00 0.000000E+00 0.000000E+00 0.000000E+00 -5.835700E-03 9.584900E-01 -1.042900E-02 -2.303900E-02 -5.678000E-02 -2.298500E-02 1.701200E-01 -4.306800E-02 7.797000E-02 -2.271500E-03 4.690200E-02 -2.232900E-02 -1.826000E-02 7.732700E-02 -5.996800E-02 2.922300E-02 1.638600E-02 -1.921100E-01 7.513500E-02 0.000000E+00 0.000000E+00 0.000000E+00 0.000000E+00 0.000000E+00
-5.741100E-06 2.677200E-05 -1.112000E-05 -1.144200E-04 -4.490100E-05 -1.480900E-04 1.592900E-01 -7.737000E-02 -1.595800E-01 1.403300E-01 1.769800E-01 -4.301600E-03 -3.555300E-05 1.476300E-03 -4.571800E-06 -3.051700E-05 -2.974100E-03 -4.687800E-02 9.684500E-03 0.000000E+00 0.000000E+00 0.000000E+00 0.000000E+00 0.000000E+00 0.000000E+00 0.000000E+00 0.000000E+00 0.000000E+00 0.000000E+00 0.000000E+00 0.000000E+00 0.000000E+00 0.000000E+00 0.000000E+00 0.000000E+00 0.000000E+00 1.785300E-02 -1.042900E-02 1.017400E+00 -8.803000E-05 5.411900E-02 -5.177200E-02 7.750000E-02 -9.733300E-02 5.944200E-02 8.067900E-02 1.041700E-01 4.756200E-02 1.672700E-01 -9.055600E-02 9.099300E-02 4.330400E-02 3.528700E-02 -1.065900E-01 6.144100E-02 0.000000E+00 0.000000E+00 0.000000E+00 0.000000E+00 0.000000E+00
-4.021000E-07 -1.969600E-05 -1.743400E-06 4.907000E-05 1.367500E-04 1.406000E-04 -2.018100E-01 4.445800E-01 2.427100E-01 -6.043400E-02 -1.092000E-01 -3.229100E-02 2.499400E-04 -9.872500E-03 4.754100E-06 2.144000E-05 1.004400E-03 -9.076900E-03 -7.244000E-03 0.000000E+00 0.000000E+00 0.000000E+00 0.000000E+00 0.000000E+00 0.000000E+00 0.000000E+00 0.000000E+00 0.000000E+00 0.000000E+00 0.000000E+00 0.000000E+00 0.000000E+00 0.000000E+00 0.000000E+00 0.000000E+00 0.000000E+00 1.133000E-02 -2.303900E-02 -8.803000E-05 1.041400E+00 3.628400E-02 6.357000E-02 -5.152600E-02 2.799600E-02 8.606300E-02 5.143500E-02 -1.081200E-01 -9.576900E-02 8.036500E-02 8.852200E-02 8.934800E-02 -8.938500E-02 9.701600E-02 -3.180200E-02 -2.356400E-02 0.000000E+00 0.000000E+00 0.000000E+00 0.000000E+00 0.000000E+00
-6.012600E-07 7.986200E-05 -1.397900E-05 2.404500E-05 2.582300E-04 5.462300E-04 -2.524500E+00 -1.714200E-01 1.391800E+00 1.775400E-01 -6.815900E-01 1.500600E-02 7.099800E-04 -1.219000E-02 -1.710500E-06 3.486300E-04 -3.721200E-04 -2.268500E-02 2.009300E-01 0.000000E+00 0.000000E+00 0.000000E+00 0.000000E+00 0.000000E+00 0.000000E+00 0.000000E+00 0.000000E+00 0.000000E+00 0.000000E+00 0.000000E+00 0.000000E+00 0.000000E+00 0.000000E+00 0.000000E+00 0.000000E+00 0.000000E+00 -1.453100E-01 -5.678000E-02 5.411900E-02 3.628400E-02 8.042200E-01 -3.634900E-02 -1.283700E-02 -7.844000E-03 -1.096900E-02 6.065700E-02 1.213700E-01 -9.044700E-02 1.636700E-02 -4.173800E-02 6.375500E-01 2.208900E-01 -6.209700E-02 -3.121800E-02 9.433900E-02 0.000000E+00 0.000000E+00 0.000000E+00 0.000000E+00 0.000000E+00
-3.982100E-07 -3.315600E-05 3.293600E-06 9.732800E-05 -3.443100E-05 1.342000E-04 -5.910700E+00 -7.193500E-01 2.263200E-01 1.365400E-01 -2.088100E-01 2.282000E-02 -7.810800E-04 4.621900E-03 2.239200E-06 2.177800E-05 9.679300E-03 6.610700E-02 -6.374000E-02 0.000000E+00 0.000000E+00 0.000000E+00 0.000000E+00 0.000000E+00 0.000000E+00 0.000000E+00 0.000000E+00 0.000000E+00 0.000000E+00 0.000000E+00 0.000000E+00 0.000000E+00 0.000000E+00 0.000000E+00 0.000000E+00 0.000000E+00 2.210500E-01 -2.298500E-02 -5.177200E-02 6.357000E-02 -3.634900E-02 9.790700E-01 5.731000E-02 -3.623700E-02 4.293200E-03 5.057800E-02 2.455100E-02 -2.321500E-02 1.558700E-02 2.013800E-01 -1.049400E-01 2.756400E-01 7.746200E-01 2.498100E-01 -2.030600E-01 0.000000E+00 0.000000E+00 0.000000E+00 0.000000E+00 0.000000E+00
4.400100E-06 3.496800E-05 -1.010800E-05 -3.251200E-05 -7.878000E-05 -6.022500E-05 -8.012700E-01 -5.269100E-01 -1.050000E+00 1.553700E-01 5.275600E-01 1.574800E-02 -3.905500E-04 1.227000E-02 8.049500E-06 1.034500E-06 -6.251200E-03 -3.508300E-02 -4.109900E-02 0.000000E+00 0.000000E+00 0.000000E+00 0.000000E+00 0.000000E+00 0.000000E+00 0.000000E+00 0.000000E+00 0.000000E+00 0.000000E+00 0.000000E+00 0.000000E+00 0.000000E+00 0.000000E+00 0.000000E+00 0.000000E+00 0.000000E+00 4.365800E-02 1.701200E-01 7.750000E-02 -5.152600E-02 -1.283700E-02 5.731000E-02 9.672200E-01 1.469000E-02 -2.047000E-02 6.765900E-02 -6.242900E-02 1.319200E-01 1.559300E-01 -1.944600E-01 -2.096800E-01 6.246700E-01 1.931800E-01 -5.767200E-01 1.950900E-01 0.000000E+00 0.000000E+00 0.000000E+00 0.000000E+00 0.000000E+00
6.301200E-06 -3.410600E-05 6.365400E-06 1.278000E-04 1.667500E-04 1.466000E-04 1.240100E+00 2.689600E-01 6.884200E-01 3.524500E-02 -3.215700E-01 -4.932300E-02 -4.113900E-04 -6.511200E-03 -1.426100E-05 2.047900E-05 1.118000E-02 4.717900E-03 -2.438200E-02 0.000000E+00 0.000000E+00 0.000000E+00 0.000000E+00 0.000000E+00 0.000000E+00 0.000000E+00 0.000000E+00 0.000000E+00 0.000000E+00 0.000000E+00 0.000000E+00 0.000000E+00 0.000000E+00 0.000000E+00 0.000000E+00 0.000000E+00 8.428100E-03 -4.306800E-02 -9.733300E-02 2.799600E-02 -7.844000E-03 -3.623700E-02 1.469000E-02 9.459300E-01 2.745100E-02 -2.133000E-04 -5.601200E-02 -1.650900E-01 -5.834400E-04 -7.672800E-02 -5.253800E-02 7.217500E-02 -8.050400E-02 2.582800E-01 6.244400E-01 0.000000E+00 0.000000E+00 0.000000E+00 0.000000E+00 0.000000E+00
1.027000E-05 -6.985300E-05 3.125200E-06 2.552900E-04 1.192400E-04 3.568400E-04 -2.113300E+00 2.035000E-01 -8.283000E-02 1.330600E-02 1.341700E-01 1.301600E-02 6.711800E-04 2.087300E-03 7.433300E-07 1.970300E-05 -4.978600E-04 -5.248900E-02 -5.629900E-02 0.000000E+00 0.000000E+00 0.000000E+00 0.000000E+00 0.000000E+00 0.000000E+00 0.000000E+00 0.000000E+00 0.000000E+00 0.000000E+00 0.000000E+00 0.000000E+00 0.000000E+00 0.000000E+00 0.000000E+00 0.000000E+00 0.000000E+00 3.074500E-02 7.797000E-02 5.944200E-02 8.606300E-02 -1.096900E-02 4.293200E-03 -2.047000E-02 2.745100E-02 9.945100E-01 -8.127700E-02 3.069000E-02 3.058600E-02 1.396100E-01 8.320600E-03 1.099400E-01 -5.892000E-01 3.902300E-01 -3.377500E-01 2.524500E-01 0.000000E+00 0.000000E+00 0.000000E+00 0.000000E+00 0.000000E+00
-5.037300E-06 7.571500E-06 -5.973500E-06 -2.054800E-04 -8.818500E-06 -3.966700E-04 4.094400E+00 3.368100E-01 -1.726100E+00 7.117400E-02 8.905300E-01 -6.301700E-02 -6.734800E-04 6.328100E-03 -1.229500E-07 -2.997700E-04 -3.484300E-03 2.227600E-04 4.433200E-02 0.000000E+00 0.000000E+00 0.000000E+00 0.000000E+00 0.000000E+00 0.000000E+00 0.000000E+00 0.000000E+00 0.000000E+00 0.000000E+00 0.000000E+00 0.000000E+00 0.000000E+00 0.000000E+00 0.000000E+00 0.000000E+00 0.000000E+00 -1.470300E-01 -2.271500E-03 8.067900E-02 5.143500E-02 6.065700E-02 5.057800E-02 6.765900E-02 -2.133000E-04 -8.127700E-02 8.635800E-01 -1.914900E-02 -2.251700E-02 -6.608100E-03 -2.832000E-02 5.903000E-01 1.696000E-01 1.275100E-01 6.379400E-02 -4.750900E-02 0.000000E+00 0.000000E+00 0.000000E+00 0.000000E+00 0.000000E+00
-1.930800E-06 -1.130700E-05 5.970300E-06 -1.082900E-04 -4.374400E-05 -2.171300E-04 1.141400E-01 9.682800E-02 -5.010100E-01 -1.320600E-02 2.064200E-01 2.436900E-02 7.016800E-04 3.424200E-03 5.303400E-06 -1.723700E-05 -1.035400E-02 -1.272000E-02 6.159700E-02 0.000000E+00 0.000000E+00 0.000000E+00 0.000000E+00 0.000000E+00 0.000000E+00 0.000000E+00 0.000000E+00 0.000000E+00 0.000000E+00 0.000000E+00 0.000000E+00 0.000000E+00 0.000000E+00 0.000000E+00 0.000000E+00 0.000000E+00 -5.719200E-03 4.690200E-02 1.041700E-01 -1.081200E-01 1.213700E-01 2.455100E-02 -6.242900E-02 -5.601200E-02 3.069000E-02 -1.914900E-02 9.280600E-01 3.414400E-02 -5.152000E-02 -2.113400E-02 7.368300E-02 1.758700E-01 1.825900E-02 1.996100E-01 2.047300E-01 0.000000E+00 0.000000E+00 0.000000E+00 0.000000E+00 0.000000E+00
-3.371400E-06 6.117900E-05 -9.624400E-06 -2.927700E-04 -2.179000E-04 -4.303700E-04 8.355200E-02 -7.216200E-02 -3.375000E-01 2.269500E-02 1.402800E-01 -7.312400E-04 1.766400E-05 6.599600E-03 1.402100E-05 -5.663500E-05 9.624400E-04 -7.209600E-03 -4.137500E-02 0.000000E+00 0.000000E+00 0.000000E+00 0.000000E+00 0.000000E+00 0.000000E+00 0.000000E+00 0.000000E+00 0.000000E+00 0.000000E+00 0.000000E+00 0.000000E+00 0.000000E+00 0.000000E+00 0.000000E+00 0.000000E+00 0.000000E+00 2.172200E-02 -2.232900E-02 4.756200E-02 -9.576900E-02 -9.044700E-02 -2.321500E-02 1.319200E-01 -1.650900E-01 3.058600E-02 -2.251700E-02 3.414400E-02 1.008400E+00 -1.110600E-02 -1.045400E-02 -1.233900E-01 5.958200E-02 1.836800E-01 4.428500E-02 -9.230100E-02 0.000000E+00 0.000000E+00 0.000000E+00 0.000000E+00 0.000000E+00
3.897300E-06 -7.470600E-05 -4.309800E-08 3.478100E-04 2.219900E-04 5.536500E-04 -1.031200E+00 1.030300E-01 1.218300E-01 5.726400E-02 -2.076600E-02 -1.399300E-02 -1.714400E-04 -5.050700E-03 8.181800E-06 2.666700E-06 -2.763000E-03 -5.117900E-02 -3.759100E-02 0.000000E+00 0.000000E+00 0.000000E+00 0.000000E+00 0.000000E+00 0.000000E+00 0.000000E+00 0.000000E+00 0.000000E+00 0.000000E+00 0.000000E+00 0.000000E+00 0.000000E+00 0.000000E+00 0.000000E+00 0.000000E+00 0.000000E+00 -6.703600E-03 -1.826000E-02 1.672700E-01 8.036500E-02 1.636700E-02 1.558700E-02 1.559300E-01 -5.834400E-04 1.396100E-01 -6.608100E-03 -5.152000E-02 -1.110600E-02 1.000500E+00 -4.024700E-02 -1.441800E-02 3.657800E-02 1.603700E-01 -2.530100E-01 1.522700E-01 0.000000E+00 0.000000E+00 0.000000E+00 0.000000E+00 0.000000E+00
