# omegabh2 omegadmh2 theta tau fnu yhe deltazrei ns nrun logA r
    0.29401E-07   -0.19470E-06    0.61392E-07    0.13102E-06   -0.71575E-06    0.13144E-05    0.46198E-05    0.86524E-06    0.26074E-06    0.31729E-06    0.22527E-06
   -0.19470E-06    0.35088E-05   -0.43194E-06   -0.13977E-05    0.16780E-04   -0.59311E-05   -0.66939E-04   -0.64021E-05   -0.73713E-06   -0.86168E-06   -0.23048E-05
    0.61392E-07   -0.43194E-06    0.21782E-06    0.12075E-06   -0.16033E-05    0.44785E-05    0.78852E-05    0.28588E-05    0.16336E-05    0.42228E-06   -0.62141E-06
    0.13102E-06   -0.13977E-05    0.12075E-06    0.13033E-04   -0.45002E-05   -0.40437E-06   -0.23036E-04    0.21124E-05   -0.47005E-05    0.25349E-04   -0.28745E-05
   -0.71575E-06    0.16780E-04   -0.16033E-05   -0.45002E-05    0.10953E-03   -0.18956E-04   -0.21314E-03   -0.18600E-04    0.15695E-05   -0.75841E-05   -0.15731E-05
    0.13144E-05   -0.59311E-05    0.44785E-05   -0.40437E-06   -0.18956E-04    0.12095E-03   -0.74542E-04    0.69272E-04    0.46082E-04    0.86809E-05   -0.26155E-04
    0.46198E-05   -0.66939E-04    0.78852E-05   -0.23036E-04   -0.21314E-03   -0.74542E-04    0.41431E+00   -0.75729E-04    0.13799E-03   -0.10967E-03    0.19457E-02
    0.86524E-06   -0.64021E-05    0.28588E-05    0.21124E-05   -0.18600E-04    0.69272E-04   -0.75729E-04    0.47566E-04    0.24752E-04    0.37635E-05   -0.15260E-05
    0.26074E-06   -0.73713E-06    0.16336E-05   -0.47005E-05    0.15695E-05    0.46082E-04    0.13799E-03    0.24752E-04    0.36436E-04   -0.99926E-05   -0.43486E-04
    0.31729E-06   -0.86168E-06    0.42228E-06    0.25349E-04   -0.75841E-05    0.86809E-05   -0.10967E-03    0.37635E-05   -0.99926E-05    0.57515E-04   -0.92166E-05
    0.22527E-06   -0.23048E-05   -0.62141E-06   -0.28745E-05   -0.15731E-05   -0.26155E-04    0.19457E-02   -0.15260E-05   -0.43486E-04   -0.92166E-05    0.76270E-03
