# omegabh2 omegach2 theta tau ns logA aps100 aps143 aps217 acib143 acib217 asz143 psr cibr cal0 cal2 xi aksz bm_1_1 a_ps_act_148 a_ps_act_217 a_ps_spt_95 a_ps_spt_150 a_ps_spt_220 r_ps_spt_95x150 r_ps_spt_95x220 r_ps_150x220 cal_acts_148 cal_acts_217 cal_acte_148 cal_acte_217 cal_spt_95 cal_spt_150 cal_spt_220 omegak r yhe nrun mnu deltazrei alpha1 Alens w
6.618800E-08 -3.658800E-07 6.750600E-08 1.131000E-06 9.220300E-07 1.510700E-06 -1.341000E-04 -6.747700E-05 -4.332700E-05 7.767000E-06 -1.239400E-05 5.648100E-06 -2.186900E-06 3.380800E-07 -2.252700E-10 -7.569400E-10 -4.421900E-07 -1.316700E-05 -1.215700E-05 1.727100E-05 1.268000E-04 7.998500E-06 1.934800E-05 7.651800E-05 1.450100E-07 7.371800E-07 -2.014300E-07 7.031500E-07 4.616700E-07 5.737100E-07 4.906400E-07 7.587000E-07 6.539300E-07 3.303100E-07 -2.046000E-07 -1.398700E-07 7.891300E-07 -1.387900E-07 -3.980100E-06 3.101100E-07 -6.732900E-09 1.194400E-06 -4.246000E-06
-3.658800E-07 6.634800E-06 -6.977200E-07 -1.189600E-05 -1.504700E-05 -7.798900E-06 1.334500E-03 3.037300E-04 2.620500E-04 -3.257000E-05 -9.233700E-05 -1.822600E-05 9.043600E-06 -1.302400E-06 -3.315400E-08 -2.433100E-08 3.095800E-08 -1.553900E-06 1.185700E-04 -6.548600E-05 -4.761900E-04 -2.636700E-06 -2.865600E-05 -5.831700E-04 1.298000E-06 1.787800E-06 8.337500E-07 -3.095800E-06 -3.721200E-06 -2.974100E-06 -2.715400E-06 -2.511100E-06 -3.154000E-06 -2.165300E-06 2.297800E-06 -8.750600E-07 -1.074500E-06 -4.353600E-07 3.432600E-05 -1.097500E-05 -2.466200E-07 -1.415400E-05 4.132500E-05
6.750600E-08 -6.977200E-07 3.223800E-07 1.728800E-06 1.932700E-06 2.069600E-06 -1.182300E-04 -5.242100E-05 -2.393300E-05 -3.763500E-06 -5.881000E-05 5.200700E-06 -2.146700E-06 1.279900E-07 2.102900E-09 -1.430200E-08 -1.664500E-06 -1.159500E-06 -6.309500E-06 -3.898000E-07 8.694300E-06 -2.133100E-06 9.538500E-06 1.088800E-04 -1.327300E-06 -1.729000E-06 1.324300E-07 3.124600E-07 -1.620000E-07 2.967600E-07 -3.772000E-08 5.643000E-07 5.589700E-07 4.653600E-07 -3.152000E-07 1.243700E-07 2.087100E-06 -9.249900E-09 -9.602600E-06 1.233500E-06 6.253100E-08 2.144800E-06 -1.976000E-06
1.131000E-06 -1.189600E-05 1.728800E-06 1.850800E-04 3.574500E-05 3.394600E-04 -5.117400E-03 -1.738600E-03 -1.321600E-03 9.173000E-05 1.501200E-04 1.261200E-04 -1.830600E-05 -1.846200E-05 -1.000100E-07 2.503800E-09 -1.148200E-05 -6.190700E-04 -3.838600E-04 7.174200E-04 1.461800E-03 9.965400E-05 6.535800E-04 2.765700E-03 3.476200E-05 1.430500E-05 1.842800E-07 1.200100E-05 6.851500E-06 1.384100E-05 5.654000E-06 1.084200E-05 1.365200E-05 1.334000E-05 4.981900E-06 -6.039300E-06 6.025600E-06 -4.647000E-06 -1.786100E-05 5.287200E-07 -1.825400E-08 -1.863600E-05 -5.699300E-05
9.220300E-07 -1.504700E-05 1.932700E-06 3.574500E-05 4.802100E-05 3.104400E-05 -6.644100E-03 -1.763800E-03 -9.681000E-04 1.661300E-04 -1.510800E-04 2.184300E-04 -4.493600E-05 5.153000E-06 -3.456400E-08 5.632200E-08 -4.716800E-05 -5.583000E-04 -4.218300E-04 3.554900E-04 1.690800E-03 -1.695200E-05 2.815600E-04 2.160300E-03 4.091300E-07 6.856500E-07 -3.911100E-06 1.377700E-05 6.901400E-06 1.373800E-05 6.942400E-06 1.233900E-05 1.331000E-05 5.577600E-06 -5.102800E-06 7.577400E-06 3.010700E-05 8.652300E-07 -7.714600E-05 -1.654500E-04 1.071300E-06 3.237300E-05 -1.485700E-05
1.510700E-06 -7.798900E-06 2.069600E-06 3.394600E-04 3.104400E-05 6.616100E-04 -5.848200E-03 -2.898500E-03 -2.078400E-03 1.743000E-04 2.749500E-04 2.421400E-04 -2.011500E-05 -3.917800E-05 -2.384500E-07 4.176100E-08 -3.380200E-05 -1.410000E-03 -2.572200E-04 1.246900E-03 1.808700E-03 2.282300E-04 1.219200E-03 3.822200E-03 7.292200E-05 3.757700E-05 1.036300E-06 1.675000E-05 4.855500E-06 2.045700E-05 3.752100E-06 1.623900E-05 2.052900E-05 2.163200E-05 1.489400E-05 -1.737000E-05 2.437200E-05 -1.549400E-05 2.572900E-05 -5.041400E-06 -9.584100E-07 -7.585000E-05 -4.086500E-05
-1.341000E-04 1.334500E-03 -1.182300E-04 -5.117400E-03 -6.644100E-03 -5.848200E-03 2.455700E+01 6.592400E-01 -2.767400E-02 -4.451700E-02 8.689800E-01 -2.007000E-01 6.034400E-03 -6.516800E-03 -6.365000E-05 1.608700E-04 7.048300E-03 2.618000E-01 1.536200E+00 -3.373200E-02 -4.191200E-02 5.510000E-01 -1.098500E-01 5.236600E-01 -6.997800E-03 -3.684400E-02 -6.797800E-03 -3.708400E-03 3.745600E-03 -6.221300E-03 3.614500E-03 -6.208700E-03 -3.788200E-03 5.272000E-03 0.000000E+00 0.000000E+00 0.000000E+00 0.000000E+00 0.000000E+00 0.000000E+00 0.000000E+00 0.000000E+00 0.000000E+00
-6.747700E-05 3.037300E-04 -5.242100E-05 -1.738600E-03 -1.763800E-03 -2.898500E-03 6.592400E-01 4.623000E-01 1.060100E-01 -1.948200E-02 2.952700E-02 -6.875100E-02 -1.948800E-03 -1.641500E-03 9.576700E-06 -5.962300E-05 7.797400E-03 7.879500E-02 -3.780000E-03 2.668400E-03 -1.339200E-01 1.603100E-01 -1.525100E-02 2.473200E-02 -2.795600E-03 -1.291400E-02 -2.434400E-03 -1.885500E-03 -6.600700E-05 -2.163900E-03 -1.599300E-04 -2.290700E-03 -1.835700E-03 -3.043600E-04 0.000000E+00 0.000000E+00 0.000000E+00 0.000000E+00 0.000000E+00 0.000000E+00 0.000000E+00 0.000000E+00 0.000000E+00
-4.332700E-05 2.620500E-04 -2.393300E-05 -1.321600E-03 -9.681000E-04 -2.078400E-03 -2.767400E-02 1.060100E-01 5.546900E-01 -6.690600E-02 -1.510400E+00 4.360700E-02 -1.397900E-02 -3.714400E-03 8.091200E-06 -2.552500E-04 -9.110200E-03 -8.842000E-02 6.435600E-03 -2.127500E-02 3.168200E-02 -1.212000E-01 1.029400E-02 4.023100E-02 -2.115400E-03 1.887100E-03 2.843600E-03 -6.996200E-04 -4.522600E-03 -8.777500E-04 -4.707200E-03 2.372700E-04 -1.137500E-03 -4.192100E-03 0.000000E+00 0.000000E+00 0.000000E+00 0.000000E+00 0.000000E+00 0.000000E+00 0.000000E+00 0.000000E+00 0.000000E+00
7.767000E-06 -3.257000E-05 -3.763500E-06 9.173000E-05 1.661300E-04 1.743000E-04 -4.451700E-02 -1.948200E-02 -6.690600E-02 6.173800E-01 1.036100E+00 9.593400E-02 -3.704300E-03 -2.338100E-03 1.461000E-05 -8.640000E-06 5.129700E-03 -4.309800E-01 7.593900E-03 -9.516300E-02 -6.555900E-02 4.996200E-02 -1.752500E-01 -2.255500E-01 3.585300E-02 2.852400E-02 -5.491700E-03 3.465500E-04 6.306500E-04 -4.713600E-05 4.114700E-04 -2.154900E-04 1.067000E-04 1.693700E-03 0.000000E+00 0.000000E+00 0.000000E+00 0.000000E+00 0.000000E+00 0.000000E+00 0.000000E+00 0.000000E+00 0.000000E+00
-1.239400E-05 -9.233700E-05 -5.881000E-05 1.501200E-04 -1.510800E-04 2.749500E-04 8.689800E-01 2.952700E-02 -1.510400E+00 1.036100E+00 8.201400E+00 1.302800E-01 7.665600E-02 2.250400E-02 4.586500E-05 1.127200E-03 -5.518600E-02 -9.993200E-01 5.034900E-02 -2.109500E-01 -1.511800E+00 3.352600E-01 -4.313200E-01 -1.844300E+00 4.675000E-02 2.459200E-02 -2.330400E-02 -1.962000E-03 1.154700E-02 -1.595500E-03 1.235400E-02 -3.660700E-03 -3.678300E-04 1.280600E-02 0.000000E+00 0.000000E+00 0.000000E+00 0.000000E+00 0.000000E+00 0.000000E+00 0.000000E+00 0.000000E+00 0.000000E+00
5.648100E-06 -1.822600E-05 5.200700E-06 1.261200E-04 2.184300E-04 2.421400E-04 -2.007000E-01 -6.875100E-02 4.360700E-02 9.593400E-02 1.302800E-01 8.196600E-02 2.423000E-03 3.803300E-03 6.097600E-06 -4.994300E-05 -1.303700E-02 -2.067800E-01 1.049500E-02 -2.838400E-02 -1.660300E-01 -1.330200E-01 -3.427500E-02 -1.933100E-01 6.327000E-03 1.439900E-02 -2.530400E-04 3.759600E-04 -1.367000E-03 3.169600E-04 -1.266000E-03 9.430600E-04 1.003900E-04 -6.513300E-04 0.000000E+00 0.000000E+00 0.000000E+00 0.000000E+00 0.000000E+00 0.000000E+00 0.000000E+00 0.000000E+00 0.000000E+00
-2.186900E-06 9.043600E-06 -2.146700E-06 -1.830600E-05 -4.493600E-05 -2.011500E-05 6.034400E-03 -1.948800E-03 -1.397900E-02 -3.704300E-03 7.665600E-02 2.423000E-03 3.299100E-03 -1.364500E-04 4.358800E-07 1.359900E-05 2.138700E-04 -2.546600E-03 9.728200E-04 1.748300E-03 -5.546300E-02 -7.224300E-03 2.305200E-03 -3.922800E-02 -7.763600E-05 9.608200E-04 3.361100E-04 -6.670100E-05 -4.256300E-05 -4.689000E-05 -1.676700E-05 -1.008700E-05 -8.879600E-06 4.584100E-05 0.000000E+00 0.000000E+00 0.000000E+00 0.000000E+00 0.000000E+00 0.000000E+00 0.000000E+00 0.000000E+00 0.000000E+00
3.380800E-07 -1.302400E-06 1.279900E-07 -1.846200E-05 5.153000E-06 -3.917800E-05 -6.516800E-03 -1.641500E-03 -3.714400E-03 -2.338100E-03 2.250400E-02 3.803300E-03 -1.364500E-04 1.945500E-03 6.534100E-07 -1.320500E-07 -1.200900E-04 -6.284700E-03 8.069300E-04 4.824100E-03 2.306400E-03 -1.035600E-02 1.884600E-03 -4.978900E-03 1.626700E-05 1.287100E-03 -4.753400E-04 4.150900E-05 2.813500E-05 2.604100E-05 2.674900E-05 5.636300E-05 3.698200E-06 4.103400E-05 0.000000E+00 0.000000E+00 0.000000E+00 0.000000E+00 0.000000E+00 0.000000E+00 0.000000E+00 0.000000E+00 0.000000E+00
-2.252700E-10 -3.315400E-08 2.102900E-09 -1.000100E-07 -3.456400E-08 -2.384500E-07 -6.365000E-05 9.576700E-06 8.091200E-06 1.461000E-05 4.586500E-05 6.097600E-06 4.358800E-07 6.534100E-07 1.657600E-07 -8.573900E-09 -1.765700E-07 -2.101900E-05 -2.661900E-05 -2.927800E-06 -3.520200E-05 -6.325200E-06 -1.209300E-06 -3.561400E-05 1.143500E-06 1.553100E-06 -4.017100E-07 -2.346500E-07 -2.105600E-07 -1.737100E-07 -1.109500E-07 9.882400E-08 7.985400E-08 -8.930300E-08 0.000000E+00 0.000000E+00 0.000000E+00 0.000000E+00 0.000000E+00 0.000000E+00 0.000000E+00 0.000000E+00 0.000000E+00
-7.569400E-10 -2.433100E-08 -1.430200E-08 2.503800E-09 5.632200E-08 4.176100E-08 1.608700E-04 -5.962300E-05 -2.552500E-04 -8.640000E-06 1.127200E-03 -4.994300E-05 1.359900E-05 -1.320500E-07 -8.573900E-09 5.687300E-07 1.668700E-06 6.841400E-05 8.884300E-06 1.110600E-05 -1.230000E-04 1.244600E-04 1.879400E-07 -2.540200E-04 -2.894500E-06 -8.788500E-06 -1.121900E-06 -4.066200E-07 2.937800E-06 -9.029700E-08 2.949700E-06 -9.806900E-07 3.293200E-07 1.795800E-06 0.000000E+00 0.000000E+00 0.000000E+00 0.000000E+00 0.000000E+00 0.000000E+00 0.000000E+00 0.000000E+00 0.000000E+00
-4.421900E-07 3.095800E-08 -1.664500E-06 -1.148200E-05 -4.716800E-05 -3.380200E-05 7.048300E-03 7.797400E-03 -9.110200E-03 5.129700E-03 -5.518600E-02 -1.303700E-02 2.138700E-04 -1.200900E-04 -1.765700E-07 1.668700E-06 1.197900E-02 5.583800E-02 -2.371200E-03 2.067900E-02 2.641400E-02 7.540600E-03 1.802900E-02 4.022000E-02 1.749400E-03 3.277500E-03 4.058800E-04 1.559100E-05 2.262000E-04 -2.347600E-05 1.355400E-04 -5.997000E-05 8.474500E-05 2.833300E-04 0.000000E+00 0.000000E+00 0.000000E+00 0.000000E+00 0.000000E+00 0.000000E+00 0.000000E+00 0.000000E+00 0.000000E+00
-1.316700E-05 -1.553900E-06 -1.159500E-06 -6.190700E-04 -5.583000E-04 -1.410000E-03 2.618000E-01 7.879500E-02 -8.842000E-02 -4.309800E-01 -9.993200E-01 -2.067800E-01 -2.546600E-03 -6.284700E-03 -2.101900E-05 6.841400E-05 5.583800E-02 8.379600E-01 -2.673600E-02 8.354400E-02 4.519600E-01 9.379300E-02 1.416200E-01 6.343200E-01 -2.171200E-02 -2.219700E-02 7.247800E-03 2.653200E-04 3.189500E-03 6.297600E-04 2.744700E-03 -5.427500E-04 7.415700E-04 1.871100E-03 0.000000E+00 0.000000E+00 0.000000E+00 0.000000E+00 0.000000E+00 0.000000E+00 0.000000E+00 0.000000E+00 0.000000E+00
-1.215700E-05 1.185700E-04 -6.309500E-06 -3.838600E-04 -4.218300E-04 -2.572200E-04 1.536200E+00 -3.780000E-03 6.435600E-03 7.593900E-03 5.034900E-02 1.049500E-02 9.728200E-04 8.069300E-04 -2.661900E-05 8.884300E-06 -2.371200E-03 -2.673600E-02 1.456700E-01 -6.472300E-03 -2.350200E-02 -1.361900E-02 -1.125200E-02 -3.373700E-02 8.023100E-04 2.386800E-03 -3.311000E-05 3.396900E-07 -9.256300E-05 -1.407400E-04 -8.861000E-05 4.522000E-05 -1.013900E-04 3.059000E-05 0.000000E+00 0.000000E+00 0.000000E+00 0.000000E+00 0.000000E+00 0.000000E+00 0.000000E+00 0.000000E+00 0.000000E+00
1.727100E-05 -6.548600E-05 -3.898000E-07 7.174200E-04 3.554900E-04 1.246900E-03 -3.373200E-02 2.668400E-03 -2.127500E-02 -9.516300E-02 -2.109500E-01 -2.838400E-02 1.748300E-03 4.824100E-03 -2.927800E-06 1.110600E-05 2.067900E-02 8.354400E-02 -6.472300E-03 3.373000E-01 -7.751500E-02 5.627200E-02 1.349600E-01 4.094600E-01 -5.404900E-04 1.121700E-05 -4.294200E-03 2.100900E-03 -1.868800E-04 1.873300E-03 -4.033500E-04 -2.351300E-06 2.527200E-04 1.268700E-03 0.000000E+00 0.000000E+00 0.000000E+00 0.000000E+00 0.000000E+00 0.000000E+00 0.000000E+00 0.000000E+00 0.000000E+00
1.268000E-04 -4.761900E-04 8.694300E-06 1.461800E-03 1.690800E-03 1.808700E-03 -4.191200E-02 -1.339200E-01 3.168200E-02 -6.555900E-02 -1.511800E+00 -1.660300E-01 -5.546300E-02 2.306400E-03 -3.520200E-05 -1.230000E-04 2.641400E-02 4.519600E-01 -2.350200E-02 -7.751500E-02 1.434900E+01 3.158000E-01 5.607200E-02 1.553500E+00 -3.127400E-03 -2.423100E-02 -7.631000E-03 3.188100E-03 4.818900E-02 5.107400E-04 3.897400E-02 2.727600E-03 1.010500E-03 3.159400E-03 0.000000E+00 0.000000E+00 0.000000E+00 0.000000E+00 0.000000E+00 0.000000E+00 0.000000E+00 0.000000E+00 0.000000E+00
7.998500E-06 -2.636700E-06 -2.133100E-06 9.965400E-05 -1.695200E-05 2.282300E-04 5.510000E-01 1.603100E-01 -1.212000E-01 4.996200E-02 3.352600E-01 -1.330200E-01 -7.224300E-03 -1.035600E-02 -6.325200E-06 1.244600E-04 7.540600E-03 9.379300E-02 -1.361900E-02 5.627200E-02 3.158000E-01 1.798800E+00 2.389300E-02 2.161800E-01 -6.241300E-02 -8.353800E-02 -4.873900E-03 -1.016500E-03 2.200200E-03 -1.444700E-03 2.574500E-03 -9.327300E-04 -1.710100E-04 1.759700E-03 0.000000E+00 0.000000E+00 0.000000E+00 0.000000E+00 0.000000E+00 0.000000E+00 0.000000E+00 0.000000E+00 0.000000E+00
1.934800E-05 -2.865600E-05 9.538500E-06 6.535800E-04 2.815600E-04 1.219200E-03 -1.098500E-01 -1.525100E-02 1.029400E-02 -1.752500E-01 -4.313200E-01 -3.427500E-02 2.305200E-03 1.884600E-03 -1.209300E-06 1.879400E-07 1.802900E-02 1.416200E-01 -1.125200E-02 1.349600E-01 5.607200E-02 2.389300E-02 2.459800E-01 1.150000E-01 -6.127200E-03 4.174700E-04 9.122800E-04 -2.172400E-05 -2.604500E-04 -7.079100E-05 -4.417700E-04 4.677600E-04 1.284700E-04 -5.211400E-04 0.000000E+00 0.000000E+00 0.000000E+00 0.000000E+00 0.000000E+00 0.000000E+00 0.000000E+00 0.000000E+00 0.000000E+00
7.651800E-05 -5.831700E-04 1.088800E-04 2.765700E-03 2.160300E-03 3.822200E-03 5.236600E-01 2.473200E-02 4.023100E-02 -2.255500E-01 -1.844300E+00 -1.933100E-01 -3.922800E-02 -4.978900E-03 -3.561400E-05 -2.540200E-04 4.022000E-02 6.343200E-01 -3.373700E-02 4.094600E-01 1.553500E+00 2.161800E-01 1.150000E-01 1.284500E+01 -1.785900E-02 -7.492800E-02 -1.513300E-02 4.636300E-03 1.236900E-03 2.830600E-03 3.113700E-03 -1.409600E-03 3.620900E-03 3.125200E-02 0.000000E+00 0.000000E+00 0.000000E+00 0.000000E+00 0.000000E+00 0.000000E+00 0.000000E+00 0.000000E+00 0.000000E+00
1.450100E-07 1.298000E-06 -1.327300E-06 3.476200E-05 4.091300E-07 7.292200E-05 -6.997800E-03 -2.795600E-03 -2.115400E-03 3.585300E-02 4.675000E-02 6.327000E-03 -7.763600E-05 1.626700E-05 1.143500E-06 -2.894500E-06 1.749400E-03 -2.171200E-02 8.023100E-04 -5.404900E-04 -3.127400E-03 -6.241300E-02 -6.127200E-03 -1.785900E-02 6.759000E-03 5.501900E-03 -2.714800E-04 5.572100E-05 5.385300E-05 1.650800E-05 -7.730600E-06 8.227000E-06 6.020600E-06 1.041800E-04 0.000000E+00 0.000000E+00 0.000000E+00 0.000000E+00 0.000000E+00 0.000000E+00 0.000000E+00 0.000000E+00 0.000000E+00
7.371800E-07 1.787800E-06 -1.729000E-06 1.430500E-05 6.856500E-07 3.757700E-05 -3.684400E-02 -1.291400E-02 1.887100E-03 2.852400E-02 2.459200E-02 1.439900E-02 9.608200E-04 1.287100E-03 1.553100E-06 -8.788500E-06 3.277500E-03 -2.219700E-02 2.386800E-03 1.121700E-05 -2.423100E-02 -8.353800E-02 4.174700E-04 -7.492800E-02 5.501900E-03 1.195900E-02 2.973300E-04 6.176500E-05 -1.164200E-04 4.049900E-05 -1.660900E-04 9.436800E-05 7.411800E-05 -1.701100E-04 0.000000E+00 0.000000E+00 0.000000E+00 0.000000E+00 0.000000E+00 0.000000E+00 0.000000E+00 0.000000E+00 0.000000E+00
-2.014300E-07 8.337500E-07 1.324300E-07 1.842800E-07 -3.911100E-06 1.036300E-06 -6.797800E-03 -2.434400E-03 2.843600E-03 -5.491700E-03 -2.330400E-02 -2.530400E-04 3.361100E-04 -4.753400E-04 -4.017100E-07 -1.121900E-06 4.058800E-04 7.247800E-03 -3.311000E-05 -4.294200E-03 -7.631000E-03 -4.873900E-03 9.122800E-04 -1.513300E-02 -2.714800E-04 2.973300E-04 5.447000E-04 -1.583400E-05 -5.023400E-05 1.069400E-05 -4.175100E-05 2.600300E-05 1.791000E-05 -9.973700E-05 0.000000E+00 0.000000E+00 0.000000E+00 0.000000E+00 0.000000E+00 0.000000E+00 0.000000E+00 0.000000E+00 0.000000E+00
7.031500E-07 -3.095800E-06 3.124600E-07 1.200100E-05 1.377700E-05 1.675000E-05 -3.708400E-03 -1.885500E-03 -6.996200E-04 3.465500E-04 -1.962000E-03 3.759600E-04 -6.670100E-05 4.150900E-05 -2.346500E-07 -4.066200E-07 1.559100E-05 2.653200E-04 3.396900E-07 2.100900E-03 3.188100E-03 -1.016500E-03 -2.172400E-05 4.636300E-03 5.572100E-05 6.176500E-05 -1.583400E-05 1.423400E-04 1.093300E-05 4.870700E-05 1.032900E-05 2.466500E-05 1.985400E-05 1.836600E-05 0.000000E+00 0.000000E+00 0.000000E+00 0.000000E+00 0.000000E+00 0.000000E+00 0.000000E+00 0.000000E+00 0.000000E+00
4.616700E-07 -3.721200E-06 -1.620000E-07 6.851500E-06 6.901400E-06 4.855500E-06 3.745600E-03 -6.600700E-05 -4.522600E-03 6.306500E-04 1.154700E-02 -1.367000E-03 -4.256300E-05 2.813500E-05 -2.105600E-07 2.937800E-06 2.262000E-04 3.189500E-03 -9.256300E-05 -1.868800E-04 4.818900E-02 2.200200E-03 -2.604500E-04 1.236900E-03 5.385300E-05 -1.164200E-04 -5.023400E-05 1.093300E-05 3.352700E-04 1.191200E-05 1.876500E-04 -9.465500E-06 7.960000E-06 5.311800E-05 0.000000E+00 0.000000E+00 0.000000E+00 0.000000E+00 0.000000E+00 0.000000E+00 0.000000E+00 0.000000E+00 0.000000E+00
5.737100E-07 -2.974100E-06 2.967600E-07 1.384100E-05 1.373800E-05 2.045700E-05 -6.221300E-03 -2.163900E-03 -8.777500E-04 -4.713600E-05 -1.595500E-03 3.169600E-04 -4.689000E-05 2.604100E-05 -1.737100E-07 -9.029700E-08 -2.347600E-05 6.297600E-04 -1.407400E-04 1.873300E-03 5.107400E-04 -1.444700E-03 -7.079100E-05 2.830600E-03 1.650800E-05 4.049900E-05 1.069400E-05 4.870700E-05 1.191200E-05 1.151100E-04 2.292800E-06 1.624500E-05 1.706500E-05 1.022200E-05 0.000000E+00 0.000000E+00 0.000000E+00 0.000000E+00 0.000000E+00 0.000000E+00 0.000000E+00 0.000000E+00 0.000000E+00
4.906400E-07 -2.715400E-06 -3.772000E-08 5.654000E-06 6.942400E-06 3.752100E-06 3.614500E-03 -1.599300E-04 -4.707200E-03 4.114700E-04 1.235400E-02 -1.266000E-03 -1.676700E-05 2.674900E-05 -1.109500E-07 2.949700E-06 1.355400E-04 2.744700E-03 -8.861000E-05 -4.033500E-04 3.897400E-02 2.574500E-03 -4.417700E-04 3.113700E-03 -7.730600E-06 -1.660900E-04 -4.175100E-05 1.032900E-05 1.876500E-04 2.292800E-06 2.274000E-04 -5.359600E-06 6.978000E-06 4.409400E-05 0.000000E+00 0.000000E+00 0.000000E+00 0.000000E+00 0.000000E+00 0.000000E+00 0.000000E+00 0.000000E+00 0.000000E+00
7.587000E-07 -2.511100E-06 5.643000E-07 1.084200E-05 1.233900E-05 1.623900E-05 -6.208700E-03 -2.290700E-03 2.372700E-04 -2.154900E-04 -3.660700E-03 9.430600E-04 -1.008700E-05 5.636300E-05 9.882400E-08 -9.806900E-07 -5.997000E-05 -5.427500E-04 4.522000E-05 -2.351300E-06 2.727600E-03 -9.327300E-04 4.677600E-04 -1.409600E-03 8.227000E-06 9.436800E-05 2.600300E-05 2.466500E-05 -9.465500E-06 1.624500E-05 -5.359600E-06 3.952600E-04 2.966700E-05 -4.460700E-06 0.000000E+00 0.000000E+00 0.000000E+00 0.000000E+00 0.000000E+00 0.000000E+00 0.000000E+00 0.000000E+00 0.000000E+00
6.539300E-07 -3.154000E-06 5.589700E-07 1.365200E-05 1.331000E-05 2.052900E-05 -3.788200E-03 -1.835700E-03 -1.137500E-03 1.067000E-04 -3.678300E-04 1.003900E-04 -8.879600E-06 3.698200E-06 7.985400E-08 3.293200E-07 8.474500E-05 7.415700E-04 -1.013900E-04 2.527200E-04 1.010500E-03 -1.710100E-04 1.284700E-04 3.620900E-03 6.020600E-06 7.411800E-05 1.791000E-05 1.985400E-05 7.960000E-06 1.706500E-05 6.978000E-06 2.966700E-05 9.088900E-05 3.374600E-05 0.000000E+00 0.000000E+00 0.000000E+00 0.000000E+00 0.000000E+00 0.000000E+00 0.000000E+00 0.000000E+00 0.000000E+00
3.303100E-07 -2.165300E-06 4.653600E-07 1.334000E-05 5.577600E-06 2.163200E-05 5.272000E-03 -3.043600E-04 -4.192100E-03 1.693700E-03 1.280600E-02 -6.513300E-04 4.584100E-05 4.103400E-05 -8.930300E-08 1.795800E-06 2.833300E-04 1.871100E-03 3.059000E-05 1.268700E-03 3.159400E-03 1.759700E-03 -5.211400E-04 3.125200E-02 1.041800E-04 -1.701100E-04 -9.973700E-05 1.836600E-05 5.311800E-05 1.022200E-05 4.409400E-05 -4.460700E-06 3.374600E-05 4.981600E-04 0.000000E+00 0.000000E+00 0.000000E+00 0.000000E+00 0.000000E+00 0.000000E+00 0.000000E+00 0.000000E+00 0.000000E+00
-2.046000E-07 2.297800E-06 -3.152000E-07 4.981900E-06 -5.102800E-06 1.489400E-05 0.000000E+00 0.000000E+00 0.000000E+00 0.000000E+00 0.000000E+00 0.000000E+00 0.000000E+00 0.000000E+00 0.000000E+00 0.000000E+00 0.000000E+00 0.000000E+00 0.000000E+00 0.000000E+00 0.000000E+00 0.000000E+00 0.000000E+00 0.000000E+00 0.000000E+00 0.000000E+00 0.000000E+00 0.000000E+00 0.000000E+00 0.000000E+00 0.000000E+00 0.000000E+00 0.000000E+00 0.000000E+00 3.921500E-05 0.000000E+00 0.000000E+00 0.000000E+00 0.000000E+00 0.000000E+00 0.000000E+00 0.000000E+00 0.000000E+00
-1.398700E-07 -8.750600E-07 1.243700E-07 -6.039300E-06 7.577400E-06 -1.737000E-05 0.000000E+00 0.000000E+00 0.000000E+00 0.000000E+00 0.000000E+00 0.000000E+00 0.000000E+00 0.000000E+00 0.000000E+00 0.000000E+00 0.000000E+00 0.000000E+00 0.000000E+00 0.000000E+00 0.000000E+00 0.000000E+00 0.000000E+00 0.000000E+00 0.000000E+00 0.000000E+00 0.000000E+00 0.000000E+00 0.000000E+00 0.000000E+00 0.000000E+00 0.000000E+00 0.000000E+00 0.000000E+00 0.000000E+00 5.579600E-04 0.000000E+00 0.000000E+00 0.000000E+00 1.808600E-03 0.000000E+00 0.000000E+00 0.000000E+00
7.891300E-07 -1.074500E-06 2.087100E-06 6.025600E-06 3.010700E-05 2.437200E-05 0.000000E+00 0.000000E+00 0.000000E+00 0.000000E+00 0.000000E+00 0.000000E+00 0.000000E+00 0.000000E+00 0.000000E+00 0.000000E+00 0.000000E+00 0.000000E+00 0.000000E+00 0.000000E+00 0.000000E+00 0.000000E+00 0.000000E+00 0.000000E+00 0.000000E+00 0.000000E+00 0.000000E+00 0.000000E+00 0.000000E+00 0.000000E+00 0.000000E+00 0.000000E+00 0.000000E+00 0.000000E+00 0.000000E+00 0.000000E+00 5.395200E-05 0.000000E+00 0.000000E+00 -1.507700E-04 0.000000E+00 0.000000E+00 0.000000E+00
-1.387900E-07 -4.353600E-07 -9.249900E-09 -4.647000E-06 8.652300E-07 -1.549400E-05 0.000000E+00 0.000000E+00 0.000000E+00 0.000000E+00 0.000000E+00 0.000000E+00 0.000000E+00 0.000000E+00 0.000000E+00 0.000000E+00 0.000000E+00 0.000000E+00 0.000000E+00 0.000000E+00 0.000000E+00 0.000000E+00 0.000000E+00 0.000000E+00 0.000000E+00 0.000000E+00 0.000000E+00 0.000000E+00 0.000000E+00 0.000000E+00 0.000000E+00 0.000000E+00 0.000000E+00 0.000000E+00 0.000000E+00 0.000000E+00 0.000000E+00 1.801500E-05 0.000000E+00 8.545100E-05 0.000000E+00 0.000000E+00 0.000000E+00
-3.980100E-06 3.432600E-05 -9.602600E-06 -1.786100E-05 -7.714600E-05 2.572900E-05 0.000000E+00 0.000000E+00 0.000000E+00 0.000000E+00 0.000000E+00 0.000000E+00 0.000000E+00 0.000000E+00 0.000000E+00 0.000000E+00 0.000000E+00 0.000000E+00 0.000000E+00 0.000000E+00 0.000000E+00 0.000000E+00 0.000000E+00 0.000000E+00 0.000000E+00 0.000000E+00 0.000000E+00 0.000000E+00 0.000000E+00 0.000000E+00 0.000000E+00 0.000000E+00 0.000000E+00 0.000000E+00 0.000000E+00 0.000000E+00 0.000000E+00 0.000000E+00 1.106600E-02 1.034700E-03 0.000000E+00 0.000000E+00 0.000000E+00
3.101100E-07 -1.097500E-05 1.233500E-06 5.287200E-07 -1.654500E-04 -5.041400E-06 0.000000E+00 0.000000E+00 0.000000E+00 0.000000E+00 0.000000E+00 0.000000E+00 0.000000E+00 0.000000E+00 0.000000E+00 0.000000E+00 0.000000E+00 0.000000E+00 0.000000E+00 0.000000E+00 0.000000E+00 0.000000E+00 0.000000E+00 0.000000E+00 0.000000E+00 0.000000E+00 0.000000E+00 0.000000E+00 0.000000E+00 0.000000E+00 0.000000E+00 0.000000E+00 0.000000E+00 0.000000E+00 0.000000E+00 1.808600E-03 -1.507700E-04 8.545100E-05 1.034700E-03 3.994600E-01 0.000000E+00 0.000000E+00 0.000000E+00
-6.732900E-09 -2.466200E-07 6.253100E-08 -1.825400E-08 1.071300E-06 -9.584100E-07 0.000000E+00 0.000000E+00 0.000000E+00 0.000000E+00 0.000000E+00 0.000000E+00 0.000000E+00 0.000000E+00 0.000000E+00 0.000000E+00 0.000000E+00 0.000000E+00 0.000000E+00 0.000000E+00 0.000000E+00 0.000000E+00 0.000000E+00 0.000000E+00 0.000000E+00 0.000000E+00 0.000000E+00 0.000000E+00 0.000000E+00 0.000000E+00 0.000000E+00 0.000000E+00 0.000000E+00 0.000000E+00 0.000000E+00 0.000000E+00 0.000000E+00 0.000000E+00 0.000000E+00 0.000000E+00 9.170600E-08 0.000000E+00 0.000000E+00
1.194400E-06 -1.415400E-05 2.144800E-06 -1.863600E-05 3.237300E-05 -7.585000E-05 0.000000E+00 0.000000E+00 0.000000E+00 0.000000E+00 0.000000E+00 0.000000E+00 0.000000E+00 0.000000E+00 0.000000E+00 0.000000E+00 0.000000E+00 0.000000E+00 0.000000E+00 0.000000E+00 0.000000E+00 0.000000E+00 0.000000E+00 0.000000E+00 0.000000E+00 0.000000E+00 0.000000E+00 0.000000E+00 0.000000E+00 0.000000E+00 0.000000E+00 0.000000E+00 0.000000E+00 0.000000E+00 0.000000E+00 0.000000E+00 0.000000E+00 0.000000E+00 0.000000E+00 0.000000E+00 0.000000E+00 1.301100E-03 0.000000E+00
-4.246000E-06 4.132500E-05 -1.976000E-06 -5.699300E-05 -1.485700E-05 -4.086500E-05 0.000000E+00 0.000000E+00 0.000000E+00 0.000000E+00 0.000000E+00 0.000000E+00 0.000000E+00 0.000000E+00 0.000000E+00 0.000000E+00 0.000000E+00 0.000000E+00 0.000000E+00 0.000000E+00 0.000000E+00 0.000000E+00 0.000000E+00 0.000000E+00 0.000000E+00 0.000000E+00 0.000000E+00 0.000000E+00 0.000000E+00 0.000000E+00 0.000000E+00 0.000000E+00 0.000000E+00 0.000000E+00 0.000000E+00 0.000000E+00 0.000000E+00 0.000000E+00 0.000000E+00 0.000000E+00 0.000000E+00 0.000000E+00 6.359600E-02
