# omegabh2 omegadmh2 theta tau fnu yhe deltazrei ns nrun logA r
    0.30250E-07   -0.21099E-06    0.63446E-07    0.16494E-06   -0.79454E-06    0.13303E-05    0.48251E-06    0.89505E-06    0.24118E-06    0.38589E-06    0.61126E-07
   -0.21099E-06    0.38887E-05   -0.48656E-06   -0.12794E-05    0.19315E-04   -0.64427E-05    0.23597E-04   -0.67517E-05   -0.69329E-06   -0.75175E-06   -0.28201E-06
    0.63446E-07   -0.48656E-06    0.22539E-06    0.21696E-06   -0.19575E-05    0.44918E-05    0.59062E-06    0.28934E-05    0.15997E-05    0.63536E-06   -0.17597E-05
    0.16494E-06   -0.12794E-05    0.21696E-06    0.12881E-04   -0.39481E-05    0.28666E-05   -0.35248E-04    0.32870E-05   -0.34872E-05    0.25739E-04   -0.29273E-05
   -0.79454E-06    0.19315E-04   -0.19575E-05   -0.39481E-05    0.12989E-03   -0.22026E-04    0.18321E-03   -0.19684E-04    0.34994E-05   -0.88397E-05    0.54915E-05
    0.13303E-05   -0.64427E-05    0.44918E-05    0.28666E-05   -0.22026E-04    0.11897E-03   -0.20579E-03    0.69293E-04    0.44838E-04    0.14842E-04   -0.44724E-04
    0.48251E-06    0.23597E-04    0.59062E-06   -0.35248E-04    0.18321E-03   -0.20579E-03    0.38972E+00   -0.19075E-03    0.55125E-04   -0.68278E-04    0.22033E-02
    0.89505E-06   -0.67517E-05    0.28934E-05    0.32870E-05   -0.19684E-04    0.69293E-04   -0.19075E-03    0.48240E-04    0.25305E-04    0.56900E-05   -0.11463E-04
    0.24118E-06   -0.69329E-06    0.15997E-05   -0.34872E-05    0.34994E-05    0.44838E-04    0.55125E-04    0.25305E-04    0.36424E-04   -0.87974E-05   -0.49901E-04
    0.38589E-06   -0.75175E-06    0.63536E-06    0.25739E-04   -0.88397E-05    0.14842E-04   -0.68278E-04    0.56900E-05   -0.87974E-05    0.60434E-04   -0.11277E-04
    0.61126E-07   -0.28201E-06   -0.17597E-05   -0.29273E-05    0.54915E-05   -0.44724E-04    0.22033E-02   -0.11463E-04   -0.49901E-04   -0.11277E-04    0.78201E-03
