# omegabh2 omegadmh2 theta tau ns logA aps100 aps143 aps217 acib143 acib217 asz143 psr cibr cal0 cal2
    0.56614E-07   -0.25488E-06    0.47166E-07    0.15573E-05    0.77881E-06    0.25184E-05    0.37729E-04   -0.82510E-04   -0.50785E-04    0.21993E-04   -0.33252E-04    0.12072E-04   -0.11438E-06   -0.19901E-05    0.25589E-08   -0.74861E-08
   -0.25488E-06    0.57217E-05   -0.51089E-06   -0.16444E-04   -0.12578E-04   -0.18787E-04   -0.60746E-03    0.23314E-03    0.42047E-03   -0.45859E-03   -0.11619E-02   -0.11852E-03    0.15737E-05   -0.29167E-06    0.23760E-07   -0.38379E-08
    0.47166E-07   -0.51089E-06    0.17973E-06    0.19041E-05    0.14281E-05    0.26734E-05    0.44517E-04   -0.57593E-04   -0.29311E-04    0.26063E-04   -0.28825E-04    0.22605E-04    0.15277E-05   -0.41589E-05   -0.11588E-08   -0.12122E-07
    0.15573E-05   -0.16444E-04    0.19041E-05    0.21344E-03    0.48248E-04    0.38609E-03    0.30128E-02   -0.32853E-02   -0.18078E-02    0.18673E-02   -0.31835E-02    0.83102E-04   -0.38529E-04   -0.36978E-03   -0.31276E-06   -0.24864E-06
    0.77881E-06   -0.12578E-04    0.14281E-05    0.48248E-04    0.42690E-04    0.62707E-04    0.10637E-02   -0.15979E-02   -0.91198E-03    0.50015E-03   -0.28274E-02   -0.10275E-03   -0.24046E-04   -0.17873E-03   -0.17314E-06   -0.35926E-07
    0.25184E-05   -0.18787E-04    0.26734E-05    0.38609E-03    0.62707E-04    0.73020E-03    0.39816E-02   -0.58611E-02   -0.23101E-02    0.21196E-02   -0.11453E-01   -0.40485E-03   -0.76262E-04   -0.81657E-03   -0.42328E-06   -0.39705E-06
    0.37729E-04   -0.60746E-03    0.44517E-04    0.30128E-02    0.10637E-02    0.39816E-02    0.85681E+01    0.79817E+00   -0.91185E-01    0.40005E+00    0.10537E+01   -0.46001E+00   -0.30580E-01   -0.54336E-01    0.13398E-03    0.57483E-04
   -0.82510E-04    0.23314E-03   -0.57593E-04   -0.32853E-02   -0.15979E-02   -0.58611E-02    0.79817E+00    0.12857E+01    0.77472E-01   -0.47102E+00    0.70565E+00   -0.36100E+00   -0.30207E-01   -0.24168E-01   -0.19261E-04    0.11768E-03
   -0.50785E-04    0.42047E-03   -0.29311E-04   -0.18078E-02   -0.91198E-03   -0.23101E-02   -0.91185E-01    0.77472E-01    0.14233E+01   -0.37738E+00   -0.65523E+01   -0.72806E-01   -0.22611E-02   -0.12148E+00    0.21805E-05   -0.39703E-03
    0.21993E-04   -0.45859E-03    0.26063E-04    0.18673E-02    0.50015E-03    0.21196E-02    0.40005E+00   -0.47102E+00   -0.37738E+00    0.19346E+01    0.23152E+01    0.11853E+00   -0.15365E-01   -0.44967E-02   -0.38533E-04   -0.80273E-04
   -0.33252E-04   -0.11619E-02   -0.28825E-04   -0.31835E-02   -0.28274E-02   -0.11453E-01    0.10537E+01    0.70565E+00   -0.65523E+01    0.23152E+01    0.37289E+02    0.58910E+00    0.14016E-01    0.73758E+00   -0.32194E-04    0.25441E-02
    0.12072E-04   -0.11852E-03    0.22605E-04    0.83102E-04   -0.10275E-03   -0.40485E-03   -0.46001E+00   -0.36100E+00   -0.72806E-01    0.11853E+00    0.58910E+00    0.30597E+00    0.13223E-01    0.52176E-01    0.26678E-04   -0.54661E-04
   -0.11438E-06    0.15737E-05    0.15277E-05   -0.38529E-04   -0.24046E-04   -0.76262E-04   -0.30580E-01   -0.30207E-01   -0.22611E-02   -0.15365E-01    0.14016E-01    0.13223E-01    0.69295E-02   -0.89080E-02    0.14833E-05    0.78073E-05
   -0.19901E-05   -0.29167E-06   -0.41589E-05   -0.36978E-03   -0.17873E-03   -0.81657E-03   -0.54336E-01   -0.24168E-01   -0.12148E+00   -0.44967E-02    0.73758E+00    0.52176E-01   -0.89080E-02    0.71262E-01    0.55063E-05    0.12515E-04
    0.25589E-08    0.23760E-07   -0.11588E-08   -0.31276E-06   -0.17314E-06   -0.42328E-06    0.13398E-03   -0.19261E-04    0.21805E-05   -0.38533E-04   -0.32194E-04    0.26678E-04    0.14833E-05    0.55063E-05    0.22253E-06   -0.85559E-08
   -0.74861E-08   -0.38379E-08   -0.12122E-07   -0.24864E-06   -0.35926E-07   -0.39705E-06    0.57483E-04    0.11768E-03   -0.39703E-03   -0.80273E-04    0.25441E-02   -0.54661E-04    0.78073E-05    0.12515E-04   -0.85559E-08    0.88796E-06
