# omegabh2 omegadmh2 theta tau yhe ns logA
    0.21620E-07   -0.59463E-07    0.39447E-07    0.16335E-06    0.78913E-06    0.51391E-06    0.42783E-06
   -0.59463E-07    0.72244E-06   -0.10678E-06   -0.10273E-05   -0.10745E-05   -0.22474E-05   -0.47122E-06
    0.39447E-07   -0.10678E-06    0.11938E-06    0.36605E-06    0.20871E-05    0.13507E-05    0.10847E-05
    0.16335E-06   -0.10273E-05    0.36605E-06    0.14792E-04    0.60256E-05    0.60110E-05    0.28395E-04
    0.78913E-06   -0.10745E-05    0.20871E-05    0.60256E-05    0.53952E-04    0.30107E-04    0.24372E-04
    0.51391E-06   -0.22474E-05    0.13507E-05    0.60110E-05    0.30107E-04    0.23509E-04    0.13275E-04
    0.42783E-06   -0.47122E-06    0.10847E-05    0.28395E-04    0.24372E-04    0.13275E-04    0.63364E-04
