# omegabh2 omegach2 theta tau omegak fnu w ns nt nrun logA r asz 
    0.10531E-05   -0.29368E-05    0.23292E-05   -0.17249E-05    0.00000E+00    0.00000E+00    0.00000E+00   -0.39292E-04    0.00000E+00    0.26158E-04   -0.82237E-05    0.00000E+00    0.00000E+00
   -0.29368E-05    0.10534E-03    0.53132E-05   -0.35813E-04    0.00000E+00    0.00000E+00    0.00000E+00    0.31511E-03    0.00000E+00   -0.17403E-03    0.18486E-03    0.00000E+00    0.00000E+00
    0.23292E-05    0.53132E-05    0.12699E-04   -0.75753E-05    0.00000E+00    0.00000E+00    0.00000E+00   -0.46269E-04    0.00000E+00    0.41283E-04   -0.17150E-04    0.00000E+00    0.00000E+00
   -0.17249E-05   -0.35813E-04   -0.75753E-05    0.92022E-03    0.00000E+00    0.00000E+00    0.00000E+00    0.46294E-03    0.00000E+00   -0.16839E-03    0.10671E-02    0.00000E+00    0.00000E+00
    0.00000E+00    0.00000E+00    0.00000E+00    0.00000E+00    0.00000E+00    0.00000E+00    0.00000E+00    0.00000E+00    0.00000E+00    0.00000E+00    0.00000E+00    0.00000E+00    0.00000E+00
    0.00000E+00    0.00000E+00    0.00000E+00    0.00000E+00    0.00000E+00    0.00000E+00    0.00000E+00    0.00000E+00    0.00000E+00    0.00000E+00    0.00000E+00    0.00000E+00    0.00000E+00
    0.00000E+00    0.00000E+00    0.00000E+00    0.00000E+00    0.00000E+00    0.00000E+00    0.00000E+00    0.00000E+00    0.00000E+00    0.00000E+00    0.00000E+00    0.00000E+00    0.00000E+00
   -0.39292E-04    0.31511E-03   -0.46269E-04    0.46294E-03    0.00000E+00    0.00000E+00    0.00000E+00    0.32103E-02    0.00000E+00   -0.17238E-02    0.15058E-03    0.00000E+00    0.00000E+00
    0.00000E+00    0.00000E+00    0.00000E+00    0.00000E+00    0.00000E+00    0.00000E+00    0.00000E+00    0.00000E+00    0.00000E+00    0.00000E+00    0.00000E+00    0.00000E+00    0.00000E+00
    0.26158E-04   -0.17403E-03    0.41283E-04   -0.16839E-03    0.00000E+00    0.00000E+00    0.00000E+00   -0.17238E-02    0.00000E+00    0.98717E-03   -0.15616E-03    0.00000E+00    0.00000E+00
   -0.82237E-05    0.18486E-03   -0.17150E-04    0.10671E-02    0.00000E+00    0.00000E+00    0.00000E+00    0.15058E-03    0.00000E+00   -0.15616E-03    0.30606E-02    0.00000E+00    0.00000E+00
    0.00000E+00    0.00000E+00    0.00000E+00    0.00000E+00    0.00000E+00    0.00000E+00    0.00000E+00    0.00000E+00    0.00000E+00    0.00000E+00    0.00000E+00    0.00000E+00    0.00000E+00
    0.00000E+00    0.00000E+00    0.00000E+00    0.00000E+00    0.00000E+00    0.00000E+00    0.00000E+00    0.00000E+00    0.00000E+00    0.00000E+00    0.00000E+00    0.00000E+00    0.00000E+00
