# omegabh2 omegach2 theta tau ns logA gal_EE_norm gal_EE_index
    0.1548782E-05   -0.4862802E-05    0.3038137E-06    0.1147575E-05    0.1003165E-04    0.8061765E-05    0.4724427E-11    0.1356968E-04
   -0.4862802E-05    0.2374718E-04   -0.1532322E-05   -0.3425309E-05   -0.5936781E-04    0.8774820E-05   -0.7415316E-10   -0.2678420E-04
    0.3038137E-06   -0.1532322E-05    0.7883759E-06   -0.4397224E-07    0.4910991E-05   -0.1818789E-05    0.1170050E-10    0.7875194E-05
    0.1147575E-05   -0.3425309E-05   -0.4397224E-07    0.1648031E-03    0.2680758E-05    0.3372700E-03   -0.1196447E-10   -0.2257554E-04
    0.1003165E-04   -0.5936781E-04    0.4910991E-05    0.2680758E-05    0.2704000E-03   -0.5693748E-04    0.3091973E-09    0.8081916E-04
    0.8061765E-05    0.8774820E-05   -0.1818789E-05    0.3372700E-03   -0.5693748E-04    0.8701568E-03   -0.6800269E-09   -0.3451829E-03
    0.4724427E-11   -0.7415316E-10    0.1170050E-10   -0.1196447E-10    0.3091973E-09   -0.6800269E-09    0.9833257E-13    0.8693418E-07
    0.1356968E-04   -0.2678420E-04    0.7875194E-05   -0.2257554E-04    0.8081916E-04   -0.3451829E-03    0.8693418E-07    0.9886238E-01
