# omegabh2 omegach2 theta tau ns logA acib217 asz143 aps100 aps143 aps143217 aps217 aksz pwfe_A_143_217 pwfe_A_217_217 pwfe_index gal_EE_norm gal_EE_index gal_TE_norm gal_TE_index calib_100T calib_217T
    0.2658231E-07   -0.1283892E-06    0.2078379E-07    0.4930299E-06    0.2617155E-06    0.8073262E-06   -0.9360536E-04   -0.1341506E-06   -0.1150536E-03   -0.1354315E-03   -0.7353506E-04   -0.2986898E-04   -0.5132615E-04   -0.1985415E-09    0.2164019E-09    0.4262076E-06    0.5580537E-11    0.5560161E-05   -0.2393387E-10   -0.6832973E-05   -0.1665976E-08    0.9341861E-08
   -0.1283892E-06    0.2420720E-05   -0.1768738E-06   -0.4755549E-05   -0.6111600E-05   -0.3373191E-05    0.6597080E-03   -0.2256521E-04    0.1417295E-02    0.7610860E-03    0.4601309E-03    0.4125522E-03    0.2231992E-03   -0.9506322E-09   -0.6140684E-08   -0.3796454E-05   -0.4128762E-12    0.1738157E-04    0.1451937E-09    0.3469106E-04    0.2800866E-08   -0.2245664E-07
    0.2078379E-07   -0.1768738E-06    0.1281078E-06    0.4976356E-06    0.5469845E-06    0.6501688E-06   -0.5891917E-05    0.7578200E-05    0.5774379E-04   -0.3454455E-06   -0.2883354E-04   -0.6191386E-04   -0.8295720E-05    0.2919966E-09    0.5053882E-09    0.9175185E-07   -0.1451773E-12    0.6690537E-06   -0.2378555E-10   -0.5220950E-05   -0.1199995E-10   -0.3923376E-08
    0.4930299E-06   -0.4755549E-05    0.4976356E-06    0.1462745E-03    0.1795489E-04    0.2814437E-03   -0.4879248E-02    0.1043631E-03   -0.7043906E-02   -0.4666223E-02   -0.1525242E-03    0.4357092E-02   -0.3890365E-02   -0.2817428E-07   -0.2663253E-07    0.1355079E-04    0.8750264E-10    0.9512697E-04   -0.5310733E-09   -0.1037321E-03   -0.1163452E-06    0.7915817E-06
    0.2617155E-06   -0.6111600E-05    0.5469845E-06    0.1795489E-04    0.3193982E-04    0.1620951E-04   -0.5305700E-02   -0.3360017E-03   -0.6447481E-02   -0.3329540E-02    0.3461080E-03    0.3367224E-02   -0.4578292E-02   -0.1386374E-07    0.1098596E-07    0.2717703E-04    0.8237213E-10    0.3054725E-04   -0.3910128E-09   -0.9018388E-04   -0.9000245E-08    0.3411889E-06
    0.8073262E-06   -0.3373191E-05    0.6501688E-06    0.2814437E-03    0.1620951E-04    0.5616832E-03   -0.1040941E-01   -0.8677540E-04   -0.6965641E-02   -0.5144008E-02    0.3805165E-02    0.1303488E-01   -0.8731952E-02   -0.6300090E-07   -0.5937856E-07    0.2921123E-04    0.1213450E-09    0.2032588E-03   -0.8168033E-09   -0.1585925E-03   -0.2376377E-06    0.1675622E-05
   -0.9360536E-04    0.6597080E-03   -0.5891917E-05   -0.4879248E-02   -0.5305700E-02   -0.1040941E-01    0.7145594E+02   -0.3428463E+00    0.2452595E+02   -0.1269677E+01   -0.9316124E+01   -0.2717725E+01   -0.1481153E+01   -0.1933509E-03   -0.8681613E-03   -0.3100636E+00   -0.5275928E-07   -0.7073187E-01    0.1812550E-06    0.1148089E+00    0.6012624E-03   -0.1228275E-02
   -0.1341506E-06   -0.2256521E-04    0.7578200E-05    0.1043631E-03   -0.3360017E-03   -0.8677540E-04   -0.3428463E+00    0.1571946E+01   -0.1297589E+02   -0.3853637E+01   -0.8244864E+00   -0.2850355E+00    0.4946275E-01    0.1843015E-04    0.2525483E-04   -0.9485725E-02    0.5029853E-08   -0.4383625E-03    0.2338259E-07    0.5889548E-02   -0.6905570E-04   -0.3286969E-05
   -0.1150536E-03    0.1417295E-02    0.5774379E-04   -0.7043906E-02   -0.6447481E-02   -0.6965641E-02    0.2452595E+02   -0.1297589E+02    0.4052762E+03    0.8291367E+02    0.3875737E+02    0.2250466E+02   -0.1420879E+02   -0.1473903E-03   -0.3521111E-03   -0.1806175E-01   -0.3029639E-06   -0.2884279E+00   -0.2718241E-06   -0.3064883E-01   -0.1882331E-03    0.1079253E-03
   -0.1354315E-03    0.7610860E-03   -0.3454455E-06   -0.4666223E-02   -0.3329540E-02   -0.5144008E-02   -0.1269677E+01   -0.3853637E+01    0.8291367E+02    0.6008394E+02    0.3445961E+02    0.1893279E+02   -0.1364384E+02    0.5387646E-04    0.1484871E-03    0.2317789E-01   -0.1150069E-06   -0.1199469E+00    0.2885139E-06    0.1105534E+00    0.1727226E-03   -0.9729257E-03
   -0.7353506E-04    0.4601309E-03   -0.2883354E-04   -0.1525242E-03    0.3461080E-03    0.3805165E-02   -0.9316124E+01   -0.8244864E+00    0.3875737E+02    0.3445961E+02    0.3870685E+02    0.3784617E+02   -0.1261875E+02   -0.4959502E-04   -0.2685833E-04    0.6099990E-01   -0.5590861E-07   -0.6029911E-01    0.4671066E-07    0.4372946E-01   -0.1107866E-03    0.1284613E-02
   -0.2986898E-04    0.4125522E-03   -0.6191386E-04    0.4357092E-02    0.3367224E-02    0.1303488E-01   -0.2717725E+01   -0.2850355E+00    0.2250466E+02    0.1893279E+02    0.3784617E+02    0.6050172E+02   -0.1210833E+02   -0.1806826E-03   -0.3475081E-03   -0.1337677E-01   -0.2105851E-07   -0.1097103E-01   -0.2330014E-06   -0.1603340E-01   -0.1728810E-03    0.2981740E-02
   -0.5132615E-04    0.2231992E-03   -0.8295720E-05   -0.3890365E-02   -0.4578292E-02   -0.8731952E-02   -0.1481153E+01    0.4946275E-01   -0.1420879E+02   -0.1364384E+02   -0.1261875E+02   -0.1210833E+02    0.8298814E+01   -0.1762403E-05    0.5772680E-05    0.6841830E-02    0.2655159E-07    0.2908300E-01   -0.4708473E-07   -0.2490944E-01   -0.2684016E-04    0.1208456E-03
   -0.1985415E-09   -0.9506322E-09    0.2919966E-09   -0.2817428E-07   -0.1386374E-07   -0.6300090E-07   -0.1933509E-03    0.1843015E-04   -0.1473903E-03    0.5387646E-04   -0.4959502E-04   -0.1806826E-03   -0.1762403E-05    0.2273535E-08    0.5720698E-08    0.5610314E-06   -0.2161848E-12   -0.2663064E-06    0.3696829E-11    0.7155383E-06   -0.7998045E-09   -0.2177023E-07
    0.2164019E-09   -0.6140684E-08    0.5053882E-09   -0.2663253E-07    0.1098596E-07   -0.5937856E-07   -0.8681613E-03    0.2525483E-04   -0.3521111E-03    0.1484871E-03   -0.2685833E-04   -0.3475081E-03    0.5772680E-05    0.5720698E-08    0.1719396E-07    0.3306879E-05   -0.9509071E-13   -0.3604903E-07    0.6140035E-11    0.6178397E-06   -0.4907090E-08   -0.3621181E-07
    0.4262076E-06   -0.3796454E-05    0.9175185E-07    0.1355079E-04    0.2717703E-04    0.2921123E-04   -0.3100636E+00   -0.9485725E-02   -0.1806175E-01    0.2317789E-01    0.6099990E-01   -0.1337677E-01    0.6841830E-02    0.5610314E-06    0.3306879E-05    0.1917547E-02    0.2369725E-09    0.3493717E-03   -0.9452854E-09   -0.4888013E-03   -0.2189086E-05    0.6780068E-05
    0.5580537E-11   -0.4128762E-12   -0.1451773E-12    0.8750264E-10    0.8237213E-10    0.1213450E-09   -0.5275928E-07    0.5029853E-08   -0.3029639E-06   -0.1150069E-06   -0.5590861E-07   -0.2105851E-07    0.2655159E-07   -0.2161848E-12   -0.9509071E-13    0.2369725E-09    0.9890189E-13    0.8553212E-07    0.1494510E-14    0.2219030E-08   -0.1200086E-12    0.5383547E-11
    0.5560161E-05    0.1738157E-04    0.6690537E-06    0.9512697E-04    0.3054725E-04    0.2032588E-03   -0.7073187E-01   -0.4383625E-03   -0.2884279E+00   -0.1199469E+00   -0.6029911E-01   -0.1097103E-01    0.2908300E-01   -0.2663064E-06   -0.3604903E-07    0.3493717E-03    0.8553212E-07    0.9485996E-01    0.5808406E-08    0.1663149E-02   -0.3149373E-07    0.6283936E-05
   -0.2393387E-10    0.1451937E-09   -0.2378555E-10   -0.5310733E-09   -0.3910128E-09   -0.8168033E-09    0.1812550E-06    0.2338259E-07   -0.2718241E-06    0.2885139E-06    0.4671066E-07   -0.2330014E-06   -0.4708473E-07    0.3696829E-11    0.6140035E-11   -0.9452854E-09    0.1494510E-14    0.5808406E-08    0.7280789E-12    0.2237808E-06    0.5298684E-11   -0.8791165E-10
   -0.6832973E-05    0.3469106E-04   -0.5220950E-05   -0.1037321E-03   -0.9018388E-04   -0.1585925E-03    0.1148089E+00    0.5889548E-02   -0.3064883E-01    0.1105534E+00    0.4372946E-01   -0.1603340E-01   -0.2490944E-01    0.7155383E-06    0.6178397E-06   -0.4888013E-03    0.2219030E-08    0.1663149E-02    0.2237808E-06    0.9647212E-01    0.2326218E-05   -0.2332129E-04
   -0.1665976E-08    0.2800866E-08   -0.1199995E-10   -0.1163452E-06   -0.9000245E-08   -0.2376377E-06    0.6012624E-03   -0.6905570E-04   -0.1882331E-03    0.1727226E-03   -0.1107866E-03   -0.1728810E-03   -0.2684016E-04   -0.7998045E-09   -0.4907090E-08   -0.2189086E-05   -0.1200086E-12   -0.3149373E-07    0.5298684E-11    0.2326218E-05    0.3158000E-07   -0.5744536E-07
    0.9341861E-08   -0.2245664E-07   -0.3923376E-08    0.7915817E-06    0.3411889E-06    0.1675622E-05   -0.1228275E-02   -0.3286969E-05    0.1079253E-03   -0.9729257E-03    0.1284613E-02    0.2981740E-02    0.1208456E-03   -0.2177023E-07   -0.3621181E-07    0.6780068E-05    0.5383547E-11    0.6283936E-05   -0.8791165E-10   -0.2332129E-04   -0.5744536E-07    0.5307147E-06
