# omegabh2 omegach2 theta tau ns logA gal_TE_norm gal_TE_index calib_100TE calib_217TE
    0.8390788E-07   -0.2653951E-06    0.3550486E-07    0.7572886E-06    0.2036097E-05    0.1718084E-05   -0.4449844E-10   -0.9979479E-05   -0.4988694E-09    0.1882090E-07
   -0.2653951E-06    0.5640186E-05   -0.4036077E-06   -0.3201047E-05   -0.1266647E-04    0.9472959E-05    0.2776448E-09    0.5110698E-04    0.4980328E-06   -0.5024648E-07
    0.3550486E-07   -0.4036077E-06    0.3301289E-06    0.4480425E-06    0.1042378E-05    0.1201700E-06   -0.3365499E-10   -0.8489412E-05   -0.1767491E-06   -0.1230481E-07
    0.7572886E-06   -0.3201047E-05    0.4480425E-06    0.1791035E-03    0.4158859E-04    0.3699829E-03   -0.1015803E-10    0.3028413E-04    0.2285785E-05    0.8990784E-07
    0.2036097E-05   -0.1266647E-04    0.1042378E-05    0.4158859E-04    0.1643781E-03    0.7851281E-04    0.4027331E-09    0.2638836E-03    0.9485210E-05   -0.2342080E-06
    0.1718084E-05    0.9472959E-05    0.1201700E-06    0.3699829E-03    0.7851281E-04    0.8724004E-03    0.1163912E-08    0.3049897E-03   -0.9685907E-05   -0.6327897E-06
   -0.4449844E-10    0.2776448E-09   -0.3365499E-10   -0.1015803E-10    0.4027331E-09    0.1163912E-08    0.6891701E-12    0.1622720E-06   -0.4104917E-11   -0.2758244E-09
   -0.9979479E-05    0.5110698E-04   -0.8489412E-05    0.3028413E-04    0.2638836E-03    0.3049897E-03    0.1622720E-06    0.6732631E-01    0.4407049E-04   -0.5373492E-04
   -0.4988694E-09    0.4980328E-06   -0.1767491E-06    0.2285785E-05    0.9485210E-05   -0.9685907E-05   -0.4104917E-11    0.4407049E-04    0.7914963E-04    0.5567471E-06
    0.1882090E-07   -0.5024648E-07   -0.1230481E-07    0.8990784E-07   -0.2342080E-06   -0.6327897E-06   -0.2758244E-09   -0.5373492E-04    0.5567471E-06    0.2770658E-05
