# omegabh2 omegach2 theta tau ns logA acib217 ncib asz143 aps100 aps143 aps143217 aps217 aksz pwfe_A_143_217 pwfe_A_217_217 pwfe_index gal_EE_norm gal_EE_index gal_TE_norm gal_TE_index calib_100T calib_217T
    0.3069076E-07   -0.1563410E-06    0.2425887E-07    0.5212277E-06    0.3438059E-06    0.8120670E-06    0.1952550E-06    0.4693630E-06   -0.1678035E-04    0.2106844E-04   -0.1613644E-03   -0.4686404E-04    0.1777573E-03   -0.5486425E-04   -0.4814908E-09   -0.4961465E-09   -0.2455926E-05    0.3175306E-11    0.2930273E-05   -0.2375947E-10   -0.6535011E-05   -0.9368381E-09    0.7749133E-08
   -0.1563410E-06    0.2484238E-05   -0.1934204E-06   -0.5375891E-05   -0.6091184E-05   -0.4603950E-05   -0.2825292E-03   -0.6785687E-05   -0.2082521E-04    0.1078530E-02    0.1170246E-02    0.8794694E-03   -0.5255013E-03    0.1486667E-03    0.1273779E-08    0.6266678E-08    0.1771476E-04   -0.5039468E-11    0.6639921E-05    0.1177493E-09    0.2288752E-04   -0.9226546E-09   -0.1090985E-07
    0.2425887E-07   -0.1934204E-06    0.1285765E-06    0.5650136E-06    0.6638811E-06    0.7459201E-06   -0.3286409E-04   -0.1288845E-05    0.5433563E-05   -0.2601956E-03   -0.8963210E-04   -0.3286452E-04    0.2136484E-03   -0.1148446E-04    0.4423055E-10   -0.2079475E-09    0.5153057E-06    0.5362020E-11    0.4490809E-05   -0.2504314E-10   -0.6090231E-05   -0.5580129E-09   -0.1565039E-08
    0.5212277E-06   -0.5375891E-05    0.5650136E-06    0.1492077E-03    0.1670607E-04    0.2863642E-03   -0.8933279E-04    0.7882501E-05   -0.8735429E-03    0.1290665E-02   -0.4517322E-02    0.7076290E-03    0.1454902E-01   -0.2537979E-02   -0.2296880E-07   -0.3247090E-07   -0.1446447E-03   -0.1702217E-10    0.4412698E-04   -0.2667795E-09   -0.9800928E-04   -0.1922311E-07    0.3063510E-06
    0.3438059E-06   -0.6091184E-05    0.6638811E-06    0.1670607E-04    0.3011999E-04    0.1447907E-04    0.6995401E-03    0.3278295E-04   -0.1056385E-02    0.7044530E-03   -0.3629054E-02    0.1362644E-02    0.1408413E-01   -0.3697941E-02   -0.2330506E-07   -0.3377680E-07   -0.1280761E-03    0.9975571E-10    0.4024086E-04   -0.8062180E-10    0.2403514E-04    0.2865963E-07    0.1238429E-06
    0.8120670E-06   -0.4603950E-05    0.7459201E-06    0.2863642E-03    0.1447907E-04    0.5697152E-03   -0.1677022E-02   -0.5153750E-05   -0.2664130E-02    0.1337099E-01   -0.2751704E-02    0.7523490E-02    0.3464640E-01   -0.6321420E-02   -0.4802807E-07   -0.3274594E-07   -0.3001791E-03   -0.1590148E-09    0.1652558E-04   -0.3638448E-09   -0.1869381E-03   -0.2738236E-07    0.6404775E-06
    0.1952550E-06   -0.2825292E-03   -0.3286409E-04   -0.8933279E-04    0.6995401E-03   -0.1677022E-02    0.1010857E+02    0.2349220E+00    0.1332035E+00    0.2076452E+01   -0.2346977E+01   -0.3453646E+01   -0.1004557E+02    0.7299622E-01   -0.3070552E-04   -0.1596125E-03   -0.3306938E-01    0.5675379E-07    0.5661831E-01    0.1743818E-06    0.7207079E-01    0.6566609E-04   -0.2812151E-03
    0.4693630E-06   -0.6785687E-05   -0.1288845E-05    0.7882501E-05    0.3278295E-04   -0.5153750E-05    0.2349220E+00    0.1092502E-01   -0.2991326E-01    0.2603745E+00    0.3152749E-02    0.1211835E+00    0.1456495E+01    0.5893751E-02    0.9322450E-06    0.3859232E-05   -0.3171548E-01    0.4921481E-09   -0.1024549E-03    0.6454642E-08    0.1708521E-02   -0.3058876E-05   -0.5252767E-05
   -0.1678035E-04   -0.2082521E-04    0.5433563E-05   -0.8735429E-03   -0.1056385E-02   -0.2664130E-02    0.1332035E+00   -0.2991326E-01    0.5096184E+01   -0.4221738E+02   -0.1151675E+02   -0.6208662E+01   -0.4923212E+01   -0.1828288E+00    0.3476350E-04   -0.7872141E-05    0.7223381E-01    0.3138802E-07    0.4196759E-01    0.8765766E-08   -0.1456977E-02   -0.1466214E-03    0.1322014E-03
    0.2106844E-04    0.1078530E-02   -0.2601956E-03    0.1290665E-02    0.7044530E-03    0.1337099E-01    0.2076452E+01    0.2603745E+00   -0.4221738E+02    0.6260671E+03    0.1456632E+03    0.7908772E+02    0.2992022E+02   -0.1173728E+02   -0.2549595E-03    0.3996467E-04   -0.1735425E+00   -0.1871462E-06   -0.1566341E+00   -0.3402154E-06   -0.2612650E-01    0.4349237E-03   -0.9153313E-03
   -0.1613644E-03    0.1170246E-02   -0.8963210E-04   -0.4517322E-02   -0.3629054E-02   -0.2751704E-02   -0.2346977E+01    0.3152749E-02   -0.1151675E+02    0.1456632E+03    0.7983096E+02    0.3928496E+02    0.2156344E+02   -0.1312870E+02    0.1956897E-04    0.2064442E-03   -0.1145648E+00   -0.1366662E-06   -0.1211709E+00    0.1823997E-06    0.3378668E-01    0.4469072E-03   -0.1402013E-02
   -0.4686404E-04    0.8794694E-03   -0.3286452E-04    0.7076290E-03    0.1362644E-02    0.7523490E-02   -0.3453646E+01    0.1211835E+00   -0.6208662E+01    0.7908772E+02    0.3928496E+02    0.7259442E+02    0.1363589E+03   -0.1134422E+02   -0.5665650E-04    0.1582660E-03   -0.1246178E+01   -0.2970942E-07   -0.5831420E-01   -0.3167663E-06   -0.1113786E+00   -0.2272557E-03    0.1539137E-02
    0.1777573E-03   -0.5255013E-03    0.2136484E-03    0.1454902E-01    0.1408413E-01    0.3464640E-01   -0.1004557E+02    0.1456495E+01   -0.4923212E+01    0.2992022E+02    0.2156344E+02    0.1363589E+03    0.1210179E+04   -0.1081554E+02    0.6547878E-03    0.2498495E-02   -0.1553699E+02   -0.3999493E-06   -0.4863641E+00    0.4928483E-06   -0.5088542E+00   -0.1887291E-02    0.1388665E-02
   -0.5486425E-04    0.1486667E-03   -0.1148446E-04   -0.2537979E-02   -0.3697941E-02   -0.6321420E-02    0.7299622E-01    0.5893751E-02   -0.1828288E+00   -0.1173728E+02   -0.1312870E+02   -0.1134422E+02   -0.1081554E+02    0.7756432E+01   -0.1096087E-04   -0.1539111E-04   -0.2433705E-01    0.2095647E-07    0.5903180E-02   -0.6839662E-07   -0.2096981E-01   -0.3171516E-04    0.1666924E-03
   -0.4814908E-09    0.1273779E-08    0.4423055E-10   -0.2296880E-07   -0.2330506E-07   -0.4802807E-07   -0.3070552E-04    0.9322450E-06    0.3476350E-04   -0.2549595E-03    0.1956897E-04   -0.5665650E-04    0.6547878E-03   -0.1096087E-04    0.2322359E-08    0.5686213E-08   -0.1411730E-04   -0.8783156E-13    0.1801311E-06    0.2866959E-11    0.2778358E-06   -0.1433677E-08   -0.1828415E-07
   -0.4961465E-09    0.6266678E-08   -0.2079475E-09   -0.3247090E-07   -0.3377680E-07   -0.3274594E-07   -0.1596125E-03    0.3859232E-05   -0.7872141E-05    0.3996467E-04    0.2064442E-03    0.1582660E-03    0.2498495E-02   -0.1539111E-04    0.5686213E-08    0.1864895E-07   -0.5054537E-04   -0.1346511E-11   -0.1410361E-05    0.5509158E-11    0.1013418E-06   -0.5603012E-08   -0.3255839E-07
   -0.2455926E-05    0.1771476E-04    0.5153057E-06   -0.1446447E-03   -0.1280761E-03   -0.3001791E-03   -0.3306938E-01   -0.3171548E-01    0.7223381E-01   -0.1735425E+00   -0.1145648E+00   -0.1246178E+01   -0.1553699E+02   -0.2433705E-01   -0.1411730E-04   -0.5054537E-04    0.2537132E+00    0.1596778E-08    0.3530915E-02   -0.1816619E-07    0.2165805E-02    0.2985414E-04    0.2693247E-04
    0.3175306E-11   -0.5039468E-11    0.5362020E-11   -0.1702217E-10    0.9975571E-10   -0.1590148E-09    0.5675379E-07    0.4921481E-09    0.3138802E-07   -0.1871462E-06   -0.1366662E-06   -0.2970942E-07   -0.3999493E-06    0.2095647E-07   -0.8783156E-13   -0.1346511E-11    0.1596778E-08    0.1087205E-12    0.9115928E-07    0.9525669E-16    0.2622422E-09   -0.2078408E-11    0.9700957E-12
    0.2930273E-05    0.6639921E-05    0.4490809E-05    0.4412698E-04    0.4024086E-04    0.1652558E-04    0.5661831E-01   -0.1024549E-03    0.4196759E-01   -0.1566341E+00   -0.1211709E+00   -0.5831420E-01   -0.4863641E+00    0.5903180E-02    0.1801311E-06   -0.1410361E-05    0.3530915E-02    0.9115928E-07    0.1007920E+00   -0.3108346E-08   -0.4191698E-02   -0.2023850E-05   -0.5129148E-05
   -0.2375947E-10    0.1177493E-09   -0.2504314E-10   -0.2667795E-09   -0.8062180E-10   -0.3638448E-09    0.1743818E-06    0.6454642E-08    0.8765766E-08   -0.3402154E-06    0.1823997E-06   -0.3167663E-06    0.4928483E-06   -0.6839662E-07    0.2866959E-11    0.5509158E-11   -0.1816619E-07    0.9525669E-16   -0.3108346E-08    0.6729645E-12    0.1898026E-06    0.8945475E-11   -0.5634159E-10
   -0.6535011E-05    0.2288752E-04   -0.6090231E-05   -0.9800928E-04    0.2403514E-04   -0.1869381E-03    0.7207079E-01    0.1708521E-02   -0.1456977E-02   -0.2612650E-01    0.3378668E-01   -0.1113786E+00   -0.5088542E+00   -0.2096981E-01    0.2778358E-06    0.1013418E-06    0.2165805E-02    0.2622422E-09   -0.4191698E-02    0.1898026E-06    0.8084818E-01    0.2994099E-05   -0.1612385E-04
   -0.9368381E-09   -0.9226546E-09   -0.5580129E-09   -0.1922311E-07    0.2865963E-07   -0.2738236E-07    0.6566609E-04   -0.3058876E-05   -0.1466214E-03    0.4349237E-03    0.4469072E-03   -0.2272557E-03   -0.1887291E-02   -0.3171516E-04   -0.1433677E-08   -0.5603012E-08    0.2985414E-04   -0.2078408E-11   -0.2023850E-05    0.8945475E-11    0.2994099E-05    0.3595800E-07   -0.6226489E-07
    0.7749133E-08   -0.1090985E-07   -0.1565039E-08    0.3063510E-06    0.1238429E-06    0.6404775E-06   -0.2812151E-03   -0.5252767E-05    0.1322014E-03   -0.9153313E-03   -0.1402013E-02    0.1539137E-02    0.1388665E-02    0.1666924E-03   -0.1828415E-07   -0.3255839E-07    0.2693247E-04    0.9700957E-12   -0.5129148E-05   -0.5634159E-10   -0.1612385E-04   -0.6226489E-07    0.4633879E-06
