####################                                                                                                                                                         
#PRIORS
                                                                                                                                                                            
prior[cal0]=1.0002 0.0007
prior[cal2]=0.99805 0.00065

prior[calEE0]=1.021 0.01
prior[calEE1]=0.966 0.01
prior[calEE2]=1.040 0.01


####################                                                                                                                                                          

INCLUDE(planck_calibration.ini)


#Dust priors
#EE 

prior[galfEE100]=0.055 0.014
prior[galfEE100143]=0.040 0.010
prior[galfEE100217]=0.094 0.023
prior[galfEE143]=0.086 0.022
prior[galfEE143217]=0.21 0.051
prior[galfEE217]=0.70 0.18



#TE
prior[galfTE100]=0.13 0.042
prior[galfTE100143]=0.13 0.036
prior[galfTE100217]=0.46 0.09
prior[galfTE143]=0.207 0.072
prior[galfTE143217]=0.69 0.09 
prior[galfTE217]=1.938 0.54



#TT
prior[kgal100]=8.6 2
prior[kgal143]=10.6 2
prior[kgal143217]=23.5  8.5
prior[kgal217]=91.9 20
                                                                                                                                           
