# omegabh2 omegach2 theta tau mnu ns logA
    0.11094E-07   -0.55422E-07    0.11244E-07    0.46600E-07   -0.39801E-05    0.71757E-07    0.10747E-07
   -0.55422E-07    0.80746E-06   -0.87067E-07   -0.56943E-06    0.34326E-04   -0.16772E-05    0.73408E-06
    0.11244E-07   -0.87067E-07    0.49902E-07    0.85554E-07   -0.96026E-05    0.22672E-06    0.27233E-07
    0.46600E-07   -0.56943E-06    0.85554E-07    0.10078E-04   -0.17861E-04    0.13330E-05    0.18786E-04
   -0.39801E-05    0.34326E-04   -0.96026E-05   -0.17861E-04    0.11066E-01   -0.77146E-04    0.25729E-04
    0.71757E-07   -0.16772E-05    0.22672E-06    0.13330E-05   -0.77146E-04    0.65775E-05   -0.27285E-05
    0.10747E-07    0.73408E-06    0.27233E-07    0.18786E-04    0.25729E-04   -0.27285E-05    0.40678E-04
