# omegabh2 omegach2 theta tau ns logA
    0.99611E-08   -0.48073E-07    0.80932E-08    0.53693E-07    0.67951E-07    0.27377E-07
   -0.48073E-07    0.78046E-06   -0.70131E-07   -0.77617E-06   -0.17270E-05    0.38628E-06
    0.80932E-08   -0.70131E-07    0.43686E-07    0.82143E-07    0.21141E-06    0.27217E-07
    0.53693E-07   -0.77617E-06    0.82143E-07    0.11485E-04    0.20791E-05    0.20748E-04
    0.67951E-07   -0.17270E-05    0.21141E-06    0.20791E-05    0.68961E-05   -0.16303E-05
    0.27377E-07    0.38628E-06    0.27217E-07    0.20748E-04   -0.16303E-05    0.43428E-04
