# omegabh2 omegach2 theta tau ns nrun logA
    0.12187E-07   -0.47025E-07    0.10104E-07    0.98692E-07    0.64173E-07   -0.13879E-06    0.17099E-06
   -0.47025E-07    0.79391E-06   -0.80902E-07   -0.67746E-06   -0.17829E-05   -0.43536E-06    0.70622E-06
    0.10104E-07   -0.80902E-07    0.49254E-07    0.10395E-06    0.21835E-06   -0.92499E-08    0.72650E-07
    0.98692E-07   -0.67746E-06    0.10395E-06    0.12701E-04    0.19103E-05   -0.46470E-05    0.24792E-04
    0.64173E-07   -0.17829E-05    0.21835E-06    0.19103E-05    0.71477E-05    0.86523E-06   -0.23842E-05
   -0.13879E-06   -0.43536E-06   -0.92499E-08   -0.46470E-05    0.86523E-06    0.18015E-04   -0.15494E-04
    0.17099E-06    0.70622E-06    0.72650E-07    0.24792E-04   -0.23842E-05   -0.15494E-04    0.56869E-04
