# omegabh2 omegach2 theta tau mnu yhe deltazrei ns nrun logA r
    0.28516E-07   -0.10603E-06    0.59223E-07    0.13422E-06   -0.76315E-05    0.12673E-05    0.31011E-06    0.83770E-06    0.26111E-06    0.31772E-06   -0.51962E-07
   -0.10603E-06    0.10457E-05   -0.22343E-06   -0.87177E-06    0.38987E-04   -0.34092E-05   -0.10975E-04   -0.40233E-05   -0.10166E-05    0.11347E-06   -0.16183E-05
    0.59223E-07   -0.22343E-06    0.21329E-06    0.11766E-06   -0.18142E-04    0.43280E-05    0.12335E-05    0.27468E-05    0.15964E-05    0.43365E-06   -0.12694E-05
    0.13422E-06   -0.87177E-06    0.11766E-06    0.13117E-04   -0.42567E-04   -0.42784E-06    0.52872E-06    0.19392E-05   -0.43872E-05    0.25438E-04   -0.27220E-05
   -0.76315E-05    0.38987E-04   -0.18142E-04   -0.42567E-04    0.13343E-01   -0.20926E-03    0.10347E-02   -0.19417E-03    0.17629E-04   -0.80918E-04    0.48467E-04
    0.12673E-05   -0.34092E-05    0.43280E-05   -0.42784E-06   -0.20926E-03    0.11810E-03   -0.15077E-03    0.67518E-04    0.45419E-04    0.85146E-05   -0.40782E-04
    0.31011E-06   -0.10975E-04    0.12335E-05    0.52872E-06    0.10347E-02   -0.15077E-03    0.39946E+00   -0.16545E-03    0.85451E-04   -0.50414E-05    0.18086E-02
    0.83770E-06   -0.40233E-05    0.27468E-05    0.19392E-05   -0.19417E-03    0.67518E-04   -0.16545E-03    0.46362E-04    0.24855E-04    0.32003E-05   -0.85176E-05
    0.26111E-06   -0.10166E-05    0.15964E-05   -0.43872E-05    0.17629E-04    0.45419E-04    0.85451E-04    0.24855E-04    0.35596E-04   -0.96341E-05   -0.47109E-04
    0.31772E-06    0.11347E-06    0.43365E-06    0.25438E-04   -0.80918E-04    0.85146E-05   -0.50414E-05    0.32003E-05   -0.96341E-05    0.57869E-04   -0.11389E-04
   -0.51962E-07   -0.16183E-05   -0.12694E-05   -0.27220E-05    0.48467E-04   -0.40782E-04    0.18086E-02   -0.85176E-05   -0.47109E-04   -0.11389E-04    0.76704E-03
