acbar2007
26 0  0  0  0  0
BAND_SELECTION
1  22
0  0
0  0
0  0
0  0
0  0
1   1.0  0.046
1   5.0  0.13
1    #iliketype
TT
   1 3528.4014    292.7330 292.7330    192.1789    100.0    350.0
   2 2307.2690    102.6812 102.6812   -355.6325    350.0    550.0
   3 2035.7449    108.9702 108.9702   -311.8196    550.0    650.0
   4 1901.8610    109.7632 109.7632   -274.7211    650.0    730.0
   5 2256.6355    141.8876 141.8876   -246.2549    730.0    790.0
   6 2559.8501    146.0516 146.0516   -262.5569    790.0    850.0
   7 1873.3267    114.2817 114.2817   -169.4114    850.0    910.0
   8 1470.1707     90.9829  90.9829   -107.8383    910.0    970.0
   9 1117.8647     73.1104  73.1104    -19.2973    970.0   1030.0
  10 1053.8728     70.0388  70.0388     17.0116   1030.0   1090.0
  11 1195.0903     73.2782  73.2782     34.6930   1090.0   1150.0
  12 1120.7378     70.2707  70.2707     76.6174   1150.0   1210.0
  13  817.3735     59.0014  59.0014    122.5930   1210.0   1270.0
  14  688.0155     54.8828  54.8828    158.6007   1270.0   1330.0
  15  813.4183     59.6263  59.6263    198.1038   1330.0   1390.0
  16  779.5183     60.1622  60.1622    223.6433   1390.0   1450.0
  17  613.2487     55.2258  55.2258    247.8360   1450.0   1510.0
  18  528.4179     53.0709  53.0709    234.7037   1510.0   1570.0
  19  442.5232     41.7252  41.7252    267.9965   1570.0   1650.0
  20  364.4231     36.1787  36.1787    248.1239   1650.0   1750.0
  21  358.1533     38.6833  38.6833    271.0229   1750.0   1850.0
  22  221.4938     43.1496  43.1496    174.5782   1850.0   1950.0
  23  225.2761     36.9288  36.9288    208.8749   1950.0   2100.0
  24  161.9738     36.0291  36.0291    250.4482   2100.0   2300.0
  25  165.0597     48.8883  48.8883    366.5770   2300.0   2500.0
  26   99.9472     49.8376  49.8376    575.0936   2500.0   3000.0
  1.0000 -0.0745  0.0044 -0.0012 -0.0003 -0.0003 -0.0003 -0.0003 -0.0003 -0.0003 -0.0003 -0.0002 -0.0003 -0.0002 -0.0002 -0.0002 -0.0002 -0.0002 -0.0002 -0.0002 -0.0002  0.0000  0.0000  0.0000  0.0000  0.0000
 -0.0745  1.0000 -0.0947  0.0049 -0.0027 -0.0010 -0.0008 -0.0006 -0.0005 -0.0004 -0.0004 -0.0003 -0.0003 -0.0003 -0.0002 -0.0002 -0.0002 -0.0002 -0.0002 -0.0002 -0.0002  0.0000  0.0000  0.0000  0.0000  0.0000
  0.0044 -0.0947  1.0000 -0.1340  0.0109 -0.0040 -0.0010 -0.0009 -0.0007 -0.0006 -0.0004 -0.0004 -0.0003 -0.0003 -0.0003 -0.0002 -0.0002 -0.0002 -0.0002 -0.0002 -0.0002  0.0000  0.0000  0.0000  0.0000  0.0000
 -0.0012  0.0049 -0.1340  1.0000 -0.1641  0.0128 -0.0051 -0.0011 -0.0010 -0.0007 -0.0005 -0.0005 -0.0004 -0.0004 -0.0003 -0.0003 -0.0002 -0.0002 -0.0002 -0.0002 -0.0002  0.0000 -0.0001  0.0000  0.0000  0.0000
 -0.0003 -0.0027  0.0109 -0.1641  1.0000 -0.1762  0.0161 -0.0051 -0.0009 -0.0009 -0.0006 -0.0005 -0.0004 -0.0004 -0.0003 -0.0003 -0.0002 -0.0002 -0.0002 -0.0002 -0.0002  0.0000  0.0000  0.0000  0.0000  0.0000
 -0.0003 -0.0010 -0.0040  0.0128 -0.1762  1.0000 -0.1779  0.0165 -0.0052 -0.0008 -0.0009 -0.0006 -0.0005 -0.0004 -0.0003 -0.0003 -0.0003 -0.0002 -0.0002 -0.0002 -0.0002  0.0000 -0.0001  0.0000  0.0000  0.0000
 -0.0003 -0.0008 -0.0010 -0.0051  0.0161 -0.1779  1.0000 -0.1844  0.0179 -0.0054 -0.0007 -0.0009 -0.0006 -0.0005 -0.0005 -0.0004 -0.0003 -0.0003 -0.0003 -0.0003 -0.0003  0.0000 -0.0001  0.0000  0.0000  0.0000
 -0.0003 -0.0006 -0.0009 -0.0011 -0.0051  0.0165 -0.1844  1.0000 -0.1869  0.0187 -0.0054 -0.0008 -0.0010 -0.0007 -0.0006 -0.0005 -0.0005 -0.0004 -0.0004 -0.0004 -0.0004  0.0000 -0.0001 -0.0001  0.0000 -0.0001
 -0.0003 -0.0005 -0.0007 -0.0010 -0.0009 -0.0052  0.0179 -0.1869  1.0000 -0.1905  0.0183 -0.0054 -0.0009 -0.0011 -0.0008 -0.0007 -0.0007 -0.0006 -0.0006 -0.0006 -0.0005 -0.0001 -0.0001 -0.0001 -0.0001 -0.0001
 -0.0003 -0.0004 -0.0006 -0.0007 -0.0009 -0.0008 -0.0054  0.0187 -0.1905  1.0000 -0.1861  0.0184 -0.0056 -0.0009 -0.0011 -0.0008 -0.0008 -0.0007 -0.0007 -0.0007 -0.0006 -0.0001 -0.0002 -0.0001 -0.0001 -0.0001
 -0.0003 -0.0004 -0.0004 -0.0005 -0.0006 -0.0009 -0.0007 -0.0054  0.0183 -0.1861  1.0000 -0.1823  0.0187 -0.0057 -0.0009 -0.0011 -0.0008 -0.0007 -0.0008 -0.0007 -0.0006 -0.0001 -0.0002 -0.0001 -0.0001 -0.0001
 -0.0002 -0.0003 -0.0004 -0.0005 -0.0005 -0.0006 -0.0009 -0.0008 -0.0054  0.0184 -0.1823  1.0000 -0.1881  0.0198 -0.0057 -0.0008 -0.0011 -0.0009 -0.0009 -0.0009 -0.0007 -0.0001 -0.0002 -0.0001 -0.0001 -0.0001
 -0.0003 -0.0003 -0.0003 -0.0004 -0.0004 -0.0005 -0.0006 -0.0010 -0.0009 -0.0056  0.0187 -0.1881  1.0000 -0.1975  0.0208 -0.0061 -0.0009 -0.0013 -0.0012 -0.0011 -0.0010 -0.0001 -0.0003 -0.0002 -0.0002 -0.0002
 -0.0002 -0.0003 -0.0003 -0.0004 -0.0004 -0.0004 -0.0005 -0.0007 -0.0011 -0.0009 -0.0057  0.0198 -0.1975  1.0000 -0.1959  0.0213 -0.0066 -0.0010 -0.0016 -0.0014 -0.0012 -0.0002 -0.0003 -0.0003 -0.0002 -0.0002
 -0.0002 -0.0002 -0.0003 -0.0003 -0.0003 -0.0003 -0.0005 -0.0006 -0.0008 -0.0011 -0.0009 -0.0057  0.0208 -0.1959  1.0000 -0.1935  0.0217 -0.0067 -0.0012 -0.0016 -0.0013 -0.0002 -0.0003 -0.0003 -0.0002 -0.0002
 -0.0002 -0.0002 -0.0002 -0.0003 -0.0003 -0.0003 -0.0004 -0.0005 -0.0007 -0.0008 -0.0011 -0.0008 -0.0061  0.0213 -0.1935  1.0000 -0.2002  0.0233 -0.0068 -0.0012 -0.0015 -0.0003 -0.0004 -0.0003 -0.0003 -0.0003
 -0.0002 -0.0002 -0.0002 -0.0002 -0.0002 -0.0003 -0.0003 -0.0005 -0.0007 -0.0008 -0.0008 -0.0011 -0.0009 -0.0066  0.0217 -0.2002  1.0000 -0.2089  0.0206 -0.0061 -0.0013 -0.0006 -0.0005 -0.0004 -0.0003 -0.0003
 -0.0002 -0.0002 -0.0002 -0.0002 -0.0002 -0.0002 -0.0003 -0.0004 -0.0006 -0.0007 -0.0007 -0.0009 -0.0013 -0.0010 -0.0067  0.0233 -0.2089  1.0000 -0.1895  0.0174 -0.0048 -0.0004 -0.0008 -0.0005 -0.0004 -0.0005
 -0.0002 -0.0002 -0.0002 -0.0002 -0.0002 -0.0002 -0.0003 -0.0004 -0.0006 -0.0007 -0.0008 -0.0009 -0.0012 -0.0016 -0.0012 -0.0068  0.0206 -0.1895  1.0000 -0.1585  0.0132 -0.0034 -0.0010 -0.0009 -0.0006 -0.0007
 -0.0002 -0.0002 -0.0002 -0.0002 -0.0002 -0.0002 -0.0003 -0.0004 -0.0006 -0.0007 -0.0007 -0.0009 -0.0011 -0.0014 -0.0016 -0.0012 -0.0061  0.0174 -0.1585  1.0000 -0.1483  0.0127 -0.0042 -0.0013 -0.0010 -0.0011
 -0.0002 -0.0002 -0.0002 -0.0002 -0.0002 -0.0002 -0.0003 -0.0004 -0.0005 -0.0006 -0.0006 -0.0007 -0.0010 -0.0012 -0.0013 -0.0015 -0.0013 -0.0048  0.0132 -0.1483  1.0000 -0.1518  0.0148 -0.0036 -0.0009 -0.0013
  0.0000  0.0000  0.0000  0.0000  0.0000  0.0000  0.0000  0.0000 -0.0001 -0.0001 -0.0001 -0.0001 -0.0001 -0.0002 -0.0002 -0.0003 -0.0006 -0.0004 -0.0034  0.0127 -0.1518  1.0000 -0.1628  0.0115 -0.0032 -0.0044
  0.0000  0.0000  0.0000 -0.0001  0.0000 -0.0001 -0.0001 -0.0001 -0.0001 -0.0002 -0.0002 -0.0002 -0.0003 -0.0003 -0.0003 -0.0004 -0.0005 -0.0008 -0.0010 -0.0042  0.0148 -0.1628  1.0000 -0.1159  0.0078 -0.0118
  0.0000  0.0000  0.0000  0.0000  0.0000  0.0000  0.0000 -0.0001 -0.0001 -0.0001 -0.0001 -0.0001 -0.0002 -0.0003 -0.0003 -0.0003 -0.0004 -0.0005 -0.0009 -0.0013 -0.0036  0.0115 -0.1159  1.0000 -0.1021 -0.0235
  0.0000  0.0000  0.0000  0.0000  0.0000  0.0000  0.0000  0.0000 -0.0001 -0.0001 -0.0001 -0.0001 -0.0002 -0.0002 -0.0002 -0.0003 -0.0003 -0.0004 -0.0006 -0.0010 -0.0009 -0.0032  0.0078 -0.1021  1.0000 -0.1214
  0.0000  0.0000  0.0000  0.0000  0.0000  0.0000  0.0000 -0.0001 -0.0001 -0.0001 -0.0001 -0.0001 -0.0002 -0.0002 -0.0002 -0.0003 -0.0003 -0.0005 -0.0007 -0.0011 -0.0013 -0.0044 -0.0118 -0.0235 -0.1214  1.0000
  8.569258E+04 -2.238370E+03  1.410943E+02 -3.732457E+01 -1.340922E+01 -1.393630E+01 -8.967322E+00 -7.097705E+00 -5.928049E+00 -5.865865E+00 -5.428806E+00 -5.102564E+00 -4.318581E+00 -3.736697E+00 -3.286150E+00 -3.381677E+00 -2.830077E+00 -2.690246E+00 -2.282645E+00 -1.944844E+00 -2.024223E+00 -1.984575E-01 -4.739114E-01 -3.865651E-01 -4.416975E-01 -5.993486E-01
 -2.238370E+03  1.054343E+04 -1.059221E+03  5.474736E+01 -3.960834E+01 -1.461089E+01 -9.143082E+00 -6.048896E+00 -3.916037E+00 -3.193454E+00 -2.752513E+00 -2.304345E+00 -1.788848E+00 -1.545612E+00 -1.424969E+00 -1.199857E+00 -1.082714E+00 -8.919706E-01 -8.051299E-01 -6.871695E-01 -6.247633E-01 -9.192415E-02 -1.451553E-01 -9.908763E-02 -8.746253E-02 -1.260716E-01
  1.410943E+02 -1.059221E+03  1.187451E+04 -1.602563E+03  1.684673E+02 -6.432738E+01 -1.306397E+01 -8.849294E+00 -5.410028E+00 -4.199362E+00 -3.398943E+00 -2.865263E+00 -2.088869E+00 -1.779339E+00 -1.700771E+00 -1.497386E+00 -1.232985E+00 -1.111950E+00 -9.249580E-01 -8.055028E-01 -8.149924E-01 -1.126012E-01 -1.846457E-01 -1.106824E-01 -9.920701E-02 -1.381315E-01
 -3.732457E+01  5.474736E+01 -1.602563E+03  1.204797E+04 -2.555789E+03  2.055895E+02 -6.346153E+01 -1.137590E+01 -8.045241E+00 -5.310292E+00 -4.382062E+00 -3.500228E+00 -2.651403E+00 -2.141456E+00 -1.943877E+00 -1.806505E+00 -1.473198E+00 -1.278963E+00 -1.096863E+00 -9.239305E-01 -9.418264E-01 -1.545745E-01 -2.227587E-01 -1.314146E-01 -1.168094E-01 -1.761758E-01
 -1.340922E+01 -3.960834E+01  1.684673E+02 -2.555789E+03  2.013210E+04 -3.650587E+03  2.607550E+02 -6.632662E+01 -8.959139E+00 -8.532535E+00 -5.769869E+00 -4.596889E+00 -3.377298E+00 -2.753731E+00 -2.437031E+00 -2.141776E+00 -1.833928E+00 -1.509575E+00 -1.315343E+00 -1.085139E+00 -1.105603E+00 -1.593270E-01 -2.609747E-01 -1.455011E-01 -1.253206E-01 -2.124509E-01
 -1.393630E+01 -1.461089E+01 -6.432738E+01  2.055895E+02 -3.650587E+03  2.133108E+04 -2.968919E+03  2.188045E+02 -5.566987E+01 -7.954809E+00 -9.297344E+00 -5.713088E+00 -4.193621E+00 -3.462640E+00 -3.029168E+00 -2.580337E+00 -2.125869E+00 -1.780940E+00 -1.503116E+00 -1.239373E+00 -1.250378E+00 -1.798172E-01 -3.172330E-01 -1.745304E-01 -1.472971E-01 -2.693582E-01
 -8.967322E+00 -9.143082E+00 -1.306397E+01 -6.346153E+01  2.607550E+02 -2.968919E+03  1.306030E+04 -1.917075E+03  1.492685E+02 -4.293769E+01 -6.222280E+00 -7.053885E+00 -4.259641E+00 -3.402619E+00 -3.165267E+00 -2.684100E+00 -2.160395E+00 -1.849588E+00 -1.551737E+00 -1.298932E+00 -1.304739E+00 -1.652664E-01 -3.058290E-01 -1.850042E-01 -1.600480E-01 -2.451892E-01
 -7.097705E+00 -6.048896E+00 -8.849294E+00 -1.137590E+01 -6.632662E+01  2.188045E+02 -1.917075E+03  8.277890E+03 -1.243330E+03  1.192402E+02 -3.572412E+01 -4.942829E+00 -5.384900E+00 -3.669627E+00 -3.311968E+00 -2.913184E+00 -2.383126E+00 -2.005216E+00 -1.671120E+00 -1.389289E+00 -1.394960E+00 -1.837509E-01 -3.394215E-01 -2.128264E-01 -1.914550E-01 -2.530744E-01
 -5.928049E+00 -3.916037E+00 -5.410028E+00 -8.045241E+00 -8.959139E+00 -5.566987E+01  1.492685E+02 -1.243330E+03  5.345132E+03 -9.754566E+02  9.814586E+01 -2.789196E+01 -3.876682E+00 -4.590782E+00 -3.509881E+00 -3.068433E+00 -2.630501E+00 -2.230707E+00 -1.842441E+00 -1.485994E+00 -1.528279E+00 -1.822840E-01 -3.629804E-01 -2.374689E-01 -2.185984E-01 -2.671001E-01
 -5.865865E+00 -3.193454E+00 -4.199362E+00 -5.310292E+00 -8.532535E+00 -7.954809E+00 -4.293769E+01  1.192402E+02 -9.754566E+02  4.905433E+03 -9.552011E+02  9.041185E+01 -2.330068E+01 -3.571003E+00 -4.647945E+00 -3.483599E+00 -2.963279E+00 -2.553217E+00 -2.091165E+00 -1.653603E+00 -1.671968E+00 -2.084048E-01 -4.120678E-01 -2.760563E-01 -2.572272E-01 -3.012166E-01
 -5.428806E+00 -2.752513E+00 -3.398943E+00 -4.382062E+00 -5.769869E+00 -9.297344E+00 -6.222280E+00 -3.572412E+01  9.814586E+01 -9.552011E+02  5.369696E+03 -9.385509E+02  8.090218E+01 -2.300456E+01 -3.755298E+00 -4.767315E+00 -3.437537E+00 -2.889247E+00 -2.439603E+00 -1.907263E+00 -1.817989E+00 -2.418867E-01 -4.627979E-01 -3.139092E-01 -2.950103E-01 -3.608260E-01
 -5.102564E+00 -2.304345E+00 -2.865263E+00 -3.500228E+00 -4.596889E+00 -5.713088E+00 -7.053885E+00 -4.942829E+00 -2.789196E+01  9.041185E+01 -9.385509E+02  4.937974E+03 -7.798498E+02  7.640690E+01 -2.397258E+01 -3.552988E+00 -4.460412E+00 -3.288761E+00 -2.759680E+00 -2.173081E+00 -2.007177E+00 -2.875099E-01 -5.179217E-01 -3.568890E-01 -3.914335E-01 -3.893792E-01
 -4.318581E+00 -1.788848E+00 -2.088869E+00 -2.651403E+00 -3.377298E+00 -4.193621E+00 -4.259641E+00 -5.384900E+00 -3.876682E+00 -2.330068E+01  8.090218E+01 -7.798498E+02  3.481167E+03 -6.394618E+02  7.311760E+01 -2.169662E+01 -3.038399E+00 -4.118668E+00 -3.058008E+00 -2.448876E+00 -2.280880E+00 -3.294913E-01 -5.956854E-01 -4.313374E-01 -4.842787E-01 -4.413828E-01
 -3.736697E+00 -1.545612E+00 -1.779339E+00 -2.141456E+00 -2.753731E+00 -3.462640E+00 -3.402619E+00 -3.669627E+00 -4.590782E+00 -3.571003E+00 -2.300456E+01  7.640690E+01 -6.394618E+02  3.012119E+03 -6.411649E+02  7.019380E+01 -2.008628E+01 -2.871363E+00 -3.749145E+00 -2.755237E+00 -2.574410E+00 -4.458158E-01 -6.976783E-01 -5.146906E-01 -5.894892E-01 -5.398470E-01
 -3.286150E+00 -1.424969E+00 -1.700771E+00 -1.943877E+00 -2.437031E+00 -3.029168E+00 -3.165267E+00 -3.311968E+00 -3.509881E+00 -4.647945E+00 -3.755298E+00 -2.397258E+01  7.311760E+01 -6.411649E+02  3.555293E+03 -6.939569E+02  7.144328E+01 -2.121481E+01 -3.052280E+00 -3.400473E+00 -2.893670E+00 -6.165075E-01 -7.526929E-01 -5.715451E-01 -6.517792E-01 -6.225145E-01
 -3.381677E+00 -1.199857E+00 -1.497386E+00 -1.806505E+00 -2.141776E+00 -2.580337E+00 -2.684100E+00 -2.913184E+00 -3.068433E+00 -3.483599E+00 -4.767315E+00 -3.552988E+00 -2.169662E+01  7.019380E+01 -6.939569E+02  3.619495E+03 -6.650296E+02  7.449029E+01 -1.696666E+01 -2.656148E+00 -3.473306E+00 -8.876469E-01 -8.977498E-01 -6.827722E-01 -7.373957E-01 -7.513008E-01
 -2.830077E+00 -1.082714E+00 -1.232985E+00 -1.473198E+00 -1.833928E+00 -2.125869E+00 -2.160395E+00 -2.383126E+00 -2.630501E+00 -2.963279E+00 -3.437537E+00 -4.460412E+00 -3.038399E+00 -2.008628E+01  7.144328E+01 -6.650296E+02  3.049893E+03 -6.122108E+02  4.736927E+01 -1.218063E+01 -2.860044E+00 -1.327942E+00 -1.106723E+00 -8.301393E-01 -8.642518E-01 -9.239862E-01
 -2.690246E+00 -8.919706E-01 -1.111950E+00 -1.278963E+00 -1.509575E+00 -1.780940E+00 -1.849588E+00 -2.005216E+00 -2.230707E+00 -2.553217E+00 -2.889247E+00 -3.288761E+00 -4.118668E+00 -2.871363E+00 -2.121481E+01  7.449029E+01 -6.122108E+02  2.816523E+03 -4.195941E+02  3.348899E+01 -9.920537E+00 -9.820569E-01 -1.565983E+00 -1.012976E+00 -1.062026E+00 -1.192166E+00
 -2.282645E+00 -8.051299E-01 -9.249580E-01 -1.096863E+00 -1.315343E+00 -1.503116E+00 -1.551737E+00 -1.671120E+00 -1.842441E+00 -2.091165E+00 -2.439603E+00 -2.759680E+00 -3.058008E+00 -3.749145E+00 -3.052280E+00 -1.696666E+01  4.736927E+01 -4.195941E+02  1.740991E+03 -2.392681E+02  2.132090E+01 -6.066832E+00 -1.589482E+00 -1.341781E+00 -1.289235E+00 -1.504359E+00
 -1.944844E+00 -6.871695E-01 -8.055028E-01 -9.239305E-01 -1.085139E+00 -1.239373E+00 -1.298932E+00 -1.389289E+00 -1.485994E+00 -1.653603E+00 -1.907263E+00 -2.173081E+00 -2.448876E+00 -2.755237E+00 -3.400473E+00 -2.656148E+00 -1.218063E+01  3.348899E+01 -2.392681E+02  1.308896E+03 -2.075395E+02  1.986539E+01 -5.665738E+00 -1.637015E+00 -1.695344E+00 -2.005776E+00
 -2.024223E+00 -6.247633E-01 -8.149924E-01 -9.418264E-01 -1.105603E+00 -1.250378E+00 -1.304739E+00 -1.394960E+00 -1.528279E+00 -1.671968E+00 -1.817989E+00 -2.007177E+00 -2.280880E+00 -2.574410E+00 -2.893670E+00 -3.473306E+00 -2.860044E+00 -9.920537E+00  2.132090E+01 -2.075395E+02  1.496401E+03 -2.533997E+02  2.116786E+01 -5.039859E+00 -1.788585E+00 -2.557658E+00
 -1.984575E-01 -9.192415E-02 -1.126012E-01 -1.545745E-01 -1.593270E-01 -1.798172E-01 -1.652664E-01 -1.837509E-01 -1.822840E-01 -2.084048E-01 -2.418867E-01 -2.875099E-01 -3.294913E-01 -4.458158E-01 -6.165075E-01 -8.876469E-01 -1.327942E+00 -9.820569E-01 -6.066832E+00  1.986539E+01 -2.533997E+02  1.861885E+03 -2.593523E+02  1.793513E+01 -6.669860E+00 -9.502082E+00
 -4.739114E-01 -1.451553E-01 -1.846457E-01 -2.227587E-01 -2.609747E-01 -3.172330E-01 -3.058290E-01 -3.394215E-01 -3.629804E-01 -4.120678E-01 -4.627979E-01 -5.179217E-01 -5.956854E-01 -6.976783E-01 -7.526929E-01 -8.977498E-01 -1.106723E+00 -1.565983E+00 -1.589482E+00 -5.665738E+00  2.116786E+01 -2.593523E+02  1.363733E+03 -1.542369E+02  1.403908E+01 -2.165594E+01
 -3.865651E-01 -9.908763E-02 -1.106824E-01 -1.314146E-01 -1.455011E-01 -1.745304E-01 -1.850042E-01 -2.128264E-01 -2.374689E-01 -2.760563E-01 -3.139092E-01 -3.568890E-01 -4.313374E-01 -5.146906E-01 -5.715451E-01 -6.827722E-01 -8.301393E-01 -1.012976E+00 -1.341781E+00 -1.637015E+00 -5.039859E+00  1.793513E+01 -1.542369E+02  1.298099E+03 -1.799023E+02 -4.223768E+01
 -4.416975E-01 -8.746253E-02 -9.920701E-02 -1.168094E-01 -1.253206E-01 -1.472971E-01 -1.600480E-01 -1.914550E-01 -2.185984E-01 -2.572272E-01 -2.950103E-01 -3.914335E-01 -4.842787E-01 -5.894892E-01 -6.517792E-01 -7.373957E-01 -8.642518E-01 -1.062026E+00 -1.289235E+00 -1.695344E+00 -1.788585E+00 -6.669860E+00  1.403908E+01 -1.799023E+02  2.390062E+03 -2.957895E+02
 -5.993486E-01 -1.260716E-01 -1.381315E-01 -1.761758E-01 -2.124509E-01 -2.693582E-01 -2.451892E-01 -2.530744E-01 -2.671001E-01 -3.012166E-01 -3.608260E-01 -3.893792E-01 -4.413828E-01 -5.398470E-01 -6.225145E-01 -7.513008E-01 -9.239862E-01 -1.192166E+00 -1.504359E+00 -2.005776E+00 -2.557658E+00 -9.502082E+00 -2.165594E+01 -4.223768E+01 -2.957895E+02  2.483791E+03
#SZ 150
Acbar correlated bandpowers - CRC Oct 2007
