624.707 23.729 325.332 8.34963 157.386 3.57778
23.729 5.60873 11.6429 2.33996 6.39263 0.968056
325.332 11.6429 905.777 29.3392 515.271 14.1013
8.34963 2.33996 29.3392 5.42327 16.1422 2.85334
157.386 6.39263 515.271 16.1422 1375.12 40.4327
3.57778 0.968056 14.1013 2.85334 40.4327 6.25936
