# WiggleZ jan11 covariance:  9-hr region, 0.5 < z < 0.7
 -0.100E+01 -0.100E+01 -0.100E+01 -0.100E+01 -0.100E+01 -0.100E+01 -0.100E+01 -0.100E+01 -0.100E+01 -0.100E+01 -0.100E+01 -0.100E+01 -0.100E+01 -0.100E+01 -0.100E+01 -0.100E+01 -0.100E+01 -0.100E+01 -0.100E+01 -0.100E+01 -0.100E+01 -0.100E+01 -0.100E+01 -0.100E+01 -0.100E+01 -0.100E+01 -0.100E+01 -0.100E+01 -0.100E+01 -0.100E+01 -0.100E+01 -0.100E+01 -0.100E+01 -0.100E+01 -0.100E+01 -0.100E+01 -0.100E+01 -0.100E+01 -0.100E+01 -0.100E+01 -0.100E+01 -0.100E+01 -0.100E+01 -0.100E+01 -0.100E+01 -0.100E+01 -0.100E+01 -0.100E+01 -0.100E+01 -0.100E+01
 -0.100E+01  0.258E+09  0.965E+07  0.479E+07  0.200E+07  0.638E+06  0.600E+06  0.131E+06  0.674E+05  0.474E+05  0.183E+05  0.199E+05  0.109E+05  0.132E+05  0.341E+04  0.505E+04  0.271E+04  0.237E+04  0.179E+04  0.959E+03  0.139E+04  0.644E+03  0.690E+03  0.434E+03  0.479E+03  0.193E+03  0.238E+03  0.200E+03  0.139E+03  0.122E+03  0.899E+02  0.116E+03  0.769E+02  0.877E+02  0.589E+02  0.696E+02  0.509E+02  0.602E+02  0.375E+02  0.329E+02  0.385E+02  0.244E+02  0.337E+02  0.243E+02  0.253E+02  0.197E+02  0.182E+02  0.172E+02  0.168E+02  0.134E+02
 -0.100E+01  0.965E+07  0.465E+08  0.410E+07  0.145E+07  0.506E+06  0.311E+06  0.131E+06  0.748E+05  0.471E+05  0.140E+05  0.166E+05  0.751E+04  0.786E+04  0.280E+04  0.371E+04  0.214E+04  0.160E+04  0.127E+04  0.829E+03  0.105E+04  0.386E+03  0.556E+03  0.315E+03  0.347E+03  0.186E+03  0.186E+03  0.137E+03  0.110E+03  0.912E+02  0.677E+02  0.913E+02  0.544E+02  0.669E+02  0.441E+02  0.538E+02  0.360E+02  0.397E+02  0.312E+02  0.273E+02  0.300E+02  0.198E+02  0.261E+02  0.161E+02  0.198E+02  0.140E+02  0.154E+02  0.128E+02  0.116E+02  0.112E+02
 -0.100E+01  0.479E+07  0.410E+07  0.262E+08  0.170E+07  0.871E+06  0.263E+06  0.228E+06  0.607E+05  0.542E+05  0.156E+05  0.158E+05  0.872E+04  0.756E+04  0.337E+04  0.323E+04  0.261E+04  0.139E+04  0.140E+04  0.866E+03  0.926E+03  0.391E+03  0.541E+03  0.299E+03  0.336E+03  0.185E+03  0.184E+03  0.144E+03  0.110E+03  0.903E+02  0.695E+02  0.897E+02  0.546E+02  0.685E+02  0.432E+02  0.536E+02  0.375E+02  0.389E+02  0.304E+02  0.258E+02  0.293E+02  0.207E+02  0.233E+02  0.159E+02  0.207E+02  0.141E+02  0.140E+02  0.139E+02  0.116E+02  0.113E+02
 -0.100E+01  0.200E+07  0.145E+07  0.170E+07  0.885E+07  0.935E+06  0.447E+06  0.175E+06  0.792E+05  0.493E+05  0.176E+05  0.166E+05  0.790E+04  0.625E+04  0.329E+04  0.263E+04  0.231E+04  0.132E+04  0.124E+04  0.668E+03  0.788E+03  0.377E+03  0.457E+03  0.281E+03  0.273E+03  0.172E+03  0.166E+03  0.126E+03  0.923E+02  0.854E+02  0.627E+02  0.756E+02  0.490E+02  0.547E+02  0.391E+02  0.428E+02  0.328E+02  0.314E+02  0.286E+02  0.225E+02  0.257E+02  0.180E+02  0.195E+02  0.152E+02  0.160E+02  0.116E+02  0.126E+02  0.115E+02  0.976E+01  0.987E+01
 -0.100E+01  0.638E+06  0.506E+06  0.871E+06  0.935E+06  0.529E+07  0.559E+06  0.222E+06  0.932E+05  0.495E+05  0.258E+05  0.173E+05  0.801E+04  0.552E+04  0.340E+04  0.238E+04  0.212E+04  0.121E+04  0.118E+04  0.626E+03  0.708E+03  0.369E+03  0.404E+03  0.256E+03  0.236E+03  0.173E+03  0.151E+03  0.118E+03  0.841E+02  0.884E+02  0.573E+02  0.695E+02  0.445E+02  0.503E+02  0.353E+02  0.396E+02  0.305E+02  0.278E+02  0.261E+02  0.205E+02  0.244E+02  0.165E+02  0.182E+02  0.140E+02  0.148E+02  0.109E+02  0.111E+02  0.103E+02  0.903E+01  0.910E+01
 -0.100E+01  0.600E+06  0.311E+06  0.263E+06  0.447E+06  0.559E+06  0.351E+07  0.347E+06  0.123E+06  0.590E+05  0.320E+05  0.185E+05  0.104E+05  0.669E+04  0.373E+04  0.252E+04  0.200E+04  0.125E+04  0.116E+04  0.696E+03  0.703E+03  0.410E+03  0.393E+03  0.277E+03  0.235E+03  0.182E+03  0.145E+03  0.122E+03  0.853E+02  0.879E+02  0.594E+02  0.646E+02  0.456E+02  0.465E+02  0.355E+02  0.357E+02  0.320E+02  0.278E+02  0.258E+02  0.202E+02  0.236E+02  0.169E+02  0.177E+02  0.136E+02  0.139E+02  0.111E+02  0.113E+02  0.103E+02  0.898E+01  0.896E+01
 -0.100E+01  0.131E+06  0.131E+06  0.228E+06  0.175E+06  0.222E+06  0.347E+06  0.177E+07  0.192E+06  0.656E+05  0.350E+05  0.226E+05  0.117E+05  0.749E+04  0.390E+04  0.253E+04  0.190E+04  0.127E+04  0.103E+04  0.666E+03  0.635E+03  0.409E+03  0.369E+03  0.259E+03  0.209E+03  0.173E+03  0.136E+03  0.120E+03  0.800E+02  0.852E+02  0.556E+02  0.605E+02  0.442E+02  0.420E+02  0.333E+02  0.322E+02  0.305E+02  0.242E+02  0.238E+02  0.185E+02  0.208E+02  0.155E+02  0.163E+02  0.130E+02  0.128E+02  0.101E+02  0.101E+02  0.981E+01  0.818E+01  0.804E+01
 -0.100E+01  0.674E+05  0.748E+05  0.607E+05  0.792E+05  0.932E+05  0.123E+06  0.192E+06  0.106E+07  0.114E+06  0.500E+05  0.221E+05  0.152E+05  0.828E+04  0.525E+04  0.277E+04  0.180E+04  0.132E+04  0.980E+03  0.740E+03  0.561E+03  0.407E+03  0.321E+03  0.258E+03  0.190E+03  0.166E+03  0.123E+03  0.114E+03  0.816E+02  0.790E+02  0.559E+02  0.534E+02  0.431E+02  0.378E+02  0.329E+02  0.283E+02  0.276E+02  0.217E+02  0.218E+02  0.174E+02  0.188E+02  0.143E+02  0.149E+02  0.118E+02  0.114E+02  0.995E+01  0.908E+01  0.905E+01  0.770E+01  0.787E+01
 -0.100E+01  0.474E+05  0.471E+05  0.542E+05  0.493E+05  0.495E+05  0.590E+05  0.656E+05  0.114E+06  0.642E+06  0.780E+05  0.304E+05  0.148E+05  0.112E+05  0.503E+04  0.332E+04  0.202E+04  0.128E+04  0.935E+03  0.661E+03  0.543E+03  0.377E+03  0.332E+03  0.238E+03  0.195E+03  0.155E+03  0.124E+03  0.105E+03  0.792E+02  0.743E+02  0.549E+02  0.528E+02  0.392E+02  0.358E+02  0.294E+02  0.263E+02  0.245E+02  0.200E+02  0.197E+02  0.161E+02  0.164E+02  0.137E+02  0.134E+02  0.111E+02  0.106E+02  0.914E+01  0.881E+01  0.806E+01  0.686E+01  0.710E+01
 -0.100E+01  0.183E+05  0.140E+05  0.156E+05  0.176E+05  0.258E+05  0.320E+05  0.350E+05  0.500E+05  0.780E+05  0.492E+06  0.494E+05  0.223E+05  0.117E+05  0.773E+04  0.384E+04  0.252E+04  0.141E+04  0.985E+03  0.717E+03  0.553E+03  0.415E+03  0.318E+03  0.243E+03  0.180E+03  0.160E+03  0.116E+03  0.104E+03  0.829E+02  0.733E+02  0.563E+02  0.508E+02  0.418E+02  0.345E+02  0.304E+02  0.258E+02  0.244E+02  0.202E+02  0.191E+02  0.159E+02  0.156E+02  0.137E+02  0.126E+02  0.112E+02  0.995E+01  0.904E+01  0.805E+01  0.816E+01  0.680E+01  0.684E+01
 -0.100E+01  0.199E+05  0.166E+05  0.158E+05  0.166E+05  0.173E+05  0.185E+05  0.226E+05  0.221E+05  0.304E+05  0.494E+05  0.319E+06  0.373E+05  0.164E+05  0.894E+04  0.534E+04  0.309E+04  0.179E+04  0.129E+04  0.749E+03  0.574E+03  0.398E+03  0.336E+03  0.241E+03  0.212E+03  0.157E+03  0.127E+03  0.103E+03  0.822E+02  0.743E+02  0.568E+02  0.524E+02  0.410E+02  0.352E+02  0.288E+02  0.269E+02  0.234E+02  0.195E+02  0.176E+02  0.153E+02  0.151E+02  0.128E+02  0.123E+02  0.106E+02  0.973E+01  0.879E+01  0.806E+01  0.768E+01  0.658E+01  0.667E+01
 -0.100E+01  0.109E+05  0.751E+04  0.872E+04  0.790E+04  0.801E+04  0.104E+05  0.117E+05  0.152E+05  0.148E+05  0.223E+05  0.373E+05  0.270E+06  0.268E+05  0.141E+05  0.687E+04  0.411E+04  0.232E+04  0.152E+04  0.853E+03  0.608E+03  0.472E+03  0.337E+03  0.256E+03  0.200E+03  0.164E+03  0.123E+03  0.109E+03  0.801E+02  0.738E+02  0.563E+02  0.511E+02  0.419E+02  0.347E+02  0.290E+02  0.259E+02  0.229E+02  0.189E+02  0.178E+02  0.149E+02  0.146E+02  0.126E+02  0.117E+02  0.104E+02  0.931E+01  0.869E+01  0.760E+01  0.752E+01  0.655E+01  0.637E+01
 -0.100E+01  0.132E+05  0.786E+04  0.756E+04  0.625E+04  0.552E+04  0.669E+04  0.749E+04  0.828E+04  0.112E+05  0.117E+05  0.164E+05  0.268E+05  0.191E+06  0.205E+05  0.943E+04  0.507E+04  0.288E+04  0.193E+04  0.114E+04  0.822E+03  0.481E+03  0.356E+03  0.266E+03  0.219E+03  0.170E+03  0.131E+03  0.107E+03  0.860E+02  0.741E+02  0.560E+02  0.525E+02  0.412E+02  0.358E+02  0.295E+02  0.265E+02  0.228E+02  0.186E+02  0.169E+02  0.145E+02  0.140E+02  0.122E+02  0.114E+02  0.978E+01  0.906E+01  0.834E+01  0.750E+01  0.731E+01  0.625E+01  0.632E+01
 -0.100E+01  0.341E+04  0.280E+04  0.337E+04  0.329E+04  0.340E+04  0.373E+04  0.390E+04  0.525E+04  0.503E+04  0.773E+04  0.894E+04  0.141E+05  0.205E+05  0.149E+06  0.152E+05  0.679E+04  0.390E+04  0.262E+04  0.142E+04  0.948E+03  0.593E+03  0.384E+03  0.285E+03  0.218E+03  0.176E+03  0.141E+03  0.114E+03  0.866E+02  0.759E+02  0.585E+02  0.521E+02  0.421E+02  0.364E+02  0.308E+02  0.260E+02  0.231E+02  0.185E+02  0.173E+02  0.146E+02  0.136E+02  0.126E+02  0.108E+02  0.101E+02  0.878E+01  0.833E+01  0.744E+01  0.726E+01  0.611E+01  0.621E+01
 -0.100E+01  0.505E+04  0.371E+04  0.323E+04  0.263E+04  0.238E+04  0.252E+04  0.253E+04  0.277E+04  0.332E+04  0.384E+04  0.534E+04  0.687E+04  0.943E+04  0.152E+05  0.112E+06  0.121E+05  0.592E+04  0.301E+04  0.200E+04  0.114E+04  0.779E+03  0.474E+03  0.330E+03  0.248E+03  0.182E+03  0.147E+03  0.118E+03  0.888E+02  0.784E+02  0.602E+02  0.525E+02  0.432E+02  0.367E+02  0.315E+02  0.277E+02  0.231E+02  0.190E+02  0.168E+02  0.145E+02  0.132E+02  0.121E+02  0.106E+02  0.980E+01  0.859E+01  0.794E+01  0.745E+01  0.708E+01  0.608E+01  0.593E+01
 -0.100E+01  0.271E+04  0.214E+04  0.261E+04  0.231E+04  0.212E+04  0.200E+04  0.190E+04  0.180E+04  0.202E+04  0.252E+04  0.309E+04  0.411E+04  0.507E+04  0.679E+04  0.121E+05  0.893E+05  0.983E+04  0.422E+04  0.254E+04  0.172E+04  0.918E+03  0.661E+03  0.370E+03  0.269E+03  0.208E+03  0.151E+03  0.122E+03  0.939E+02  0.849E+02  0.605E+02  0.550E+02  0.441E+02  0.385E+02  0.310E+02  0.273E+02  0.239E+02  0.197E+02  0.175E+02  0.145E+02  0.138E+02  0.118E+02  0.108E+02  0.950E+01  0.863E+01  0.771E+01  0.724E+01  0.683E+01  0.595E+01  0.583E+01
 -0.100E+01  0.237E+04  0.160E+04  0.139E+04  0.132E+04  0.121E+04  0.125E+04  0.127E+04  0.132E+04  0.128E+04  0.141E+04  0.179E+04  0.232E+04  0.288E+04  0.390E+04  0.592E+04  0.983E+04  0.761E+05  0.811E+04  0.390E+04  0.215E+04  0.143E+04  0.768E+03  0.549E+03  0.345E+03  0.232E+03  0.169E+03  0.138E+03  0.110E+03  0.835E+02  0.687E+02  0.567E+02  0.479E+02  0.384E+02  0.338E+02  0.286E+02  0.255E+02  0.209E+02  0.186E+02  0.155E+02  0.138E+02  0.120E+02  0.107E+02  0.947E+01  0.875E+01  0.768E+01  0.726E+01  0.676E+01  0.608E+01  0.573E+01
 -0.100E+01  0.179E+04  0.127E+04  0.140E+04  0.124E+04  0.118E+04  0.116E+04  0.103E+04  0.980E+03  0.935E+03  0.985E+03  0.129E+04  0.152E+04  0.193E+04  0.262E+04  0.301E+04  0.422E+04  0.811E+04  0.602E+05  0.632E+04  0.311E+04  0.174E+04  0.126E+04  0.636E+03  0.480E+03  0.306E+03  0.201E+03  0.158E+03  0.113E+03  0.950E+02  0.730E+02  0.627E+02  0.465E+02  0.428E+02  0.337E+02  0.290E+02  0.247E+02  0.215E+02  0.190E+02  0.155E+02  0.141E+02  0.118E+02  0.107E+02  0.925E+01  0.844E+01  0.778E+01  0.721E+01  0.687E+01  0.596E+01  0.573E+01
 -0.100E+01  0.959E+03  0.829E+03  0.866E+03  0.668E+03  0.626E+03  0.696E+03  0.666E+03  0.740E+03  0.661E+03  0.717E+03  0.749E+03  0.853E+03  0.114E+04  0.142E+04  0.200E+04  0.254E+04  0.390E+04  0.632E+04  0.533E+05  0.502E+04  0.273E+04  0.150E+04  0.102E+04  0.555E+03  0.380E+03  0.224E+03  0.176E+03  0.128E+03  0.992E+02  0.813E+02  0.667E+02  0.551E+02  0.426E+02  0.361E+02  0.308E+02  0.272E+02  0.223E+02  0.191E+02  0.163E+02  0.143E+02  0.128E+02  0.108E+02  0.102E+02  0.860E+01  0.803E+01  0.688E+01  0.689E+01  0.582E+01  0.577E+01
 -0.100E+01  0.139E+04  0.105E+04  0.926E+03  0.788E+03  0.708E+03  0.703E+03  0.635E+03  0.561E+03  0.543E+03  0.553E+03  0.574E+03  0.608E+03  0.822E+03  0.948E+03  0.114E+04  0.172E+04  0.215E+04  0.311E+04  0.502E+04  0.421E+05  0.472E+04  0.223E+04  0.126E+04  0.776E+03  0.533E+03  0.320E+03  0.226E+03  0.147E+03  0.116E+03  0.851E+02  0.711E+02  0.558E+02  0.472E+02  0.371E+02  0.333E+02  0.270E+02  0.234E+02  0.199E+02  0.171E+02  0.152E+02  0.133E+02  0.117E+02  0.974E+01  0.890E+01  0.780E+01  0.723E+01  0.664E+01  0.580E+01  0.570E+01
 -0.100E+01  0.644E+03  0.386E+03  0.391E+03  0.377E+03  0.369E+03  0.410E+03  0.409E+03  0.407E+03  0.377E+03  0.415E+03  0.398E+03  0.472E+03  0.481E+03  0.593E+03  0.779E+03  0.918E+03  0.143E+04  0.174E+04  0.273E+04  0.472E+04  0.377E+05  0.376E+04  0.196E+04  0.972E+03  0.758E+03  0.395E+03  0.324E+03  0.168E+03  0.129E+03  0.961E+02  0.744E+02  0.624E+02  0.499E+02  0.413E+02  0.345E+02  0.300E+02  0.239E+02  0.207E+02  0.181E+02  0.158E+02  0.138E+02  0.122E+02  0.104E+02  0.889E+01  0.793E+01  0.722E+01  0.659E+01  0.576E+01  0.559E+01
 -0.100E+01  0.690E+03  0.556E+03  0.541E+03  0.457E+03  0.404E+03  0.393E+03  0.369E+03  0.321E+03  0.332E+03  0.318E+03  0.336E+03  0.337E+03  0.356E+03  0.384E+03  0.474E+03  0.661E+03  0.768E+03  0.126E+04  0.150E+04  0.223E+04  0.376E+04  0.324E+05  0.344E+04  0.150E+04  0.886E+03  0.617E+03  0.369E+03  0.282E+03  0.177E+03  0.114E+03  0.839E+02  0.675E+02  0.578E+02  0.434E+02  0.394E+02  0.312E+02  0.263E+02  0.227E+02  0.183E+02  0.167E+02  0.142E+02  0.127E+02  0.109E+02  0.960E+01  0.805E+01  0.747E+01  0.673E+01  0.589E+01  0.571E+01
 -0.100E+01  0.434E+03  0.315E+03  0.299E+03  0.281E+03  0.256E+03  0.277E+03  0.259E+03  0.258E+03  0.238E+03  0.243E+03  0.241E+03  0.256E+03  0.266E+03  0.285E+03  0.330E+03  0.370E+03  0.549E+03  0.636E+03  0.102E+04  0.126E+04  0.196E+04  0.344E+04  0.269E+05  0.290E+04  0.153E+04  0.767E+03  0.552E+03  0.328E+03  0.233E+03  0.141E+03  0.101E+03  0.759E+02  0.609E+02  0.479E+02  0.406E+02  0.341E+02  0.270E+02  0.239E+02  0.202E+02  0.175E+02  0.150E+02  0.131E+02  0.116E+02  0.978E+01  0.867E+01  0.764E+01  0.688E+01  0.619E+01  0.560E+01
 -0.100E+01  0.479E+03  0.347E+03  0.336E+03  0.273E+03  0.236E+03  0.235E+03  0.209E+03  0.190E+03  0.195E+03  0.180E+03  0.212E+03  0.200E+03  0.219E+03  0.218E+03  0.248E+03  0.269E+03  0.345E+03  0.480E+03  0.555E+03  0.776E+03  0.972E+03  0.150E+04  0.290E+04  0.240E+05  0.249E+04  0.139E+04  0.735E+03  0.470E+03  0.339E+03  0.191E+03  0.155E+03  0.929E+02  0.726E+02  0.551E+02  0.448E+02  0.369E+02  0.316E+02  0.253E+02  0.213E+02  0.182E+02  0.158E+02  0.142E+02  0.121E+02  0.103E+02  0.887E+01  0.812E+01  0.726E+01  0.629E+01  0.594E+01
 -0.100E+01  0.193E+03  0.186E+03  0.185E+03  0.172E+03  0.173E+03  0.182E+03  0.173E+03  0.166E+03  0.155E+03  0.160E+03  0.157E+03  0.164E+03  0.170E+03  0.176E+03  0.182E+03  0.208E+03  0.232E+03  0.306E+03  0.380E+03  0.533E+03  0.758E+03  0.886E+03  0.153E+04  0.249E+04  0.210E+05  0.227E+04  0.125E+04  0.642E+03  0.457E+03  0.270E+03  0.177E+03  0.121E+03  0.776E+02  0.607E+02  0.500E+02  0.412E+02  0.330E+02  0.294E+02  0.230E+02  0.190E+02  0.163E+02  0.141E+02  0.127E+02  0.108E+02  0.933E+01  0.829E+01  0.760E+01  0.662E+01  0.589E+01
 -0.100E+01  0.238E+03  0.186E+03  0.184E+03  0.166E+03  0.151E+03  0.145E+03  0.136E+03  0.123E+03  0.124E+03  0.116E+03  0.127E+03  0.123E+03  0.131E+03  0.141E+03  0.147E+03  0.151E+03  0.169E+03  0.201E+03  0.224E+03  0.320E+03  0.395E+03  0.617E+03  0.767E+03  0.139E+04  0.227E+04  0.197E+05  0.214E+04  0.104E+04  0.555E+03  0.381E+03  0.230E+03  0.161E+03  0.981E+02  0.759E+02  0.571E+02  0.455E+02  0.384E+02  0.300E+02  0.258E+02  0.210E+02  0.182E+02  0.150E+02  0.135E+02  0.116E+02  0.985E+01  0.930E+01  0.811E+01  0.705E+01  0.621E+01
 -0.100E+01  0.200E+03  0.137E+03  0.144E+03  0.126E+03  0.118E+03  0.122E+03  0.120E+03  0.114E+03  0.105E+03  0.104E+03  0.103E+03  0.109E+03  0.107E+03  0.114E+03  0.118E+03  0.122E+03  0.138E+03  0.158E+03  0.176E+03  0.226E+03  0.324E+03  0.369E+03  0.552E+03  0.735E+03  0.125E+04  0.214E+04  0.172E+05  0.184E+04  0.882E+03  0.530E+03  0.343E+03  0.202E+03  0.168E+03  0.976E+02  0.669E+02  0.526E+02  0.382E+02  0.334E+02  0.285E+02  0.249E+02  0.201E+02  0.165E+02  0.142E+02  0.126E+02  0.107E+02  0.929E+01  0.818E+01  0.711E+01  0.643E+01
 -0.100E+01  0.139E+03  0.110E+03  0.110E+03  0.923E+02  0.841E+02  0.853E+02  0.800E+02  0.816E+02  0.792E+02  0.829E+02  0.822E+02  0.801E+02  0.860E+02  0.866E+02  0.888E+02  0.939E+02  0.110E+03  0.113E+03  0.128E+03  0.147E+03  0.168E+03  0.282E+03  0.328E+03  0.470E+03  0.642E+03  0.104E+04  0.184E+04  0.161E+05  0.168E+04  0.853E+03  0.500E+03  0.326E+03  0.184E+03  0.139E+03  0.828E+02  0.614E+02  0.477E+02  0.389E+02  0.318E+02  0.265E+02  0.217E+02  0.175E+02  0.153E+02  0.126E+02  0.112E+02  0.962E+01  0.898E+01  0.793E+01  0.673E+01
 -0.100E+01  0.122E+03  0.912E+02  0.903E+02  0.854E+02  0.884E+02  0.879E+02  0.852E+02  0.790E+02  0.743E+02  0.733E+02  0.743E+02  0.738E+02  0.741E+02  0.759E+02  0.784E+02  0.849E+02  0.835E+02  0.950E+02  0.992E+02  0.116E+03  0.129E+03  0.177E+03  0.233E+03  0.339E+03  0.457E+03  0.555E+03  0.882E+03  0.168E+04  0.139E+05  0.157E+04  0.837E+03  0.430E+03  0.312E+03  0.178E+03  0.139E+03  0.794E+02  0.559E+02  0.438E+02  0.350E+02  0.283E+02  0.237E+02  0.208E+02  0.160E+02  0.147E+02  0.121E+02  0.108E+02  0.941E+01  0.816E+01  0.768E+01
 -0.100E+01  0.899E+02  0.677E+02  0.695E+02  0.627E+02  0.573E+02  0.594E+02  0.556E+02  0.559E+02  0.549E+02  0.563E+02  0.568E+02  0.563E+02  0.560E+02  0.585E+02  0.602E+02  0.605E+02  0.687E+02  0.730E+02  0.813E+02  0.851E+02  0.961E+02  0.114E+03  0.141E+03  0.191E+03  0.270E+03  0.381E+03  0.530E+03  0.853E+03  0.157E+04  0.132E+05  0.133E+04  0.687E+03  0.354E+03  0.288E+03  0.146E+03  0.115E+03  0.721E+02  0.498E+02  0.422E+02  0.316E+02  0.267E+02  0.226E+02  0.198E+02  0.147E+02  0.135E+02  0.113E+02  0.101E+02  0.864E+01  0.750E+01
 -0.100E+01  0.116E+03  0.913E+02  0.897E+02  0.756E+02  0.695E+02  0.646E+02  0.605E+02  0.534E+02  0.528E+02  0.508E+02  0.524E+02  0.511E+02  0.525E+02  0.521E+02  0.525E+02  0.550E+02  0.567E+02  0.627E+02  0.667E+02  0.711E+02  0.744E+02  0.839E+02  0.101E+03  0.155E+03  0.177E+03  0.230E+03  0.343E+03  0.500E+03  0.837E+03  0.133E+04  0.113E+05  0.129E+04  0.629E+03  0.325E+03  0.249E+03  0.162E+03  0.113E+03  0.685E+02  0.502E+02  0.373E+02  0.281E+02  0.233E+02  0.207E+02  0.178E+02  0.140E+02  0.121E+02  0.102E+02  0.888E+01  0.808E+01
 -0.100E+01  0.769E+02  0.544E+02  0.546E+02  0.490E+02  0.445E+02  0.456E+02  0.442E+02  0.431E+02  0.392E+02  0.418E+02  0.410E+02  0.419E+02  0.412E+02  0.421E+02  0.432E+02  0.441E+02  0.479E+02  0.465E+02  0.551E+02  0.558E+02  0.624E+02  0.675E+02  0.759E+02  0.929E+02  0.121E+03  0.161E+03  0.202E+03  0.326E+03  0.430E+03  0.687E+03  0.129E+04  0.106E+05  0.111E+04  0.548E+03  0.297E+03  0.245E+03  0.156E+03  0.127E+03  0.586E+02  0.432E+02  0.356E+02  0.275E+02  0.233E+02  0.188E+02  0.166E+02  0.134E+02  0.115E+02  0.958E+01  0.876E+01
 -0.100E+01  0.877E+02  0.669E+02  0.685E+02  0.547E+02  0.503E+02  0.465E+02  0.420E+02  0.378E+02  0.358E+02  0.345E+02  0.352E+02  0.347E+02  0.358E+02  0.364E+02  0.367E+02  0.385E+02  0.384E+02  0.428E+02  0.426E+02  0.472E+02  0.499E+02  0.578E+02  0.609E+02  0.726E+02  0.776E+02  0.981E+02  0.168E+03  0.184E+03  0.312E+03  0.354E+03  0.629E+03  0.111E+04  0.978E+04  0.112E+04  0.449E+03  0.279E+03  0.195E+03  0.130E+03  0.892E+02  0.600E+02  0.395E+02  0.335E+02  0.247E+02  0.207E+02  0.175E+02  0.154E+02  0.120E+02  0.102E+02  0.956E+01
 -0.100E+01  0.589E+02  0.441E+02  0.432E+02  0.391E+02  0.353E+02  0.355E+02  0.333E+02  0.329E+02  0.294E+02  0.304E+02  0.288E+02  0.290E+02  0.295E+02  0.308E+02  0.315E+02  0.310E+02  0.338E+02  0.337E+02  0.361E+02  0.371E+02  0.413E+02  0.434E+02  0.479E+02  0.551E+02  0.607E+02  0.759E+02  0.976E+02  0.139E+03  0.178E+03  0.288E+03  0.325E+03  0.548E+03  0.112E+04  0.949E+04  0.893E+03  0.522E+03  0.299E+03  0.209E+03  0.122E+03  0.926E+02  0.566E+02  0.376E+02  0.306E+02  0.231E+02  0.199E+02  0.173E+02  0.146E+02  0.120E+02  0.105E+02
 -0.100E+01  0.696E+02  0.538E+02  0.536E+02  0.428E+02  0.396E+02  0.357E+02  0.322E+02  0.283E+02  0.263E+02  0.258E+02  0.269E+02  0.259E+02  0.265E+02  0.260E+02  0.277E+02  0.273E+02  0.286E+02  0.290E+02  0.308E+02  0.333E+02  0.345E+02  0.394E+02  0.406E+02  0.448E+02  0.500E+02  0.571E+02  0.669E+02  0.828E+02  0.139E+03  0.146E+03  0.249E+03  0.297E+03  0.449E+03  0.893E+03  0.832E+04  0.824E+03  0.411E+03  0.272E+03  0.171E+03  0.118E+03  0.869E+02  0.506E+02  0.351E+02  0.281E+02  0.209E+02  0.181E+02  0.164E+02  0.137E+02  0.111E+02
 -0.100E+01  0.509E+02  0.360E+02  0.375E+02  0.328E+02  0.305E+02  0.320E+02  0.305E+02  0.276E+02  0.245E+02  0.244E+02  0.234E+02  0.229E+02  0.228E+02  0.231E+02  0.231E+02  0.239E+02  0.255E+02  0.247E+02  0.272E+02  0.270E+02  0.300E+02  0.312E+02  0.341E+02  0.369E+02  0.412E+02  0.455E+02  0.526E+02  0.614E+02  0.794E+02  0.115E+03  0.162E+03  0.245E+03  0.279E+03  0.522E+03  0.824E+03  0.791E+04  0.788E+03  0.401E+03  0.234E+03  0.175E+03  0.997E+02  0.794E+02  0.520E+02  0.327E+02  0.261E+02  0.216E+02  0.176E+02  0.135E+02  0.118E+02
 -0.100E+01  0.602E+02  0.397E+02  0.389E+02  0.314E+02  0.278E+02  0.278E+02  0.242E+02  0.217E+02  0.200E+02  0.202E+02  0.195E+02  0.189E+02  0.186E+02  0.185E+02  0.190E+02  0.197E+02  0.209E+02  0.215E+02  0.223E+02  0.234E+02  0.239E+02  0.263E+02  0.270E+02  0.316E+02  0.330E+02  0.384E+02  0.382E+02  0.477E+02  0.559E+02  0.721E+02  0.113E+03  0.156E+03  0.195E+03  0.299E+03  0.411E+03  0.788E+03  0.715E+04  0.655E+03  0.406E+03  0.219E+03  0.169E+03  0.907E+02  0.667E+02  0.418E+02  0.302E+02  0.262E+02  0.203E+02  0.160E+02  0.136E+02
 -0.100E+01  0.375E+02  0.312E+02  0.304E+02  0.286E+02  0.261E+02  0.258E+02  0.238E+02  0.218E+02  0.197E+02  0.191E+02  0.176E+02  0.178E+02  0.169E+02  0.173E+02  0.168E+02  0.175E+02  0.186E+02  0.190E+02  0.191E+02  0.199E+02  0.207E+02  0.227E+02  0.239E+02  0.253E+02  0.294E+02  0.300E+02  0.334E+02  0.389E+02  0.438E+02  0.498E+02  0.685E+02  0.127E+03  0.130E+03  0.209E+03  0.272E+03  0.401E+03  0.655E+03  0.678E+04  0.719E+03  0.346E+03  0.197E+03  0.133E+03  0.103E+03  0.666E+02  0.401E+02  0.292E+02  0.244E+02  0.185E+02  0.155E+02
 -0.100E+01  0.329E+02  0.273E+02  0.258E+02  0.225E+02  0.205E+02  0.202E+02  0.185E+02  0.174E+02  0.161E+02  0.159E+02  0.153E+02  0.149E+02  0.145E+02  0.146E+02  0.145E+02  0.145E+02  0.155E+02  0.155E+02  0.163E+02  0.171E+02  0.181E+02  0.183E+02  0.202E+02  0.213E+02  0.230E+02  0.258E+02  0.285E+02  0.318E+02  0.350E+02  0.422E+02  0.502E+02  0.586E+02  0.892E+02  0.122E+03  0.171E+03  0.234E+03  0.406E+03  0.719E+03  0.653E+04  0.656E+03  0.351E+03  0.193E+03  0.143E+03  0.852E+02  0.602E+02  0.381E+02  0.280E+02  0.222E+02  0.166E+02
 -0.100E+01  0.385E+02  0.300E+02  0.293E+02  0.257E+02  0.244E+02  0.236E+02  0.208E+02  0.188E+02  0.164E+02  0.156E+02  0.151E+02  0.146E+02  0.140E+02  0.136E+02  0.132E+02  0.138E+02  0.138E+02  0.141E+02  0.143E+02  0.152E+02  0.158E+02  0.167E+02  0.175E+02  0.182E+02  0.190E+02  0.210E+02  0.249E+02  0.265E+02  0.283E+02  0.316E+02  0.373E+02  0.432E+02  0.600E+02  0.926E+02  0.118E+03  0.175E+03  0.219E+03  0.346E+03  0.656E+03  0.591E+04  0.617E+03  0.283E+03  0.159E+03  0.158E+03  0.776E+02  0.771E+02  0.416E+02  0.252E+02  0.195E+02
 -0.100E+01  0.244E+02  0.198E+02  0.207E+02  0.180E+02  0.165E+02  0.169E+02  0.155E+02  0.143E+02  0.137E+02  0.137E+02  0.128E+02  0.126E+02  0.122E+02  0.126E+02  0.121E+02  0.118E+02  0.120E+02  0.118E+02  0.128E+02  0.133E+02  0.138E+02  0.142E+02  0.150E+02  0.158E+02  0.163E+02  0.182E+02  0.201E+02  0.217E+02  0.237E+02  0.267E+02  0.281E+02  0.356E+02  0.395E+02  0.566E+02  0.869E+02  0.997E+02  0.169E+03  0.197E+03  0.351E+03  0.617E+03  0.573E+04  0.596E+03  0.280E+03  0.175E+03  0.105E+03  0.719E+02  0.674E+02  0.327E+02  0.226E+02
 -0.100E+01  0.337E+02  0.261E+02  0.233E+02  0.195E+02  0.182E+02  0.177E+02  0.163E+02  0.149E+02  0.134E+02  0.126E+02  0.123E+02  0.117E+02  0.114E+02  0.108E+02  0.106E+02  0.108E+02  0.107E+02  0.107E+02  0.108E+02  0.117E+02  0.122E+02  0.127E+02  0.131E+02  0.142E+02  0.141E+02  0.150E+02  0.165E+02  0.175E+02  0.208E+02  0.226E+02  0.233E+02  0.275E+02  0.335E+02  0.376E+02  0.506E+02  0.794E+02  0.907E+02  0.133E+03  0.193E+03  0.283E+03  0.596E+03  0.535E+04  0.583E+03  0.296E+03  0.167E+03  0.124E+03  0.749E+02  0.508E+02  0.331E+02
 -0.100E+01  0.243E+02  0.161E+02  0.159E+02  0.152E+02  0.140E+02  0.136E+02  0.130E+02  0.118E+02  0.111E+02  0.112E+02  0.106E+02  0.104E+02  0.978E+01  0.101E+02  0.980E+01  0.950E+01  0.947E+01  0.925E+01  0.102E+02  0.974E+01  0.104E+02  0.109E+02  0.116E+02  0.121E+02  0.127E+02  0.135E+02  0.142E+02  0.153E+02  0.160E+02  0.198E+02  0.207E+02  0.233E+02  0.247E+02  0.306E+02  0.351E+02  0.520E+02  0.667E+02  0.103E+03  0.143E+03  0.159E+03  0.280E+03  0.583E+03  0.494E+04  0.420E+03  0.279E+03  0.155E+03  0.105E+03  0.549E+02  0.481E+02
 -0.100E+01  0.253E+02  0.198E+02  0.207E+02  0.160E+02  0.148E+02  0.139E+02  0.128E+02  0.114E+02  0.106E+02  0.995E+01  0.973E+01  0.931E+01  0.906E+01  0.878E+01  0.859E+01  0.863E+01  0.875E+01  0.844E+01  0.860E+01  0.890E+01  0.889E+01  0.960E+01  0.978E+01  0.103E+02  0.108E+02  0.116E+02  0.126E+02  0.126E+02  0.147E+02  0.147E+02  0.178E+02  0.188E+02  0.207E+02  0.231E+02  0.281E+02  0.327E+02  0.418E+02  0.666E+02  0.852E+02  0.158E+03  0.175E+03  0.296E+03  0.420E+03  0.474E+04  0.464E+03  0.231E+03  0.124E+03  0.927E+02  0.644E+02
 -0.100E+01  0.197E+02  0.140E+02  0.141E+02  0.116E+02  0.109E+02  0.111E+02  0.101E+02  0.995E+01  0.914E+01  0.904E+01  0.879E+01  0.869E+01  0.834E+01  0.833E+01  0.794E+01  0.771E+01  0.768E+01  0.778E+01  0.803E+01  0.780E+01  0.793E+01  0.805E+01  0.867E+01  0.887E+01  0.933E+01  0.985E+01  0.107E+02  0.112E+02  0.121E+02  0.135E+02  0.140E+02  0.166E+02  0.175E+02  0.199E+02  0.209E+02  0.261E+02  0.302E+02  0.401E+02  0.602E+02  0.776E+02  0.105E+03  0.167E+03  0.279E+03  0.464E+03  0.451E+04  0.441E+03  0.244E+03  0.143E+03  0.882E+02
 -0.100E+01  0.182E+02  0.154E+02  0.140E+02  0.126E+02  0.111E+02  0.113E+02  0.101E+02  0.908E+01  0.881E+01  0.805E+01  0.806E+01  0.760E+01  0.750E+01  0.744E+01  0.745E+01  0.724E+01  0.726E+01  0.721E+01  0.688E+01  0.723E+01  0.722E+01  0.747E+01  0.764E+01  0.812E+01  0.829E+01  0.930E+01  0.929E+01  0.962E+01  0.108E+02  0.113E+02  0.121E+02  0.134E+02  0.154E+02  0.173E+02  0.181E+02  0.216E+02  0.262E+02  0.292E+02  0.381E+02  0.771E+02  0.719E+02  0.124E+03  0.155E+03  0.231E+03  0.441E+03  0.427E+04  0.435E+03  0.206E+03  0.136E+03
 -0.100E+01  0.172E+02  0.128E+02  0.139E+02  0.115E+02  0.103E+02  0.103E+02  0.981E+01  0.905E+01  0.806E+01  0.816E+01  0.768E+01  0.752E+01  0.731E+01  0.726E+01  0.708E+01  0.683E+01  0.676E+01  0.687E+01  0.689E+01  0.664E+01  0.659E+01  0.673E+01  0.688E+01  0.726E+01  0.760E+01  0.811E+01  0.818E+01  0.898E+01  0.941E+01  0.101E+02  0.102E+02  0.115E+02  0.120E+02  0.146E+02  0.164E+02  0.176E+02  0.203E+02  0.244E+02  0.280E+02  0.416E+02  0.674E+02  0.749E+02  0.105E+03  0.124E+03  0.244E+03  0.435E+03  0.402E+04  0.366E+03  0.260E+03
 -0.100E+01  0.168E+02  0.116E+02  0.116E+02  0.976E+01  0.903E+01  0.898E+01  0.818E+01  0.770E+01  0.686E+01  0.680E+01  0.658E+01  0.655E+01  0.625E+01  0.611E+01  0.608E+01  0.595E+01  0.608E+01  0.596E+01  0.582E+01  0.580E+01  0.576E+01  0.589E+01  0.619E+01  0.629E+01  0.662E+01  0.705E+01  0.711E+01  0.793E+01  0.816E+01  0.864E+01  0.888E+01  0.958E+01  0.102E+02  0.120E+02  0.137E+02  0.135E+02  0.160E+02  0.185E+02  0.222E+02  0.252E+02  0.327E+02  0.508E+02  0.549E+02  0.927E+02  0.143E+03  0.206E+03  0.366E+03  0.385E+04  0.410E+03
 -0.100E+01  0.134E+02  0.112E+02  0.113E+02  0.987E+01  0.910E+01  0.896E+01  0.804E+01  0.787E+01  0.710E+01  0.684E+01  0.667E+01  0.637E+01  0.632E+01  0.621E+01  0.593E+01  0.583E+01  0.573E+01  0.573E+01  0.577E+01  0.570E+01  0.559E+01  0.571E+01  0.560E+01  0.594E+01  0.589E+01  0.621E+01  0.643E+01  0.673E+01  0.768E+01  0.750E+01  0.808E+01  0.876E+01  0.956E+01  0.105E+02  0.111E+02  0.118E+02  0.136E+02  0.155E+02  0.166E+02  0.195E+02  0.226E+02  0.331E+02  0.481E+02  0.644E+02  0.882E+02  0.136E+03  0.260E+03  0.410E+03  0.371E+04
# WiggleZ jan11 covariance: 11-hr region, 0.5 < z < 0.7
 -0.100E+01 -0.100E+01 -0.100E+01 -0.100E+01 -0.100E+01 -0.100E+01 -0.100E+01 -0.100E+01 -0.100E+01 -0.100E+01 -0.100E+01 -0.100E+01 -0.100E+01 -0.100E+01 -0.100E+01 -0.100E+01 -0.100E+01 -0.100E+01 -0.100E+01 -0.100E+01 -0.100E+01 -0.100E+01 -0.100E+01 -0.100E+01 -0.100E+01 -0.100E+01 -0.100E+01 -0.100E+01 -0.100E+01 -0.100E+01 -0.100E+01 -0.100E+01 -0.100E+01 -0.100E+01 -0.100E+01 -0.100E+01 -0.100E+01 -0.100E+01 -0.100E+01 -0.100E+01 -0.100E+01 -0.100E+01 -0.100E+01 -0.100E+01 -0.100E+01 -0.100E+01 -0.100E+01 -0.100E+01 -0.100E+01 -0.100E+01
 -0.100E+01  0.256E+09  0.132E+08  0.446E+07  0.243E+07  0.681E+06  0.309E+06  0.155E+06  0.106E+06  0.598E+05  0.287E+05  0.317E+05  0.239E+05  0.169E+05  0.910E+04  0.918E+04  0.501E+04  0.457E+04  0.323E+04  0.261E+04  0.157E+04  0.124E+04  0.944E+03  0.640E+03  0.705E+03  0.364E+03  0.331E+03  0.232E+03  0.218E+03  0.138E+03  0.156E+03  0.125E+03  0.128E+03  0.141E+03  0.956E+02  0.116E+03  0.817E+02  0.845E+02  0.505E+02  0.733E+02  0.450E+02  0.490E+02  0.419E+02  0.381E+02  0.389E+02  0.310E+02  0.263E+02  0.279E+02  0.256E+02  0.189E+02
 -0.100E+01  0.132E+08  0.469E+08  0.400E+07  0.150E+07  0.531E+06  0.407E+06  0.127E+06  0.706E+05  0.458E+05  0.226E+05  0.236E+05  0.158E+05  0.125E+05  0.594E+04  0.598E+04  0.417E+04  0.332E+04  0.211E+04  0.181E+04  0.123E+04  0.742E+03  0.798E+03  0.506E+03  0.502E+03  0.278E+03  0.245E+03  0.183E+03  0.170E+03  0.114E+03  0.107E+03  0.971E+02  0.898E+02  0.893E+02  0.642E+02  0.803E+02  0.597E+02  0.636E+02  0.438E+02  0.551E+02  0.394E+02  0.359E+02  0.283E+02  0.294E+02  0.273E+02  0.228E+02  0.205E+02  0.190E+02  0.206E+02  0.140E+02
 -0.100E+01  0.446E+07  0.400E+07  0.266E+08  0.159E+07  0.955E+06  0.285E+06  0.226E+06  0.717E+05  0.457E+05  0.240E+05  0.223E+05  0.153E+05  0.109E+05  0.637E+04  0.603E+04  0.435E+04  0.327E+04  0.218E+04  0.180E+04  0.133E+04  0.745E+03  0.764E+03  0.474E+03  0.468E+03  0.274E+03  0.254E+03  0.191E+03  0.158E+03  0.116E+03  0.105E+03  0.101E+03  0.865E+02  0.922E+02  0.638E+02  0.821E+02  0.540E+02  0.634E+02  0.417E+02  0.514E+02  0.377E+02  0.367E+02  0.307E+02  0.278E+02  0.259E+02  0.198E+02  0.218E+02  0.176E+02  0.183E+02  0.142E+02
 -0.100E+01  0.243E+07  0.150E+07  0.159E+07  0.881E+07  0.879E+06  0.514E+06  0.176E+06  0.835E+05  0.422E+05  0.244E+05  0.187E+05  0.122E+05  0.875E+04  0.598E+04  0.482E+04  0.331E+04  0.257E+04  0.200E+04  0.145E+04  0.109E+04  0.706E+03  0.692E+03  0.419E+03  0.402E+03  0.247E+03  0.222E+03  0.159E+03  0.146E+03  0.107E+03  0.922E+02  0.894E+02  0.683E+02  0.785E+02  0.558E+02  0.681E+02  0.477E+02  0.517E+02  0.363E+02  0.432E+02  0.335E+02  0.318E+02  0.247E+02  0.248E+02  0.227E+02  0.178E+02  0.189E+02  0.155E+02  0.165E+02  0.125E+02
 -0.100E+01  0.681E+06  0.531E+06  0.955E+06  0.879E+06  0.525E+07  0.518E+06  0.262E+06  0.881E+05  0.556E+05  0.247E+05  0.166E+05  0.113E+05  0.797E+04  0.503E+04  0.433E+04  0.300E+04  0.234E+04  0.185E+04  0.132E+04  0.965E+03  0.685E+03  0.596E+03  0.389E+03  0.370E+03  0.242E+03  0.203E+03  0.153E+03  0.131E+03  0.103E+03  0.866E+02  0.798E+02  0.641E+02  0.675E+02  0.502E+02  0.586E+02  0.428E+02  0.436E+02  0.322E+02  0.376E+02  0.296E+02  0.284E+02  0.230E+02  0.208E+02  0.214E+02  0.160E+02  0.165E+02  0.139E+02  0.146E+02  0.110E+02
 -0.100E+01  0.309E+06  0.407E+06  0.285E+06  0.514E+06  0.518E+06  0.344E+07  0.341E+06  0.145E+06  0.503E+05  0.323E+05  0.209E+05  0.120E+05  0.775E+04  0.557E+04  0.445E+04  0.296E+04  0.219E+04  0.185E+04  0.132E+04  0.102E+04  0.692E+03  0.588E+03  0.401E+03  0.364E+03  0.265E+03  0.206E+03  0.160E+03  0.133E+03  0.111E+03  0.824E+02  0.832E+02  0.609E+02  0.640E+02  0.489E+02  0.548E+02  0.424E+02  0.415E+02  0.333E+02  0.354E+02  0.302E+02  0.278E+02  0.227E+02  0.210E+02  0.207E+02  0.158E+02  0.165E+02  0.134E+02  0.139E+02  0.109E+02
 -0.100E+01  0.155E+06  0.127E+06  0.226E+06  0.176E+06  0.262E+06  0.341E+06  0.173E+07  0.178E+06  0.756E+05  0.358E+05  0.232E+05  0.117E+05  0.749E+04  0.541E+04  0.398E+04  0.271E+04  0.208E+04  0.166E+04  0.123E+04  0.924E+03  0.662E+03  0.552E+03  0.381E+03  0.335E+03  0.249E+03  0.198E+03  0.156E+03  0.127E+03  0.104E+03  0.781E+02  0.767E+02  0.562E+02  0.595E+02  0.449E+02  0.481E+02  0.387E+02  0.360E+02  0.301E+02  0.306E+02  0.282E+02  0.247E+02  0.211E+02  0.194E+02  0.191E+02  0.144E+02  0.148E+02  0.129E+02  0.127E+02  0.101E+02
 -0.100E+01  0.106E+06  0.706E+05  0.717E+05  0.835E+05  0.881E+05  0.145E+06  0.178E+06  0.970E+06  0.107E+06  0.515E+05  0.239E+05  0.151E+05  0.887E+04  0.510E+04  0.361E+04  0.262E+04  0.191E+04  0.154E+04  0.113E+04  0.864E+03  0.643E+03  0.510E+03  0.386E+03  0.291E+03  0.250E+03  0.186E+03  0.155E+03  0.121E+03  0.994E+02  0.757E+02  0.707E+02  0.548E+02  0.536E+02  0.423E+02  0.417E+02  0.356E+02  0.323E+02  0.286E+02  0.272E+02  0.254E+02  0.220E+02  0.195E+02  0.175E+02  0.171E+02  0.134E+02  0.137E+02  0.120E+02  0.116E+02  0.977E+01
 -0.100E+01  0.598E+05  0.458E+05  0.457E+05  0.422E+05  0.556E+05  0.503E+05  0.756E+05  0.107E+06  0.642E+06  0.774E+05  0.341E+05  0.155E+05  0.108E+05  0.505E+04  0.354E+04  0.252E+04  0.186E+04  0.144E+04  0.107E+04  0.821E+03  0.621E+03  0.489E+03  0.369E+03  0.277E+03  0.233E+03  0.183E+03  0.149E+03  0.122E+03  0.950E+02  0.739E+02  0.680E+02  0.534E+02  0.485E+02  0.402E+02  0.367E+02  0.309E+02  0.289E+02  0.254E+02  0.244E+02  0.228E+02  0.198E+02  0.182E+02  0.160E+02  0.155E+02  0.124E+02  0.126E+02  0.111E+02  0.108E+02  0.938E+01
 -0.100E+01  0.287E+05  0.226E+05  0.240E+05  0.244E+05  0.247E+05  0.323E+05  0.358E+05  0.515E+05  0.774E+05  0.489E+06  0.487E+05  0.236E+05  0.123E+05  0.726E+04  0.387E+04  0.251E+04  0.182E+04  0.143E+04  0.106E+04  0.833E+03  0.628E+03  0.497E+03  0.371E+03  0.284E+03  0.249E+03  0.180E+03  0.152E+03  0.123E+03  0.976E+02  0.757E+02  0.683E+02  0.531E+02  0.485E+02  0.394E+02  0.356E+02  0.317E+02  0.274E+02  0.245E+02  0.227E+02  0.213E+02  0.187E+02  0.174E+02  0.152E+02  0.150E+02  0.122E+02  0.121E+02  0.107E+02  0.103E+02  0.883E+01
 -0.100E+01  0.317E+05  0.236E+05  0.223E+05  0.187E+05  0.166E+05  0.209E+05  0.232E+05  0.239E+05  0.341E+05  0.487E+05  0.315E+06  0.346E+05  0.174E+05  0.841E+04  0.568E+04  0.273E+04  0.191E+04  0.150E+04  0.105E+04  0.830E+03  0.626E+03  0.500E+03  0.386E+03  0.299E+03  0.247E+03  0.182E+03  0.152E+03  0.129E+03  0.102E+03  0.788E+02  0.682E+02  0.528E+02  0.474E+02  0.389E+02  0.365E+02  0.300E+02  0.264E+02  0.230E+02  0.223E+02  0.198E+02  0.182E+02  0.165E+02  0.150E+02  0.144E+02  0.114E+02  0.121E+02  0.104E+02  0.101E+02  0.856E+01
 -0.100E+01  0.239E+05  0.158E+05  0.153E+05  0.122E+05  0.113E+05  0.120E+05  0.117E+05  0.151E+05  0.155E+05  0.236E+05  0.346E+05  0.250E+06  0.247E+05  0.140E+05  0.640E+04  0.411E+04  0.212E+04  0.150E+04  0.107E+04  0.860E+03  0.624E+03  0.492E+03  0.390E+03  0.299E+03  0.259E+03  0.187E+03  0.159E+03  0.126E+03  0.102E+03  0.790E+02  0.695E+02  0.551E+02  0.481E+02  0.381E+02  0.348E+02  0.295E+02  0.254E+02  0.223E+02  0.208E+02  0.192E+02  0.169E+02  0.155E+02  0.145E+02  0.137E+02  0.112E+02  0.113E+02  0.995E+01  0.960E+01  0.838E+01
 -0.100E+01  0.169E+05  0.125E+05  0.109E+05  0.875E+04  0.797E+04  0.775E+04  0.749E+04  0.887E+04  0.108E+05  0.123E+05  0.174E+05  0.247E+05  0.182E+06  0.201E+05  0.105E+05  0.467E+04  0.325E+04  0.173E+04  0.116E+04  0.861E+03  0.674E+03  0.520E+03  0.400E+03  0.310E+03  0.258E+03  0.191E+03  0.160E+03  0.129E+03  0.101E+03  0.835E+02  0.704E+02  0.565E+02  0.486E+02  0.386E+02  0.352E+02  0.293E+02  0.250E+02  0.219E+02  0.201E+02  0.183E+02  0.164E+02  0.150E+02  0.139E+02  0.130E+02  0.110E+02  0.112E+02  0.960E+01  0.917E+01  0.826E+01
 -0.100E+01  0.910E+04  0.594E+04  0.637E+04  0.598E+04  0.503E+04  0.557E+04  0.541E+04  0.510E+04  0.505E+04  0.726E+04  0.841E+04  0.140E+05  0.201E+05  0.150E+06  0.142E+05  0.809E+04  0.370E+04  0.254E+04  0.129E+04  0.899E+03  0.715E+03  0.542E+03  0.412E+03  0.317E+03  0.264E+03  0.199E+03  0.171E+03  0.135E+03  0.109E+03  0.841E+02  0.728E+02  0.577E+02  0.506E+02  0.403E+02  0.348E+02  0.291E+02  0.254E+02  0.218E+02  0.196E+02  0.178E+02  0.161E+02  0.147E+02  0.136E+02  0.125E+02  0.110E+02  0.107E+02  0.954E+01  0.902E+01  0.823E+01
 -0.100E+01  0.918E+04  0.598E+04  0.603E+04  0.482E+04  0.433E+04  0.445E+04  0.398E+04  0.361E+04  0.354E+04  0.387E+04  0.568E+04  0.640E+04  0.105E+05  0.142E+05  0.107E+06  0.110E+05  0.592E+04  0.294E+04  0.190E+04  0.113E+04  0.738E+03  0.580E+03  0.436E+03  0.340E+03  0.269E+03  0.210E+03  0.173E+03  0.143E+03  0.112E+03  0.882E+02  0.741E+02  0.604E+02  0.533E+02  0.420E+02  0.371E+02  0.288E+02  0.256E+02  0.213E+02  0.196E+02  0.172E+02  0.157E+02  0.138E+02  0.129E+02  0.117E+02  0.104E+02  0.103E+02  0.928E+01  0.891E+01  0.781E+01
 -0.100E+01  0.501E+04  0.417E+04  0.435E+04  0.331E+04  0.300E+04  0.296E+04  0.271E+04  0.262E+04  0.252E+04  0.251E+04  0.273E+04  0.411E+04  0.467E+04  0.809E+04  0.110E+05  0.895E+05  0.890E+04  0.464E+04  0.234E+04  0.168E+04  0.878E+03  0.623E+03  0.456E+03  0.379E+03  0.283E+03  0.225E+03  0.182E+03  0.147E+03  0.119E+03  0.932E+02  0.777E+02  0.640E+02  0.556E+02  0.423E+02  0.370E+02  0.303E+02  0.261E+02  0.218E+02  0.197E+02  0.172E+02  0.155E+02  0.138E+02  0.128E+02  0.118E+02  0.103E+02  0.102E+02  0.900E+01  0.862E+01  0.786E+01
 -0.100E+01  0.457E+04  0.332E+04  0.327E+04  0.257E+04  0.234E+04  0.219E+04  0.208E+04  0.191E+04  0.186E+04  0.182E+04  0.191E+04  0.212E+04  0.325E+04  0.370E+04  0.592E+04  0.890E+04  0.751E+05  0.749E+04  0.356E+04  0.199E+04  0.130E+04  0.773E+03  0.504E+03  0.394E+03  0.312E+03  0.237E+03  0.191E+03  0.154E+03  0.124E+03  0.995E+02  0.848E+02  0.668E+02  0.540E+02  0.469E+02  0.400E+02  0.323E+02  0.273E+02  0.227E+02  0.203E+02  0.177E+02  0.159E+02  0.137E+02  0.125E+02  0.116E+02  0.101E+02  0.100E+02  0.886E+01  0.850E+01  0.766E+01
 -0.100E+01  0.323E+04  0.211E+04  0.218E+04  0.200E+04  0.185E+04  0.185E+04  0.166E+04  0.154E+04  0.144E+04  0.143E+04  0.150E+04  0.150E+04  0.173E+04  0.254E+04  0.294E+04  0.464E+04  0.749E+04  0.582E+05  0.614E+04  0.341E+04  0.161E+04  0.120E+04  0.605E+03  0.423E+03  0.327E+03  0.263E+03  0.208E+03  0.167E+03  0.136E+03  0.104E+03  0.868E+02  0.715E+02  0.574E+02  0.480E+02  0.418E+02  0.333E+02  0.282E+02  0.239E+02  0.204E+02  0.180E+02  0.156E+02  0.141E+02  0.125E+02  0.112E+02  0.982E+01  0.968E+01  0.855E+01  0.826E+01  0.736E+01
 -0.100E+01  0.261E+04  0.181E+04  0.180E+04  0.145E+04  0.132E+04  0.132E+04  0.123E+04  0.113E+04  0.107E+04  0.106E+04  0.105E+04  0.107E+04  0.116E+04  0.129E+04  0.190E+04  0.234E+04  0.356E+04  0.614E+04  0.511E+05  0.540E+04  0.254E+04  0.140E+04  0.813E+03  0.501E+03  0.346E+03  0.272E+03  0.224E+03  0.173E+03  0.140E+03  0.111E+03  0.950E+02  0.766E+02  0.638E+02  0.508E+02  0.433E+02  0.360E+02  0.295E+02  0.249E+02  0.219E+02  0.184E+02  0.160E+02  0.142E+02  0.126E+02  0.112E+02  0.979E+01  0.969E+01  0.841E+01  0.813E+01  0.743E+01
 -0.100E+01  0.157E+04  0.123E+04  0.133E+04  0.109E+04  0.965E+03  0.102E+04  0.924E+03  0.864E+03  0.821E+03  0.833E+03  0.830E+03  0.860E+03  0.861E+03  0.899E+03  0.113E+04  0.168E+04  0.199E+04  0.341E+04  0.540E+04  0.427E+05  0.434E+04  0.210E+04  0.122E+04  0.843E+03  0.439E+03  0.303E+03  0.241E+03  0.198E+03  0.160E+03  0.118E+03  0.988E+02  0.824E+02  0.698E+02  0.532E+02  0.464E+02  0.385E+02  0.320E+02  0.262E+02  0.230E+02  0.196E+02  0.166E+02  0.146E+02  0.130E+02  0.116E+02  0.100E+02  0.970E+01  0.837E+01  0.803E+01  0.727E+01
 -0.100E+01  0.124E+04  0.742E+03  0.745E+03  0.706E+03  0.685E+03  0.692E+03  0.662E+03  0.643E+03  0.621E+03  0.628E+03  0.626E+03  0.624E+03  0.674E+03  0.715E+03  0.738E+03  0.878E+03  0.130E+04  0.161E+04  0.254E+04  0.434E+04  0.378E+05  0.379E+04  0.188E+04  0.101E+04  0.619E+03  0.368E+03  0.269E+03  0.213E+03  0.173E+03  0.127E+03  0.110E+03  0.897E+02  0.713E+02  0.593E+02  0.506E+02  0.409E+02  0.318E+02  0.282E+02  0.236E+02  0.210E+02  0.175E+02  0.151E+02  0.133E+02  0.116E+02  0.100E+02  0.939E+01  0.841E+01  0.781E+01  0.730E+01
